# F_set      Vpp_set   F0           Vpp0   OVL0 RNG0  F1           Vpp1   OVL1 RNG1
1.000000e+03 0.196078  9.999915e+02 0.985890 0 1e+00  9.999914e+02 0.193206 0 1e+00
1.086477e+03 0.196078  1.086449e+03 0.985846 0 1e+00  1.086449e+03 0.193161 0 2e-01
1.180433e+03 0.196078  1.180424e+03 0.985910 0 1e+00  1.180424e+03 0.193167 0 2e-01
1.282513e+03 0.196078  1.282484e+03 0.985626 0 1e+00  1.282484e+03 0.193111 0 2e-01
1.393421e+03 0.196078  1.393384e+03 0.985708 0 1e+00  1.393385e+03 0.193119 0 2e-01
1.513920e+03 0.196078  1.513897e+03 0.985498 0 1e+00  1.513897e+03 0.193074 0 2e-01
1.644840e+03 0.196078  1.644820e+03 0.985418 0 1e+00  1.644820e+03 0.193049 0 2e-01
1.787081e+03 0.196078  1.787046e+03 0.985576 0 1e+00  1.787046e+03 0.193077 0 2e-01
1.941623e+03 0.196078  1.941618e+03 0.985422 0 1e+00  1.941618e+03 0.193035 0 2e-01
2.109529e+03 0.196078  2.109474e+03 0.985444 0 1e+00  2.109474e+03 0.193041 0 2e-01
2.291955e+03 0.196078  2.291901e+03 0.985392 0 1e+00  2.291901e+03 0.193015 0 2e-01
2.490156e+03 0.196078  2.490101e+03 0.985346 0 1e+00  2.490101e+03 0.193001 0 2e-01
2.705498e+03 0.196078  2.705430e+03 0.985472 0 1e+00  2.705430e+03 0.193013 0 2e-01
2.939462e+03 0.196078  2.939471e+03 0.985434 0 1e+00  2.939471e+03 0.193000 0 2e-01
3.193658e+03 0.196078  3.193606e+03 0.985206 0 1e+00  3.193606e+03 0.192932 0 2e-01
3.469836e+03 0.196078  3.469763e+03 0.985274 0 1e+00  3.469762e+03 0.192930 0 2e-01
3.769898e+03 0.196078  3.769793e+03 0.985382 0 1e+00  3.769793e+03 0.192932 0 2e-01
4.095908e+03 0.196078  4.095833e+03 0.985538 0 1e+00  4.095833e+03 0.192938 0 2e-01
4.450111e+03 0.196078  4.450123e+03 0.985642 0 1e+00  4.450123e+03 0.192943 0 2e-01
4.834943e+03 0.196078  4.834857e+03 0.985864 0 1e+00  4.834857e+03 0.192966 0 2e-01
5.253056e+03 0.196078  5.253017e+03 0.985914 0 1e+00  5.253015e+03 0.192943 0 2e-01
5.707325e+03 0.196078  5.707340e+03 0.986076 0 1e+00  5.707341e+03 0.192957 0 2e-01
6.200878e+03 0.196078  6.200773e+03 0.986304 0 1e+00  6.200775e+03 0.192959 0 2e-01
6.737112e+03 0.196078  6.736938e+03 0.986594 0 1e+00  6.736939e+03 0.192971 0 2e-01
7.319719e+03 0.196078  7.319730e+03 0.986380 0 1e+00  7.319729e+03 0.192876 0 2e-01
7.952707e+03 0.196078  7.952511e+03 0.987082 0 1e+00  7.952493e+03 0.192925 0 2e-01
8.640435e+03 0.196078  8.640211e+03 0.987706 0 1e+00  8.640212e+03 0.193031 0 2e-01
9.387635e+03 0.196078  9.387391e+03 0.988190 0 1e+00  9.387388e+03 0.193043 0 2e-01
1.019945e+04 0.196078  1.019944e+04 0.988740 0 1e+00  1.019944e+04 0.193091 0 2e-01
1.108147e+04 0.196078  1.108146e+04 0.989462 0 1e+00  1.108146e+04 0.193121 0 2e-01
1.203976e+04 0.196078  1.203947e+04 0.990132 0 1e+00  1.203946e+04 0.193160 0 2e-01
1.308093e+04 0.196078  1.308061e+04 0.991102 0 1e+00  1.308061e+04 0.193221 0 2e-01
1.421213e+04 0.196078  1.421188e+04 0.991936 0 1e+00  1.421189e+04 0.193227 0 2e-01
1.544116e+04 0.196078  1.544099e+04 0.992838 0 1e+00  1.544100e+04 0.193210 0 2e-01
1.677646e+04 0.196078  1.677652e+04 0.993784 0 1e+00  1.677652e+04 0.193160 0 2e-01
1.822724e+04 0.196078  1.822715e+04 0.995128 0 1e+00  1.822716e+04 0.193160 0 2e-01
1.980348e+04 0.196078  1.980341e+04 0.996408 0 1e+00  1.980341e+04 0.193080 0 2e-01
2.151603e+04 0.196078  2.151581e+04 0.998220 0 1e+00  2.151581e+04 0.193080 0 2e-01
2.337668e+04 0.196078  2.337669e+04 1.000344 0 1e+00  2.337670e+04 0.193105 0 2e-01
2.539823e+04 0.196078  2.539829e+04 1.001470 0 2e+00  2.539827e+04 0.193131 0 2e-01
2.759459e+04 0.196078  2.759469e+04 1.004112 0 2e+00  2.759467e+04 0.193125 0 2e-01
2.998090e+04 0.196078  2.998095e+04 1.007216 0 2e+00  2.998093e+04 0.193077 0 2e-01
3.257356e+04 0.196078  3.257284e+04 1.010994 0 2e+00  3.257288e+04 0.193199 0 2e-01
3.539043e+04 0.196078  3.539036e+04 1.014892 0 2e+00  3.539035e+04 0.193162 0 2e-01
3.845089e+04 0.196078  3.845009e+04 1.020134 0 2e+00  3.845009e+04 0.193184 0 2e-01
4.177601e+04 0.196078  4.177520e+04 1.025976 0 2e+00  4.177524e+04 0.193233 0 2e-01
4.538868e+04 0.196078  4.538771e+04 1.032708 0 2e+00  4.538767e+04 0.193243 0 2e-01
4.931377e+04 0.196078  4.931256e+04 1.040662 0 2e+00  4.931256e+04 0.193280 0 2e-01
5.357828e+04 0.196078  5.357770e+04 1.049926 0 2e+00  5.357758e+04 0.193293 0 2e-01
5.821158e+04 0.196078  5.821187e+04 1.060804 0 2e+00  5.821202e+04 0.193488 0 2e-01
6.324555e+04 0.196078  6.324428e+04 1.072904 0 2e+00  6.324443e+04 0.193383 0 2e-01
6.871485e+04 0.196078  6.871341e+04 1.087798 0 2e+00  6.871345e+04 0.193457 0 2e-01
7.465711e+04 0.196078  7.465568e+04 1.104644 0 2e+00  7.465580e+04 0.193378 0 2e-01
8.111325e+04 0.196078  8.111152e+04 1.124568 0 2e+00  8.111152e+04 0.193457 0 2e-01
8.812769e+04 0.196078  8.812671e+04 1.146418 0 2e+00  8.812615e+04 0.193418 0 2e-01
9.574872e+04 0.196078  9.574652e+04 1.173468 0 2e+00  9.574653e+04 0.193508 0 2e-01
1.040288e+05 0.196078  1.040292e+05 1.203534 0 2e+00  1.040289e+05 0.193487 0 2e-01
1.130249e+05 0.196078  1.130235e+05 1.237572 0 2e+00  1.130230e+05 0.193493 0 2e-01
1.227990e+05 0.196078  1.227961e+05 1.275880 0 2e+00  1.227965e+05 0.193464 0 2e-01
1.334183e+05 0.196078  1.334149e+05 1.318758 0 2e+00  1.334150e+05 0.193528 0 2e-01
1.449559e+05 0.196078  1.449577e+05 1.363558 0 2e+00  1.449559e+05 0.193547 0 2e-01
1.574913e+05 0.196078  1.574910e+05 1.412140 0 2e+00  1.574917e+05 0.193533 0 2e-01
1.711107e+05 0.196078  1.711095e+05 1.460230 0 2e+00  1.711109e+05 0.193600 0 2e-01
1.859079e+05 0.196078  1.859046e+05 1.501790 0 2e+00  1.859033e+05 0.193576 0 2e-01
2.019847e+05 0.196078  2.019853e+05 1.532266 0 2e+00  2.019833e+05 0.193685 0 2e-01
2.194517e+05 0.196078  2.194521e+05 1.544046 0 2e+00  2.194485e+05 0.193617 0 2e-01
2.384293e+05 0.196078  2.384335e+05 1.528642 0 2e+00  2.384279e+05 0.193589 0 2e-01
2.590480e+05 0.196078  2.590499e+05 1.484174 0 2e+00  2.590464e+05 0.193541 0 2e-01
2.814497e+05 0.196078  2.814478e+05 1.405062 0 2e+00  2.814494e+05 0.193554 0 2e-01
3.057887e+05 0.196078  3.057889e+05 1.302190 0 2e+00  3.057814e+05 0.193519 0 2e-01
3.322324e+05 0.196078  3.322326e+05 1.183984 0 2e+00  3.322255e+05 0.193491 0 2e-01
3.609629e+05 0.196078  3.609556e+05 1.062394 0 2e+00  3.609640e+05 0.193445 0 2e-01
3.921780e+05 0.196078  3.921743e+05 0.943058 0 2e+00  3.921764e+05 0.193368 0 2e-01
4.260924e+05 0.196078  4.260925e+05 0.843764 0 1e+00  4.260823e+05 0.193388 0 2e-01
4.629397e+05 0.196078  4.629379e+05 0.741418 0 1e+00  4.629312e+05 0.193301 0 2e-01
5.029734e+05 0.196078  5.029623e+05 0.650372 0 1e+00  5.029752e+05 0.193135 0 2e-01
5.464691e+05 0.196078  5.464669e+05 0.569550 0 1e+00  5.464607e+05 0.193115 0 2e-01
5.937262e+05 0.196078  5.937114e+05 0.499906 0 1e+00  5.937272e+05 0.192947 0 2e-01
6.450699e+05 0.196078  6.450673e+05 0.437164 0 5e-01  6.450608e+05 0.192824 0 2e-01
7.008537e+05 0.196078  7.008403e+05 0.385264 0 5e-01  7.008566e+05 0.192531 0 2e-01
7.614616e+05 0.196078  7.614443e+05 0.337882 0 5e-01  7.614547e+05 0.192371 0 2e-01
8.273106e+05 0.196078  8.273112e+05 0.297886 0 5e-01  8.272880e+05 0.192196 0 2e-01
8.988541e+05 0.196078  8.988491e+05 0.263046 0 5e-01  8.988319e+05 0.191926 0 2e-01
9.765844e+05 0.196078  9.765840e+05 0.232650 0 5e-01  9.765740e+05 0.191601 0 2e-01
1.061037e+06 0.196078  1.061007e+06 0.206962 0 5e-01  1.061040e+06 0.190910 0 2e-01
1.152792e+06 0.196078  1.152759e+06 0.183753 0 5e-01  1.152792e+06 0.190502 0 2e-01
1.252482e+06 0.196078  1.252478e+06 0.163255 0 2e-01  1.252450e+06 0.190017 0 2e-01
1.360793e+06 0.196078  1.360802e+06 0.145624 0 2e-01  1.360764e+06 0.189368 0 2e-01
1.478471e+06 0.196078  1.478474e+06 0.130330 0 2e-01  1.478465e+06 0.188418 0 2e-01
1.606325e+06 0.196078  1.606310e+06 0.116701 0 2e-01  1.606287e+06 0.187573 0 2e-01
1.745235e+06 0.196078  1.745201e+06 0.104810 0 2e-01  1.745254e+06 0.186120 0 2e-01
1.896158e+06 0.196078  1.896134e+06 0.094343 0 2e-01  1.896136e+06 0.184902 0 2e-01
2.060133e+06 0.196078  2.060117e+06 0.084397 0 1e-01  2.060148e+06 0.183380 0 2e-01
2.238287e+06 0.196078  2.238279e+06 0.076200 0 1e-01  2.238223e+06 0.181467 0 2e-01
2.431848e+06 0.196078  2.431772e+06 0.068438 0 1e-01  2.431850e+06 0.179524 0 2e-01
2.642147e+06 0.196078  2.642157e+06 0.061673 0 1e-01  2.642059e+06 0.177070 0 2e-01
2.870632e+06 0.196078  2.870657e+06 0.055386 0 1e-01  2.870542e+06 0.174698 0 2e-01
3.118877e+06 0.196078  3.118759e+06 0.049869 0 1e-01  3.118876e+06 0.170791 0 2e-01
3.388588e+06 0.196078  3.388646e+06 0.043926 0 5e-02  3.388429e+06 0.167919 0 2e-01
3.681624e+06 0.196078  3.681631e+06 0.039891 0 1e-01  3.681436e+06 0.167781 0 5e-01
4.000000e+06 0.196078  3.999716e+06 0.034824 0 5e-02  4.000062e+06 0.159109 0 2e-01
