# freq [Hz]  noise density [V^2/Hz]
1.4285714286 3.463095847e-10
4.2857142857 1.5396135869999998e-13
5.7142857143 1.5776665918e-13
7.1428571429 1.16957545473e-13
8.5714285714 7.4215558857e-14
10.0 4.593542876999999e-14
11.428571429 2.6500011843e-14
12.857142857 5.253253423999999e-14
14.285714286 3.6434095637e-14
15.714285714 2.3314629804600003e-14
17.142857143 2.5122080326999997e-14
18.571428571 1.56246163989e-14
20.0 3.2409142266999996e-14
21.428571429 1.9311958339999996e-14
22.857142857 2.5705795421999997e-14
24.285714286 2.4387421877e-14
25.714285714 2.7909448074999994e-14
27.142857143 2.09904747342e-14
28.571428571 1.0666633263e-14
30.0 1.3367643063000004e-14
31.428571429 1.3993694034999999e-14
32.857142857 9.112441272600001e-15
34.285714286 1.2168878742399999e-14
35.714285714 1.8609024729000002e-14
37.142857143 1.6275986273e-14
38.571428571 1.9395359783e-14
40.0 1.2193801662900001e-14
41.428571429 1.8085577977000006e-14
42.857142857 1.7618664724599998e-14
44.285714286 1.2770191184999998e-14
45.714285714 9.871479073199999e-15
47.142857143 8.6514964428e-15
48.571428571 1.2933586287999999e-14
50.0 3.19665635827e-14
51.428571429 1.2255098036e-14
52.857142857 8.6406338009e-15
54.285714286 7.88174144e-15
55.714285714 4.520173695e-15
57.142857143 8.107283736000001e-15
58.571428571 3.98566739498e-15
60.0 6.0277077872e-13
61.428571429 9.094218962e-15
62.857142857 6.503594967199999e-15
64.285714286 1.2845152756749998e-14
65.714285714 6.5019907204999994e-15
67.142857143 9.945286796800001e-15
68.571428571 1.429543996e-13
70.0 1.9959124328999998e-14
71.428571429 7.9031563011e-15
72.857142857 7.349065729900002e-15
74.285714286 5.549227118000001e-15
75.714285714 7.079920606500001e-15
77.142857143 4.4707855412000005e-15
78.571428571 3.5798970557e-15
80.0 5.4406593844e-15
81.428571429 5.855033399999999e-15
82.857142857 6.741919676e-15
84.285714286 6.95880760957e-15
85.714285714 8.700480048e-15
87.142857143 8.375072829000002e-15
88.571428571 2.5796455388999998e-15
90.0 3.3514643304999996e-15
91.428571429 7.510119248000001e-15
92.857142857 4.4661293082e-15
94.285714286 9.154557899799999e-15
95.714285714 4.3189911208000006e-15
97.142857143 3.4344449931e-15
99.285714286 1.3213568940999999e-14
102.14285714 4.592705134e-15
105.0 3.4732409658999994e-15
107.85714286 3.8742238979999995e-15
110.71428571 4.993838056999999e-15
113.57142857 3.967406227e-15
116.42857143 4.2056035799e-15
119.28571429 1.7672601164e-13
122.14285714 4.9353391476e-15
125.0 4.8500492995e-15
127.85714286 2.5824641595e-15
130.71428571 3.6908670269999995e-15
133.57142857 3.045209331e-15
136.42857143 4.3610491663000005e-15
139.28571429 4.0187445881e-15
142.14285714 3.817246068999999e-15
145.0 4.5767956574e-15
147.85714286 4.8814792693e-15
150.71428571 7.416790111800001e-15
153.57142857 4.2901843138e-15
156.42857143 4.193401097e-15
159.28571429 4.46461899e-15
162.14285714 3.935484159600001e-15
165.0 3.5312519999999996e-15
167.85714286 2.7793790963e-15
170.71428571 3.5910778846e-15
173.57142857 4.9107688660000004e-15
176.42857143 3.0821511121000006e-15
179.28571429 9.937036584999999e-14
182.14285714 2.7802726742000004e-15
185.0 3.752364368e-15
187.85714286 3.4371931872999997e-15
190.71428571 2.7227802438e-15
193.57142857 3.4220213180000003e-15
197.14285714 2.4732009490000003e-15
201.42857143 3.5596280351e-15
205.71428571 5.342417876e-15
210.0 4.0733801306999996e-15
214.28571429 3.056888513e-15
218.57142857 2.2243417241000003e-15
222.85714286 3.2962242570000004e-15
227.14285714 2.560957255e-15
231.42857143 3.1747467330000005e-15
235.71428571 3.3168402227e-15
240.0 9.74320771e-14
244.28571429 3.033635855e-15
248.57142857 4.358134412e-15
252.85714286 3.668824771999999e-15
257.14285714 2.0928791739e-15
261.42857143 2.5887185314e-15
265.71428571 2.1394243267e-15
270.0 2.7544543877000003e-15
274.28571429 2.046836318e-15
278.57142857 2.652096272e-15
282.85714286 3.5311256292e-15
287.14285714 3.1494591455e-15
291.42857143 2.8603349029999997e-15
296.42857143 3.039174179e-15
302.14285714 4.973673569e-14
307.85714286 3.3701946679999994e-15
313.57142857 2.550637248e-15
319.28571429 2.2124965909000005e-15
325.0 3.055024033e-15
330.71428571 2.9159153990000008e-15
336.42857143 2.3809073447e-15
342.14285714 3.610704515e-15
347.85714286 3.0806353865000004e-15
353.57142857 2.5842710300000003e-15
359.28571429 3.257342537e-14
365.0 2.620118351e-15
370.71428571 2.0817161849999997e-15
376.42857143 2.968718548e-15
382.14285714 2.897562692e-15
387.85714286 2.2543107624e-15
394.28571429 2.3252217199999996e-15
401.42857143 2.3169023428999996e-15
408.57142857 2.7430802312e-15
415.71428571 2.219488509e-15
422.85714286 2.579525117e-14
430.0 2.0320582239999997e-15
437.14285714 2.164038327e-15
444.28571429 2.5866585104e-15
451.42857143 3.054643629e-15
458.57142857 2.095050755e-15
465.71428571 2.669448458e-15
472.85714286 2.176007795e-15
480.0 2.2504903864e-14
487.85714286 2.6241828001999998e-15
496.42857143 2.266909106e-15
505.0 1.6359312403e-15
513.57142857 2.123401071e-15
522.14285714 2.0806674762e-15
530.71428571 2.7165778779999994e-15
539.28571429 1.3122436806000002e-14
547.85714286 2.746203721e-15
556.42857143 1.87240737e-15
565.0 2.483674435e-15
573.57142857 2.1390952170000003e-15
582.14285714 2.221447391e-15
591.42857143 2.2967621889999996e-15
601.42857143 1.0132434465e-14
611.42857143 2.140774445e-15
621.42857143 2.0289363652e-15
631.42857143 1.9883370892000004e-15
641.42857143 1.892286471e-15
651.42857143 1.5751886795999999e-15
661.42857143 5.612329056e-15
671.42857143 1.8229519502e-15
682.14285714 1.9356493950000003e-15
693.57142857 2.0174524758e-15
705.0 2.052697506e-15
716.42857143 5.185824782e-15
727.85714286 1.8757396985999995e-15
739.28571429 1.8270287555e-15
750.71428571 2.169852997e-15
762.14285714 2.087343803e-15
773.57142857 2.1654182142000003e-15
785.71428571 3.776808424e-15
798.57142857 2.055040669e-15
811.42857143 2.0455733959999995e-15
824.28571429 2.0051645957999996e-15
837.14285714 2.9208102549999998e-15
850.0 2.427234841e-15
862.85714286 2.0421317629999998e-15
876.42857143 2.116675696e-15
890.71428571 2.1221185610000004e-15
905.0 2.4072683589999998e-15
919.28571429 1.810084652e-15
933.57142857 1.826925938e-15
947.85714286 1.8161787220000003e-15
962.14285714 2.285138244e-15
977.14285714 2.003346046e-15
992.85714286 1.742049366e-15
1008.5714286 1.7475051122000001e-15
1024.2857143 1.8995116930000002e-15
1040.0 1.6105339378e-15
1055.7142857 1.7014528852e-15
1072.1428571 1.856982264e-15
1089.2857143 1.78071667e-15
1106.4285714 1.7981904005000002e-15
1123.5714286 1.8462074340000002e-15
1140.7142857 1.784163708e-15
1157.8571429 1.8400001321e-15
1175.7142857 1.604613764e-15
1194.2857143 1.956950046e-15
1212.8571429 1.5891647286000002e-15
1231.4285714 1.4951484046000003e-15
1250.0 1.4511205917e-15
1269.2857143 1.963034165e-15
1289.2857143 1.8171675434e-15
1309.2857143 1.3958880949999998e-15
1329.2857143 1.8838349673e-15
1349.2857143 1.5564593173e-15
1370.0 1.9654055422000003e-15
1391.4285714 1.607863156e-15
1412.8571429 1.2654220583e-15
1434.2857143 1.587342427e-15
1455.7142857 1.3657613553999999e-15
1477.8571429 1.6821789140000001e-15
1500.7142857 1.7379629779999998e-15
1523.5714286 1.2020769422999999e-15
1546.4285714 1.3654086657999999e-15
1570.0 1.3483125037e-15
1594.2857143 1.307296165e-15
1618.5714286 1.3005712989e-15
1642.8571429 1.3679966701999997e-15
1667.8571429 1.4795008616e-15
1693.5714286 1.2738441898999999e-15
1719.2857143 1.3164287767999997e-15
1745.0 1.2675251767000004e-15
1771.4285714 1.2437633158e-15
1798.5714286 1.2087366968e-15
1825.7142857 1.3880046380000002e-15
1853.5714286 1.5846568480000003e-15
1882.1428571 1.2734613662e-15
1910.7142857 1.2293293068e-15
1939.2857143 1.2551258746e-15
1968.5714286 1.2716641259999998e-15
1998.5714286 1.1672841000000002e-15
2028.5714286 1.2621915968e-15
2059.2857143 1.1880567276e-15
2090.7142857 1.0240819204e-15
2122.1428571 1.1750775248000001e-15
2154.2857143 1.2030550299000002e-15
2187.1428571 1.0591670389e-15
2220.0 1.1539329430000002e-15
2253.5714286 1.0462522362e-15
2287.8571429 9.316521187e-16
2322.1428571 1.0887723759e-15
2357.1428571 1.036583659e-15
2392.8571429 1.0555168132e-15
2429.2857143 9.500199353999998e-16
2466.4285714 9.450464863999998e-16
2503.5714286 1.0153913976999998e-15
2541.4285714 1.0419247714e-15
2580.0 9.310500183e-16
2618.5714286 9.186801239999998e-16
2657.8571429 9.134724026999999e-16
2697.8571429 8.863230649000001e-16
2738.5714286 8.274300640999999e-16
2780.0 8.699779954e-16
2822.1428571 9.563481817e-16
2865.0 8.159524717e-16
2907.8571429 8.614584011999999e-16
2951.4285714 8.72380118e-16
2995.7142857 8.578452553999999e-16
3040.7142857 8.062931253e-16
3086.4285714 7.852936988999999e-16
3132.8571429 8.4034119e-16
3180.0 8.296578065e-16
3227.8571429 7.98467798e-16
3276.4285714 7.672433349e-16
3325.7142857 7.785553324000001e-16
3375.7142857 7.744569881e-16
3426.4285714 8.133760279000001e-16
3477.8571429 7.804049438999999e-16
3530.0 7.942716592999999e-16
3582.8571429 7.991657107999998e-16
3636.4285714 6.561470511e-16
3691.4285714 7.733874874e-16
3747.1428571 8.077005423e-16
3803.5714286 7.217505510999999e-16
3860.7142857 6.498527679e-16
3918.5714286 6.727047640000001e-16
3977.1428571 7.019044016000001e-16
4036.4285714 6.792044261999999e-16
4097.1428571 6.519822273000001e-16
4158.5714286 6.601228339e-16
4220.7142857 6.466169288e-16
4284.2857143 6.758935885000001e-16
4348.5714286 6.302350057e-16
4413.5714286 6.310838713e-16
4480.0 6.629460544999999e-16
4547.1428571 6.114827682e-16
4615.0 6.198581783999999e-16
4684.2857143 6.598844671e-16
4754.2857143 6.174809190999999e-16
4825.0 6.073370983000001e-16
4897.1428571 5.922145338e-16
4970.7142857 6.061264207000001e-16
5045.0 6.586002106000001e-16
5120.0 5.828591044e-16
5196.4285714 5.926923593000001e-16
5274.2857143 6.280451425e-16
5353.5714286 5.568228953e-16
5433.5714286 5.803393664e-16
5514.2857143 6.115706835e-16
5596.4285714 5.746881926e-16
5680.0 5.812217191999999e-16
5765.0 5.585274839e-16
5851.4285714 5.225359514e-16
5939.2857143 5.555701139999999e-16
6028.5714286 5.993882197e-16
6119.2857143 5.316732909e-16
6210.7142857 5.395538945e-16
6302.8571429 5.5971933e-16
6396.4285714 5.497981811e-16
6491.4285714 5.30333416e-16
6587.8571429 5.042342954e-16
6685.7142857 5.147336339e-16
6785.0 5.486524782999999e-16
6885.7142857 5.613693014999999e-16
6987.8571429 5.221447063e-16
7092.1428571 5.032020667000001e-16
7198.5714286 4.739913957e-16
7306.4285714 5.31361625e-16
7415.7142857 5.301443546e-16
7526.4285714 4.866523716e-16
7638.5714286 4.918477025e-16
7752.1428571 4.986633178e-16
7867.8571429 5.092270450000001e-16
7985.7142857 5.191285567e-16
8105.0 4.915118910999999e-16
8225.7142857 4.924066087e-16
8347.8571429 4.916529436e-16
8472.1428571 4.892378393000001e-16
8598.5714286 4.781294811999999e-16
8726.4285714 4.590268055e-16
8856.4285714 4.772301543999999e-16
8988.5714286 4.867313125999999e-16
9122.1428571 4.732853419999999e-16
9257.8571429 4.777915652e-16
9395.7142857 4.791190341e-16
9535.7142857 4.992110124e-16
9677.8571429 5.019927407e-16
9822.1428571 4.794865587999999e-16
9968.5714286 4.828166894e-16
10117.142857 4.864699293999999e-16
10267.857143 4.667628344000001e-16
10420.714286 4.902241694e-16
10575.714286 4.945007087e-16
10732.857143 4.652239552999999e-16
10892.857143 4.624090185e-16
11055.0 4.643381187999999e-16
11219.285714 4.523472103e-16
11386.428571 4.785045777e-16
11556.428571 4.492017503e-16
11728.571429 4.4335110129999987e-16
11902.857143 4.759923968000001e-16
12080.0 4.703111043999999e-16
12260.0 4.664492293e-16
12442.857143 4.525066123e-16
12628.571429 4.655286626999999e-16
12817.142857 4.509050219000001e-16
13007.857143 4.624667507000001e-16
13200.714286 4.445510383e-16
13396.428571 4.750415970000001e-16
13595.714286 4.532922402e-16
13798.571429 4.612223619000001e-16
14004.285714 4.502130507999999e-16
14212.857143 4.400049707e-16
14424.285714 4.345589475e-16
14638.571429 4.3151202170000005e-16
14856.428571 4.3076493200000006e-16
15077.857143 4.506714749000001e-16
15302.142857 4.662874428000001e-16
15529.285714 4.43653223e-16
15760.0 4.3431154010000007e-16
15994.285714 4.479033191000001e-16
16232.142857 4.601135234e-16
16473.571429 4.371958915e-16
16718.571429 4.356634005000001e-16
16967.142857 4.479851171e-16
17219.285714 4.465279103e-16
17475.0 4.2674826300000006e-16
17734.285714 4.464593752e-16
17997.857143 4.41536463e-16
18265.714286 4.3971164119999997e-16
18537.142857 4.3917582270000004e-16
18812.142857 4.355026295e-16
19091.428571 4.329022828e-16
19375.0 4.462577477999999e-16
19662.857143 4.31315485e-16
19955.0 4.51566651e-16
20251.428571 4.4181988710000006e-16
20552.142857 4.1340571e-16
20857.142857 4.456149079000001e-16
21167.142857 4.27106743e-16
21482.142857 4.242490639999999e-16
21801.428571 4.3439725249999997e-16
22125.0 4.2771852970000004e-16
22453.571429 4.1970800389999996e-16
22787.142857 4.195259073000001e-16
23125.714286 4.201822348e-16
23469.285714 4.3784441550000003e-16
23817.857143 4.3192944870000007e-16
24171.428571 4.3475695660000003e-16
24530.0 4.2352176239999995e-16
24894.285714 4.469380169e-16
25264.285714 4.214719454e-16
25640.0 4.312670553e-16
26021.428571 4.451362860000001e-16
26408.571429 4.328867787e-16
26801.428571 4.2721135400000003e-16
27200.0 4.187332924e-16
27604.285714 4.168859939e-16
28014.285714 4.227026753e-16
28430.0 4.2447856679999995e-16
28852.142857 4.224232595e-16
29280.714286 2.460741109e-15
29715.714286 4.260999994e-16
30157.142857 4.236207005e-16
30605.0 4.105035065e-16
31059.285714 4.2579428260000003e-16
31520.0 4.157615278e-16
31987.857143 4.3210150899999997e-16
32462.857143 4.1606676380000004e-16
32945.0 4.2277336039999996e-16
33434.285714 4.200814558999999e-16
33930.714286 4.25848823e-16
34434.285714 4.1786555640000006e-16
34945.0 4.185383544e-16
35463.571429 4.163717123e-16
35990.0 4.133943623e-16
36524.285714 4.164277063e-16
37066.428571 4.089547098e-16
37616.428571 4.1737026400000005e-16
38175.0 4.117169798e-16
38742.142857 4.1169057510000004e-16
39317.142857 4.1510174539999997e-16
39900.0 4.161065954e-16
40492.142857 4.074456247e-16
41093.571429 4.038685682e-16
41703.571429 4.205466523000001e-16
42322.142857 4.080479592000001e-16
42950.0 4.2253108819999995e-16
43587.142857 4.104344827e-16
44233.571429 3.99908549e-16
44890.0 4.071583856e-16
45556.428571 4.1660992050000005e-16
46232.857143 4.1053310969999996e-16
46919.285714 3.9468852199999997e-16
47615.714286 4.008679511000001e-16
48322.142857 4.037053112e-16
49039.285714 4.0600058840000005e-16
49767.142857 4.030093462e-16
50505.714286 3.973853238e-16
51255.0 3.9359494789999996e-16
52015.0 3.957151459e-16
52786.428571 4.0800563879999997e-16
53569.285714 3.9226200619999995e-16
54363.571429 4.0001199910000003e-16
55170.0 3.992801457e-16
55988.571429 3.91560547e-16
56819.285714 3.92437968e-16
57662.142857 3.9521596009999993e-16
58517.142857 4.3049361689999995e-16
59385.0 3.8486436260000006e-16
60265.714286 3.893185304e-16
61159.285714 3.819051695e-16
62066.428571 3.779856443e-16
62987.142857 3.9875018569999995e-16
63921.428571 3.817080842e-16
64870.0 3.824353131e-16
65832.857143 3.8895155899999994e-16
66810.0 3.8156107020000004e-16
67801.428571 4.611258223e-16
68807.142857 3.6768997660000005e-16
69827.857143 3.707429729e-16
70863.571429 3.7515360750000003e-16
71914.285714 3.814450029e-16
72980.714286 3.7241768550000003e-16
74062.857143 3.753004617e-16
75161.428571 3.655429866e-16
76276.428571 3.6234390600000004e-16
77407.857143 3.716669559999999e-16
78556.428571 3.771585079e-16
79722.142857 3.5653771180000002e-16
80905.0 3.6509314160000004e-16
82105.0 3.590715011e-16
83322.857143 3.607334042e-16
84558.571429 3.6065458550000003e-16
85812.142857 3.601865466e-16
87084.285714 3.609817269e-16
88375.714286 4.075603061e-16
89686.428571 3.515685275e-16
91016.428571 3.458636312e-16
92366.428571 3.483406276e-16
93736.428571 3.442296435e-16
95126.428571 3.3878893469999997e-16
96537.142857 3.3632852380000003e-16
97969.285714 3.3841581770000005e-16
99422.857143 3.397694308e-16
100897.85714 3.4164067000000004e-16
102394.28571 3.3725116200000003e-16
103912.85714 3.4290642299999995e-16
105454.28571 3.4017289960000003e-16
107018.57143 3.353434932999999e-16
108605.71429 3.2847496939999997e-16
110216.42857 3.308993892e-16
111851.42857 3.238297629e-16
113510.71429 3.2648359919999996e-16
115194.28571 3.196461841e-16
116902.85714 3.275008892e-16
118636.42857 3.1531792160000003e-16
120395.71429 3.196703827e-16
122181.42857 3.100704638e-16
123993.57143 3.148972303e-16
125832.85714 3.0465459279999995e-16
127699.28571 3.0869223350000005e-16
129592.85714 3.087092249e-16
131514.28571 2.9983499959999996e-16
133464.28571 2.997870644e-16
135443.57143 2.978627507e-16
137452.14286 2.8785372110000003e-16
139490.0 2.9042841279999996e-16
141558.57143 2.8521365149999997e-16
143657.85714 2.831632451e-16
145787.85714 2.9196386600000003e-16
147949.28571 2.800798087e-16
150142.85714 2.795348566e-16
152369.28571 2.796532315e-16
154628.57143 2.766415561e-16
156921.42857 2.7343945789999997e-16
159248.57143 2.696678428e-16
161610.0 2.6735807239999997e-16
164006.42857 2.668294838e-16
166438.57143 2.61677798e-16
168906.42857 2.596651819e-16
171410.71429 2.543681039e-16
173952.14286 2.5415640770000003e-16
176531.42857 2.6166647630000004e-16
179149.28571 2.528321051e-16
181805.71429 2.513446914e-16
184501.42857 2.452516625e-16
187237.14286 2.453047816e-16
190013.57143 2.411872814e-16
192831.42857 2.405022907e-16
195690.71429 2.348485251e-16
198592.14286 2.355934485e-16
201536.42857 2.338070497e-16
204524.28571 2.535495071e-16
207556.42857 2.2912991039999996e-16
210633.57143 2.2721998380000005e-16
213756.42857 2.236530431e-16
216925.71429 2.218150602e-16
220142.14286 2.1916263139999997e-16
223406.42857 2.1779958670000002e-16
226719.28571 2.1577797000000002e-16
230080.71429 2.1622708349999997e-16
233492.14286 2.2181106830000002e-16
236954.28571 2.1384169760000003e-16
240467.14286 2.105262202e-16
244032.14286 2.0650575660000003e-16
247650.0 2.054762518e-16
251321.42857 2.0432343589999995e-16
255047.85714 2.0438107579999995e-16
258830.0 2.0225756400000003e-16
262667.85714 2.1600742180000002e-16
266562.14286 1.9829479140000002e-16
270514.28571 1.9644479890000002e-16
274525.0 1.9283030359999999e-16
278595.0 1.9394903249999998e-16
282725.71429 1.9357289980000002e-16
286917.85714 1.8838890080000003e-16
291172.14286 2.0175181570000003e-16
295489.28571 1.8722676570000002e-16
299870.0 1.8636384660000001e-16
304315.71429 1.8345314499999995e-16
308827.85714 1.8104843730000003e-16
313407.14286 1.796202183e-16
318054.28571 1.7807971779999998e-16
322770.0 2.541893144e-16
327555.0 1.764000343e-16
332410.71429 1.747896564e-16
337338.57143 1.749056465e-16
342340.0 1.740807333e-16
347415.71429 1.7209804780000001e-16
352566.42857 1.9127121649999998e-16
357793.57143 1.7050043359999998e-16
363098.57143 1.688382861e-16
368482.14286 1.7008084209999998e-16
373945.0 1.6848536029999998e-16
379488.57143 1.939261818e-16
385114.28571 1.656828456e-16
390823.57143 1.6361620259999998e-16
396617.85714 1.6418311679999998e-16
402497.85714 1.633600748e-16
408465.0 1.688564717e-16
414520.71429 1.6052198379999998e-16
420666.42857 1.602171606e-16
426903.57143 1.596334522e-16
433232.85714 1.595290516e-16
439655.71429 1.637638201e-16
446173.57143 1.576611567e-16
452787.85714 1.5704713389999998e-16
459500.71429 1.5622217009999998e-16
466313.57143 1.58027899e-16
473227.14286 1.5666700949999998e-16
480242.85714 1.55413402e-16
487362.85714 1.5510320849999998e-16
494588.57143 1.577649086e-16
501920.71429 1.5471369769999998e-16
509361.42857 1.533592499e-16
516912.85714 1.538228132e-16
524576.42857 1.532380865e-16
532353.57143 1.533845295e-16
540245.71429 1.5207772500000001e-16
548255.0 1.516754447e-16
556382.85714 1.6225017150000002e-16
564630.71429 1.542807259e-16
573001.42857 1.568695892e-16
581496.42857 1.5171171280000005e-16
590117.14286 1.581036345e-16
598865.71429 1.5110463469999998e-16
607743.57143 1.504563275e-16
616752.85714 1.7044934759999999e-16
625895.71429 1.5083670620000003e-16
635174.28571 1.502714826e-16
644590.71429 1.610020261e-16
654146.42857 1.498664461e-16
663843.57143 1.4977826739999998e-16
673685.0 1.8617192370000002e-16
683672.85714 1.488451259e-16
693808.57143 1.4950245780000002e-16
704094.28571 1.653761146e-16
714532.14286 1.508093252e-16
725125.0 1.493762474e-16
735875.0 1.8087129e-16
746784.28571 1.491192555e-16
757855.71429 1.5815042239999999e-16
769090.71429 1.500625948e-16
780492.14286 1.493104703e-16
792062.85714 1.6824978410000002e-16
803805.0 1.501077643e-16
815721.42857 1.5337021489999997e-16
827814.28571 1.4909641610000002e-16
840086.42857 1.48901087e-16
852540.71429 1.601590007e-16
865179.28571 1.49447754e-16
878005.0 1.510710795e-16
891020.71429 1.497209924e-16
904229.28571 1.5541200720000002e-16
917633.57143 1.5057524459999998e-16
931237.14286 1.5090772609999998e-16
945042.85714 1.5014598559999998e-16
959052.85714 1.5041451239999999e-16
973270.71429 1.539208484e-16
987699.28571 1.500811901e-16
1002341.4286 1.512515419e-16
1017200.7143 1.5132762340000001e-16
1032280.0 1.538299321e-16
1047582.8571 1.520221256e-16
1063112.8571 1.513029968e-16
1078872.8571 1.5360637639999999e-16
1094866.4286 1.515084667e-16
1111097.1429 1.5227286809999997e-16
1127568.5714 1.505478064e-16
1144284.2857 1.534700243e-16
1161247.8571 1.513975467e-16
1178462.8571 1.523713576e-16
1195932.8571 1.5327333079999998e-16
1213662.1429 1.51881958e-16
1231654.2857 1.5185057999999999e-16
1249912.8571 1.5083158180000002e-16
1268442.1429 1.5300479890000002e-16
1287246.4286 1.5123523000000001e-16
1306329.2857 1.510770862e-16
1325695.0 1.5241557710000002e-16
1345347.8571 1.5172396519999996e-16
1365292.1429 1.5198131439999998e-16
1385532.1429 1.537413149e-16
1406072.1429 1.5186012300000003e-16
1426916.4286 1.5419283149999999e-16
1448069.2857 1.506518197e-16
1469535.7143 1.5274966039999999e-16
1491320.7143 1.5347439710000002e-16
1513428.5714 1.5176229610000003e-16
1535863.5714 1.498098095e-16
1558631.4286 1.52911954e-16
1581737.1429 1.504192806e-16
1605185.7143 1.511816339e-16
1628982.1429 1.5007580609999998e-16
1653130.7143 1.492810977e-16
1677637.1429 1.5049851539999998e-16
1702507.1429 1.497835009e-16
1727745.7143 1.49982158e-16
1753358.5714 1.497527639e-16
1779351.4286 1.5028923300000002e-16
1805729.2857 1.479549936e-16
1832497.8571 1.513981964e-16
1859663.5714 1.46729751e-16
1887232.1429 1.476117512e-16
1915209.2857 1.516697686e-16
1943600.7143 1.4734909530000001e-16
1972412.8571 1.5301750820000001e-16
2001652.1429 1.4644582139999998e-16
2031325.0 1.5467002639999998e-16
2061437.8571 1.465440104e-16
2091997.1429 1.5346930280000002e-16
2123009.2857 1.464723766e-16
2154480.7143 1.623133997e-16
2186418.5714 1.5470473780000004e-16
2218830.0 1.4710156910000003e-16
2251722.1429 1.5156717490000003e-16
2285102.1429 1.447588488e-16
2318977.1429 1.535573559e-16
2353354.2857 1.44379237e-16
2388240.7143 1.609982573e-16
2423644.2857 1.585864792e-16
2459572.8571 1.40868394e-16
2496034.2857 1.603714358e-16
2533036.4286 1.6544115880000002e-16
2570587.1429 1.4085958859999998e-16
2608694.2857 1.567821952e-16
2647365.7143 1.6366320369999997e-16
2686610.7143 1.4188553910000002e-16
2726437.8571 1.5204758769999997e-16
2766855.0 1.583907589e-16
2807871.4286 1.348697706e-16
2849495.7143 1.4586388150000001e-16
2891737.1429 1.5260824080000002e-16
2934605.0 1.3064613549999998e-16
2978107.8571 1.501864555e-16
3022255.7143 1.4346378690000001e-16
3067057.8571 1.4883273760000002e-16
3112524.2857 1.4408336169999999e-16
3158665.0 1.260798575e-16
3205489.2857 1.414715747e-16
3253007.8571 1.3407631200000001e-16
3301230.7143 1.4903032740000002e-16
3350168.5714 1.627837013e-16
3399832.1429 1.295370115e-16
3450231.4286 1.7906759080000002e-16
3501377.8571 1.7838925760000001e-16
3553282.8571 1.977144039e-16
3605957.1429 1.801296587e-16
3659412.1429 1.788043892e-16
3713660.0 1.534359043e-16
3768712.1429 1.354093658e-16
3824580.0 1.229333172e-16
3881275.7143 1.157347365e-16
3938812.1429 1.116445229e-16
3997201.4286 1.093312716e-16
4056456.4286 1.0773218e-16
4116590.0 1.058641447e-16
4177615.0 1.042602918e-16
4239544.2857 1.026666466e-16
4302391.4286 1.014884061e-16
4366170.7143 1.0060294925e-16
4430895.0 1.0002965084999999e-16
4496578.5714 9.917600367e-17
4563236.4286 9.868599730999999e-17
4630882.1429 9.826793074e-17
4699530.0 9.811525770000001e-17
4769195.7143 9.750129214e-17
4839894.2857 9.720121173999999e-17
4911640.7143 9.713516471999999e-17
4973888.5714 9.715031384999998e-17
