# freq [Hz]  noise density [V^2/Hz]
1.4285714286 5.508633828e-10
4.2857142857 2.1774510900290005e-13
5.7142857143 1.672083565045e-13
7.1428571429 7.98053155144e-14
8.5714285714 6.9625202415e-14
10.0 5.6843876256e-14
11.428571429 5.6551277121999996e-14
12.857142857 4.9398776387000004e-14
14.285714286 4.2718752966e-14
15.714285714 4.0088451171e-14
17.142857143 3.762861916900001e-14
18.571428571 2.3287483022900004e-14
20.0 2.01363639691e-14
21.428571429 1.8918495955199998e-14
22.857142857 1.8721238605e-14
24.285714286 2.2811619600999996e-14
25.714285714 1.7570497256000002e-14
27.142857143 2.0963034500000003e-14
28.571428571 1.3344040002e-14
30.0 1.23759835864e-14
31.428571429 1.1718623277099999e-14
32.857142857 1.6181106222299996e-14
34.285714286 1.6827403914e-14
35.714285714 1.0736655933499999e-14
37.142857143 1.038076975e-14
38.571428571 8.131051018e-15
40.0 7.2568943475e-15
41.428571429 6.4967394259999996e-15
42.857142857 1.4030602355999999e-14
44.285714286 7.310881684e-15
45.714285714 6.4228469338e-15
47.142857143 1.2995804279000002e-14
48.571428571 8.70090866e-15
50.0 1.1582008933000001e-14
51.428571429 9.089106142e-15
52.857142857 9.3331713822e-15
54.285714286 7.9082520609e-15
55.714285714 5.862680175e-15
57.142857143 8.489794312e-15
58.571428571 6.7189142568e-15
60.0 3.5230348802e-14
61.428571429 7.6634300176e-15
62.857142857 1.34937631934e-14
64.285714286 8.8426593604e-15
65.714285714 6.310056911999999e-15
67.142857143 5.3753163193e-15
68.571428571 3.992461346e-15
70.0 6.1996775815829995e-15
71.428571429 3.96654267981e-15
72.857142857 7.735471114600001e-15
74.285714286 8.8377346839e-15
75.714285714 6.7376735126500006e-15
77.142857143 3.1790481473e-15
78.571428571 7.264547237800002e-15
80.0 3.862317673999999e-15
81.428571429 4.369659257000001e-15
82.857142857 5.0609730778e-15
84.285714286 4.944815194599999e-15
85.714285714 2.62670469677e-15
87.142857143 2.1801172669e-15
88.571428571 3.5320773402500004e-15
90.0 5.4769647022999994e-15
91.428571429 5.038377015199999e-15
92.857142857 5.197631116e-15
94.285714286 4.8007321936200005e-15
95.714285714 6.1984224191e-15
97.142857143 1.7467390565999997e-15
99.285714286 4.828401697e-15
102.14285714 4.0782814712e-15
105.0 1.9042942591999996e-15
107.85714286 3.1478648288000003e-15
110.71428571 3.2448479173000003e-15
113.57142857 4.7731951819999995e-15
116.42857143 4.870001765e-15
119.28571429 8.060413814e-15
122.14285714 3.4095829496e-15
125.0 6.39303506e-15
127.85714286 3.6338336463e-15
130.71428571 3.7577854101e-15
133.57142857 3.1917726076e-15
136.42857143 3.0475900569999997e-15
139.28571429 4.3677688373999994e-15
142.14285714 3.313008368999999e-15
145.0 3.809810617e-15
147.85714286 3.1429496193000003e-15
150.71428571 3.5490220781e-15
153.57142857 3.1729064210000003e-15
156.42857143 3.3000152860000007e-15
159.28571429 2.3860958375999998e-15
162.14285714 2.5121004069999997e-15
165.0 2.4738888201999994e-15
167.85714286 4.342818234999999e-15
170.71428571 3.644529305e-15
173.57142857 2.6573751351e-15
176.42857143 2.4267545896e-15
179.28571429 2.8468520787e-15
182.14285714 3.515488287999999e-15
185.0 2.4746964564999997e-15
187.85714286 1.882781915e-15
190.71428571 3.774504180000001e-15
193.57142857 2.0455111511999996e-15
197.14285714 3.0566927195000005e-15
201.42857143 2.6263263539999998e-15
205.71428571 2.52273785e-15
210.0 2.648036286e-15
214.28571429 3.0777106059999995e-15
218.57142857 2.3556991062e-15
222.85714286 3.2468407069899994e-15
227.14285714 2.5278812666000006e-15
231.42857143 3.2216853092999997e-15
235.71428571 2.3271315523999998e-15
240.0 3.2168620060000003e-15
244.28571429 1.6218259213000003e-15
248.57142857 2.2762310839999998e-15
252.85714286 2.66067587e-15
257.14285714 2.0664499266000003e-15
261.42857143 2.4807447377000004e-15
265.71428571 2.479927579399999e-15
270.0 2.0093397302e-15
274.28571429 2.6855950042e-15
278.57142857 2.3809386806000003e-15
282.85714286 3.0676698860000007e-15
287.14285714 2.3562239126e-15
291.42857143 2.4416268005999997e-15
296.42857143 2.3381890711e-15
302.14285714 2.2826617278e-15
307.85714286 2.5223032809e-15
313.57142857 2.4344442827000005e-15
319.28571429 2.6226541730000003e-15
325.0 3.221856229e-15
330.71428571 2.0026669038000002e-15
336.42857143 2.8189157822e-15
342.14285714 2.0051743254e-15
347.85714286 2.1616899769999997e-15
353.57142857 1.9485227102000006e-15
359.28571429 1.9156883426e-15
365.0 2.5615486111999997e-15
370.71428571 2.1491878442e-15
376.42857143 2.4294069099999995e-15
382.14285714 2.1772202123e-15
387.85714286 1.7809590106000003e-15
394.28571429 2.235766606e-15
401.42857143 1.5056247825999999e-15
408.57142857 1.7374467377e-15
415.71428571 2.2023729983999998e-15
422.85714286 2.3957308889999995e-15
430.0 1.9375533943000002e-15
437.14285714 1.5712618470999999e-15
444.28571429 2.0065348971e-15
451.42857143 1.4480280660000003e-15
458.57142857 2.0937634546e-15
465.71428571 1.9442446659e-15
472.85714286 2.2015117050000002e-15
480.0 2.2852167228e-15
487.85714286 1.778606865e-15
496.42857143 1.6722119266999998e-15
505.0 1.7047574368999999e-15
513.57142857 1.5821253315e-15
522.14285714 1.789399738e-15
530.71428571 1.8315352026e-15
539.28571429 2.111173493e-15
547.85714286 1.9607418185e-15
556.42857143 2.1343455520000003e-15
565.0 1.6222149886999999e-15
573.57142857 1.4572088646999998e-15
582.14285714 1.6655248789000003e-15
591.42857143 1.952036496e-15
601.42857143 1.9740085709999997e-15
611.42857143 1.896409081e-15
621.42857143 1.5687823336999998e-15
631.42857143 1.7069255523999996e-15
641.42857143 1.966061211e-15
651.42857143 1.58097641e-15
661.42857143 1.5088745432e-15
671.42857143 1.7724616080999998e-15
682.14285714 1.599120107e-15
693.57142857 1.5206151664000003e-15
705.0 1.485909495e-15
716.42857143 1.6210241148000002e-15
727.85714286 1.6399908265000002e-15
739.28571429 1.6003101253e-15
750.71428571 1.4319766054e-15
762.14285714 1.2874458324e-15
773.57142857 1.8211735780000003e-15
785.71428571 1.5159532466000001e-15
798.57142857 1.704380623e-15
811.42857143 1.5901190983e-15
824.28571429 1.7508268720000001e-15
837.14285714 1.8634279279999997e-15
850.0 1.6229212591e-15
862.85714286 1.4501144392000002e-15
876.42857143 1.5375057489999999e-15
890.71428571 1.6747504736e-15
905.0 1.7338738439999999e-15
919.28571429 1.3605160747999999e-15
933.57142857 1.5188713357e-15
947.85714286 1.6226995327999999e-15
962.14285714 1.4728403952999999e-15
977.14285714 1.449510515e-15
992.85714286 1.1591734658999998e-15
1008.5714286 1.0952712646000001e-15
1024.2857143 1.3738624256000003e-15
1040.0 1.4156816065e-15
1055.7142857 1.2622650215999998e-15
1072.1428571 1.2508872208e-15
1089.2857143 1.3567986317000001e-15
1106.4285714 1.0165394051000002e-15
1123.5714286 1.4018510933999999e-15
1140.7142857 1.1089144411e-15
1157.8571429 1.3594184018e-15
1175.7142857 1.1246406154000002e-15
1194.2857143 1.222722426e-15
1212.8571429 1.4326640285000003e-15
1231.4285714 9.911698727999998e-16
1250.0 1.2131811894e-15
1269.2857143 1.0947866163000002e-15
1289.2857143 9.826837712e-16
1309.2857143 1.1926001448e-15
1329.2857143 1.1929714351000002e-15
1349.2857143 1.009628693e-15
1370.0 1.1111058474e-15
1391.4285714 1.2721767737e-15
1412.8571429 9.334986142000001e-16
1434.2857143 1.0711426090999998e-15
1455.7142857 9.69844245e-16
1477.8571429 1.1003915304e-15
1500.7142857 8.7120467840000005e-16
1523.5714286 9.719715337e-16
1546.4285714 1.0244714483e-15
1570.0 9.153428698e-16
1594.2857143 8.887545066000001e-16
1618.5714286 9.070194265e-16
1642.8571429 9.567981105e-16
1667.8571429 8.726036864999999e-16
1693.5714286 9.764861934e-16
1719.2857143 7.648848297999999e-16
1745.0 8.249741518e-16
1771.4285714 8.409401237999999e-16
1798.5714286 7.023496191e-16
1825.7142857 7.714355533999999e-16
1853.5714286 6.957622751e-16
1882.1428571 6.622866638000001e-16
1910.7142857 7.608607487000002e-16
1939.2857143 8.434414416000001e-16
1968.5714286 6.875791042e-16
1998.5714286 6.880233083e-16
2028.5714286 7.332240519999999e-16
2059.2857143 7.570608592000001e-16
2090.7142857 6.485149704e-16
2122.1428571 7.366767170999999e-16
2154.2857143 7.039861045999999e-16
2187.1428571 6.690198507e-16
2220.0 6.073714228e-16
2253.5714286 6.340190827e-16
2287.8571429 6.617609916999999e-16
2322.1428571 5.884345619e-16
2357.1428571 6.684047867000001e-16
2392.8571429 6.031272358e-16
2429.2857143 5.556044083e-16
2466.4285714 5.703037674000001e-16
2503.5714286 5.405103843e-16
2541.4285714 5.269469283999999e-16
2580.0 5.300082104e-16
2618.5714286 5.538859762999999e-16
2657.8571429 5.564200531e-16
2697.8571429 4.876105316000001e-16
2738.5714286 4.429208464e-16
2780.0 5.173465622e-16
2822.1428571 5.1598172e-16
2865.0 4.410804826e-16
2907.8571429 4.328581957e-16
2951.4285714 4.469184091999999e-16
2995.7142857 4.0384165969999996e-16
3040.7142857 4.2161817759999997e-16
3086.4285714 4.1192332489999994e-16
3132.8571429 4.0655400079999996e-16
3180.0 3.778578706e-16
3227.8571429 3.750531289e-16
3276.4285714 3.709010188e-16
3325.7142857 3.789507357e-16
3375.7142857 3.7740469759999997e-16
3426.4285714 3.523088951e-16
3477.8571429 3.464935409e-16
3530.0 3.1384334159999996e-16
3582.8571429 3.2069335930000006e-16
3636.4285714 2.9488359219999996e-16
3691.4285714 3.0164822150000004e-16
3747.1428571 2.99225204e-16
3803.5714286 3.118783568e-16
3860.7142857 3.151883098e-16
3918.5714286 2.928839228e-16
3977.1428571 2.995154361e-16
4036.4285714 2.892241777e-16
4097.1428571 2.657156765e-16
4158.5714286 2.468990867e-16
4220.7142857 2.4727224919999995e-16
4284.2857143 2.679283784e-16
4348.5714286 2.500143739e-16
4413.5714286 2.303318431e-16
4480.0 2.365538667e-16
4547.1428571 2.1334568710000003e-16
4615.0 2.313753346e-16
4684.2857143 2.0366041739999996e-16
4754.2857143 2.021133e-16
4825.0 2.0913950179999998e-16
4897.1428571 2.080028144e-16
4970.7142857 2.12937274e-16
5045.0 2.039445167e-16
5120.0 1.7084604400000003e-16
5196.4285714 1.911385694e-16
5274.2857143 1.9388892549999999e-16
5353.5714286 1.6949323800000001e-16
5433.5714286 1.688107512e-16
5514.2857143 1.596396577e-16
5596.4285714 1.5398165230000003e-16
5680.0 1.676609719e-16
5765.0 1.5530850560000001e-16
5851.4285714 1.363038279e-16
5939.2857143 1.4828610049999996e-16
6028.5714286 1.389305284e-16
6119.2857143 1.366186175e-16
6210.7142857 1.313940807e-16
6302.8571429 1.277998575e-16
6396.4285714 1.2999496510000001e-16
6491.4285714 1.2746023e-16
6587.8571429 1.3240733385e-16
6685.7142857 1.1590420013999999e-16
6785.0 1.1847914714000003e-16
6885.7142857 1.137731424e-16
6987.8571429 1.174784815e-16
7092.1428571 1.1312485589000001e-16
7198.5714286 1.0370240735999999e-16
7306.4285714 1.0824723337e-16
7415.7142857 1.0379969656e-16
7526.4285714 1.0399128986999999e-16
7638.5714286 1.0235607924e-16
7752.1428571 9.206405872e-17
7867.8571429 9.03391093e-17
7985.7142857 1.0300002796000003e-16
8105.0 9.222744612999998e-17
8225.7142857 9.102441968e-17
8347.8571429 8.909888933999999e-17
8472.1428571 8.389773582e-17
8598.5714286 8.755360382e-17
8726.4285714 8.137371704999999e-17
8856.4285714 7.521176476e-17
8988.5714286 8.324005581000001e-17
9122.1428571 7.546160199e-17
9257.8571429 7.261369579000001e-17
9395.7142857 7.553505284e-17
9535.7142857 6.924352343e-17
9677.8571429 6.968128666999999e-17
9822.1428571 7.195954617e-17
9968.5714286 6.944224018e-17
10117.142857 6.524812108e-17
10267.857143 6.492020650999999e-17
10420.714286 6.679824305e-17
10575.714286 6.389834435e-17
10732.857143 6.425397384e-17
10892.857143 6.092293793000001e-17
11055.0 5.805839916000001e-17
11219.285714 5.722973638e-17
11386.428571 5.61796433e-17
11556.428571 5.4038669169999997e-17
11728.571429 5.794581862999999e-17
11902.857143 5.560284916e-17
12080.0 5.2899484810000004e-17
12260.0 5.257166536999999e-17
12442.857143 5.207117755e-17
12628.571429 5.243626214999999e-17
12817.142857 4.913038548e-17
13007.857143 4.8720747130000003e-17
13200.714286 4.596496039e-17
13396.428571 4.6477874440000006e-17
13595.714286 4.769245357e-17
13798.571429 4.491529907e-17
14004.285714 4.659438401999999e-17
14212.857143 4.3648232749999995e-17
14424.285714 4.496750528e-17
14638.571429 4.360296532e-17
14856.428571 4.183938221000001e-17
15077.857143 4.2460262670000005e-17
15302.142857 4.007831937e-17
15529.285714 4.0118512650000005e-17
15760.0 4.0354699970000005e-17
15994.285714 4.0489530509999997e-17
16232.142857 4.0367210940000005e-17
16473.571429 3.8917211910000004e-17
16718.571429 3.920354017e-17
16967.142857 3.6168698750000004e-17
17219.285714 3.501831940000001e-17
17475.0 3.6251619340000006e-17
17734.285714 3.7040817839999994e-17
17997.857143 3.5268124920000004e-17
18265.714286 3.444087401e-17
18537.142857 3.2932605220000006e-17
18812.142857 3.4619940229999997e-17
19091.428571 3.428614777e-17
19375.0 3.235546e-17
19662.857143 3.428906166e-17
19955.0 3.413195542e-17
20251.428571 3.292617395000001e-17
20552.142857 3.230229813e-17
20857.142857 3.1184789689999995e-17
21167.142857 3.172401965999999e-17
21482.142857 2.973574092e-17
21801.428571 2.951686879e-17
22125.0 2.925448963e-17
22453.571429 2.949624316e-17
22787.142857 2.965672409e-17
23125.714286 2.8783190639999994e-17
23469.285714 2.821483516e-17
23817.857143 2.885415351e-17
24171.428571 2.800606103e-17
24530.0 2.727319984e-17
24894.285714 2.82232763e-17
25264.285714 2.8370078020000004e-17
25640.0 2.7251270030000003e-17
26021.428571 2.7228347919999995e-17
26408.571429 2.5919658230000006e-17
26801.428571 2.617884373e-17
27200.0 2.5820026949999996e-17
27604.285714 2.6353126620000007e-17
28014.285714 2.5650041169999998e-17
28430.0 2.5801460680000002e-17
28852.142857 2.5815640160000003e-17
29280.714286 3.2861652579999997e-17
29715.714286 2.496975221e-17
30157.142857 2.5467989380000003e-17
30605.0 2.523249785e-17
31059.285714 2.458024011e-17
31520.0 2.4871232729999994e-17
31987.857143 2.4368135900000004e-17
32462.857143 2.433269578e-17
32945.0 2.3811187130000003e-17
33434.285714 2.311752626e-17
33930.714286 2.3714510999999997e-17
34434.285714 2.366735112e-17
34945.0 2.351408809e-17
35463.571429 2.2756835569999997e-17
35990.0 2.3572562639999996e-17
36524.285714 2.2945620319999998e-17
37066.428571 2.3437062219999997e-17
37616.428571 2.236586266e-17
38175.0 2.2374945469999997e-17
38742.142857 2.2027470069999998e-17
39317.142857 2.289347112e-17
39900.0 2.2570700820000003e-17
40492.142857 2.2298799329999997e-17
41093.571429 2.1631817969999998e-17
41703.571429 2.1938112049999997e-17
42322.142857 2.2018538159999995e-17
42950.0 2.2318064859999997e-17
43587.142857 2.1816164559999998e-17
44233.571429 2.108695393e-17
44890.0 2.1031216539999998e-17
45556.428571 2.075697651e-17
46232.857143 2.098590919e-17
46919.285714 2.168152848e-17
47615.714286 2.1657993429999998e-17
48322.142857 2.112642337e-17
49039.285714 2.1075206349999998e-17
49767.142857 2.1057606120000003e-17
50505.714286 2.096692414e-17
51255.0 2.110708211e-17
52015.0 2.099256316e-17
52786.428571 2.096276107e-17
53569.285714 2.084622312e-17
54363.571429 2.042162829e-17
55170.0 2.0749052319999998e-17
55988.571429 2.0748675309999998e-17
56819.285714 2.0467794309999996e-17
57662.142857 2.0699323800000002e-17
58517.142857 2.1597621230000002e-17
59385.0 2.0168293719999998e-17
60265.714286 2.078311763e-17
61159.285714 2.0361541570000002e-17
62066.428571 2.0094055179999998e-17
62987.142857 2.088380339e-17
63921.428571 2.0740022690000004e-17
64870.0 2.0099807770000002e-17
65832.857143 2.061035922e-17
66810.0 2.040910893e-17
67801.428571 1.989820414e-17
68807.142857 1.980532876e-17
69827.857143 1.976946393e-17
70863.571429 2.0028186569999998e-17
71914.285714 1.955018657e-17
72980.714286 1.97174701e-17
74062.857143 1.926638285e-17
75161.428571 1.983613181e-17
76276.428571 1.955570778e-17
77407.857143 1.9486084289999997e-17
78556.428571 1.9556390340000003e-17
79722.142857 1.952898678e-17
80905.0 1.9326156120000003e-17
82105.0 1.9747159020000002e-17
83322.857143 1.959289965e-17
84558.571429 1.949888653e-17
85812.142857 1.9317727059999997e-17
87084.285714 1.996071691e-17
88375.714286 2.018020796e-17
89686.428571 1.9396641929999998e-17
91016.428571 1.9306318830000002e-17
92366.428571 1.902434745e-17
93736.428571 1.9035167559999998e-17
95126.428571 1.8817732760000002e-17
96537.142857 1.931570948e-17
97969.285714 1.8802501289999998e-17
99422.857143 1.893190075e-17
100897.85714 1.8997272799999998e-17
102394.28571 1.9066208639999996e-17
103912.85714 1.92932922e-17
105454.28571 1.908482128e-17
107018.57143 1.9103586399999997e-17
108605.71429 1.919712561e-17
110216.42857 1.9083625329999996e-17
111851.42857 1.9028766789999995e-17
113510.71429 1.871993192e-17
115194.28571 1.8837931690000002e-17
116902.85714 1.9510965799999998e-17
118636.42857 1.865366153e-17
120395.71429 1.8777882119999997e-17
122181.42857 1.846839282e-17
123993.57143 1.887627412e-17
125832.85714 1.8673707109999998e-17
127699.28571 1.8596108869999996e-17
129592.85714 1.836170218e-17
131514.28571 1.8669470470000002e-17
133464.28571 1.8494957829999998e-17
135443.57143 1.846241069e-17
137452.14286 1.8365938960000003e-17
139490.0 1.8399067849999997e-17
141558.57143 1.8515852389999998e-17
143657.85714 1.8533066459999998e-17
145787.85714 1.865232906e-17
147949.28571 1.825979064e-17
150142.85714 1.856016077e-17
152369.28571 1.8465912680000002e-17
154628.57143 1.8320234850000002e-17
156921.42857 1.8280101600000002e-17
159248.57143 1.8569880299999996e-17
161610.0 1.8092513719999998e-17
164006.42857 1.8266460510000004e-17
166438.57143 1.8340923160000002e-17
168906.42857 1.844810324e-17
171410.71429 1.862521472e-17
173952.14286 1.82213793e-17
176531.42857 1.842549137e-17
179149.28571 1.8044943100000003e-17
181805.71429 1.8262885969999998e-17
184501.42857 1.8000964060000003e-17
187237.14286 1.829030535e-17
190013.57143 1.828728861e-17
192831.42857 1.807881194e-17
195690.71429 1.811956172e-17
198592.14286 1.812037893e-17
201536.42857 1.8353060719999997e-17
204524.28571 1.817662849e-17
207556.42857 1.823882582e-17
210633.57143 1.803060453e-17
213756.42857 1.8006657379999998e-17
216925.71429 1.800968468e-17
220142.14286 1.8024297250000002e-17
223406.42857 1.8234736760000002e-17
226719.28571 1.824663136e-17
230080.71429 1.8132959609999998e-17
233492.14286 1.815045484e-17
236954.28571 1.83176975e-17
240467.14286 1.79479453e-17
244032.14286 1.81235919e-17
247650.0 1.82353008e-17
251321.42857 1.792429154e-17
255047.85714 1.8193298309999996e-17
258830.0 1.8095310770000003e-17
262667.85714 1.804581942e-17
266562.14286 1.792469456e-17
270514.28571 1.825321928e-17
274525.0 1.819078377e-17
278595.0 1.8001645820000002e-17
282725.71429 1.847409177e-17
286917.85714 1.8065764169999997e-17
291172.14286 1.808378187e-17
295489.28571 1.810954969e-17
299870.0 1.780039472e-17
304315.71429 1.80911293e-17
308827.85714 1.7702835990000004e-17
313407.14286 1.79343146e-17
318054.28571 1.799282331e-17
322770.0 1.841780616e-17
327555.0 1.785872703e-17
332410.71429 1.799525619e-17
337338.57143 1.796413928e-17
342340.0 1.7852389309999998e-17
347415.71429 1.8077650409999997e-17
352566.42857 1.7991470559999998e-17
357793.57143 1.802068327e-17
363098.57143 1.7777235109999998e-17
368482.14286 1.776341954e-17
373945.0 1.7835081970000003e-17
379488.57143 1.78664956e-17
385114.28571 1.79386146e-17
390823.57143 1.789496013e-17
396617.85714 1.7763817459999998e-17
402497.85714 1.77132196e-17
408465.0 1.7793930849999998e-17
414520.71429 1.782573305e-17
420666.42857 1.785829362e-17
426903.57143 1.7683204970000003e-17
433232.85714 1.7796200410000004e-17
439655.71429 1.771268507e-17
446173.57143 1.774922606e-17
452787.85714 1.767580078e-17
459500.71429 1.7575740900000002e-17
466313.57143 1.7771013510000002e-17
473227.14286 1.749809374e-17
480242.85714 1.772580938e-17
487362.85714 1.767217408e-17
494588.57143 1.7801328289999998e-17
501920.71429 1.7673663470000002e-17
509361.42857 1.7482281230000002e-17
516912.85714 1.7535741180000002e-17
524576.42857 1.7569844420000002e-17
532353.57143 1.7501219679999997e-17
540245.71429 1.7613896989999997e-17
548255.0 1.7497465320000004e-17
556382.85714 1.763050089e-17
564630.71429 1.776998397e-17
573001.42857 1.770340828e-17
581496.42857 1.74928191e-17
590117.14286 1.779380323e-17
598865.71429 1.745205924e-17
607743.57143 1.7347185390000003e-17
616752.85714 1.749385728e-17
625895.71429 1.740564543e-17
635174.28571 1.7431884399999998e-17
644590.71429 1.7282997719999998e-17
654146.42857 1.7418423710000002e-17
663843.57143 1.730144761e-17
673685.0 1.7199383229999998e-17
683672.85714 1.7244889810000002e-17
693808.57143 1.728185682e-17
704094.28571 1.7267962960000002e-17
714532.14286 1.714725297e-17
725125.0 1.732861453e-17
735875.0 1.7298423959999998e-17
746784.28571 1.718856353e-17
757855.71429 1.7246403220000002e-17
769090.71429 1.7113675149999997e-17
780492.14286 1.7070608559999998e-17
792062.85714 1.708145175e-17
803805.0 1.7064739690000002e-17
815721.42857 1.705597369e-17
827814.28571 1.703867155e-17
840086.42857 1.6978831939999998e-17
852540.71429 1.7105980820000002e-17
865179.28571 1.688109325e-17
878005.0 1.691677918e-17
891020.71429 1.678807048e-17
904229.28571 1.683548794e-17
917633.57143 1.6872376879999998e-17
931237.14286 1.6753544390000003e-17
945042.85714 1.67211837e-17
959052.85714 1.662872293e-17
973270.71429 1.6736915490000002e-17
987699.28571 1.66824071e-17
1002341.4286 1.6638498850000002e-17
1017200.7143 1.656472914e-17
1032280.0 1.653447869e-17
1047582.8571 1.6441330979999998e-17
1063112.8571 1.651005284e-17
1078872.8571 1.639888157e-17
1094866.4286 1.678650179e-17
1111097.1429 1.635828127e-17
1127568.5714 1.639678279e-17
1144284.2857 1.6368032039999997e-17
1161247.8571 1.6348313690000002e-17
1178462.8571 1.654722934e-17
1195932.8571 1.6222459e-17
1213662.1429 1.6127240310000002e-17
1231654.2857 1.6047233160000004e-17
1249912.8571 1.591286224e-17
1268442.1429 1.6045653e-17
1287246.4286 1.585074053e-17
1306329.2857 1.589908152e-17
1325695.0 1.591699613e-17
1345347.8571 1.583788231e-17
1365292.1429 1.584508507e-17
1385532.1429 1.576778463e-17
1406072.1429 1.572304999e-17
1426916.4286 1.5614811879999997e-17
1448069.2857 1.559218414e-17
1469535.7143 1.5665808070000002e-17
1491320.7143 1.544592642e-17
1513428.5714 1.548159371e-17
1535863.5714 1.530447857e-17
1558631.4286 1.525882844e-17
1581737.1429 1.524810278e-17
1605185.7143 1.519007725e-17
1628982.1429 1.515263528e-17
1653130.7143 1.512083117e-17
1677637.1429 1.501624914e-17
1702507.1429 1.500462774e-17
1727745.7143 1.4922908509999997e-17
1753358.5714 1.5321290929999998e-17
1779351.4286 1.50865687e-17
1805729.2857 1.4658878609999998e-17
1832497.8571 1.4553694529999998e-17
1859663.5714 1.452499353e-17
1887232.1429 1.4419124160000002e-17
1915209.2857 1.436362609e-17
1943600.7143 1.4291061830000003e-17
1972412.8571 1.418712779e-17
2001652.1429 1.409432188e-17
2031325.0 1.400618192e-17
2061437.8571 1.398485613e-17
2091997.1429 1.38443021e-17
2123009.2857 1.377769125e-17
2154480.7143 1.3680001859999999e-17
2186418.5714 1.417395722e-17
2218830.0 1.3572353190000001e-17
2251722.1429 1.349992359e-17
2285102.1429 1.3427330410000002e-17
2318977.1429 1.332416365e-17
2353354.2857 1.3288625340000003e-17
2388240.7143 1.312035904e-17
2423644.2857 1.2996159779999999e-17
2459572.8571 1.2910546460000001e-17
2496034.2857 1.2864375379999998e-17
2533036.4286 1.2736047739999997e-17
2570587.1429 1.2646645369999999e-17
2608694.2857 1.2550921289999999e-17
2647365.7143 1.244429154e-17
2686610.7143 1.2347558349999999e-17
2726437.8571 1.2246992219999998e-17
2766855.0 1.223461249e-17
2807871.4286 1.206276351e-17
2849495.7143 1.202717315e-17
2891737.1429 1.1896512989999998e-17
2934605.0 1.1873879780000001e-17
2978107.8571 1.1700377129999999e-17
3022255.7143 1.162585409e-17
3067057.8571 1.1509547969999999e-17
3112524.2857 1.145129427e-17
3158665.0 1.131381708e-17
3205489.2857 1.125940713e-17
3253007.8571 1.116922016e-17
3301230.7143 1.105041703e-17
3350168.5714 1.107193761e-17
3399832.1429 1.107030654e-17
3450231.4286 1.080224095e-17
3501377.8571 1.103721848e-17
3553282.8571 1.110060423e-17
3605957.1429 1.101952877e-17
3659412.1429 1.0768213950000001e-17
3713660.0 1.04397784e-17
3768712.1429 1.031166345e-17
3824580.0 1.0195411609999999e-17
3881275.7143 1.0063298689999999e-17
3938812.1429 9.953341543e-18
3997201.4286 9.853014635e-18
4056456.4286 9.785486867000001e-18
4116590.0 9.820759193000001e-18
4177615.0 9.644021496000002e-18
4239544.2857 9.597799429e-18
4302391.4286 9.497193116e-18
4366170.7143 9.480841797999999e-18
4430895.0 9.385624169999999e-18
4496578.5714 9.345136523e-18
4563236.4286 9.320610043e-18
4630882.1429 9.25789385e-18
4699530.0 9.294329837e-18
4769195.7143 9.216429554e-18
4839894.2857 9.199884069e-18
4911640.7143 9.204011845999998e-18
4973888.5714 9.198103602999998e-18
