# freq [Hz]  noise density [V^2/Hz]
1.4285714286 5.282847789e-9
4.2857142857 1.8548171048800004e-12
5.7142857143 2.4921638348e-12
7.1428571429 1.3610780735799999e-12
8.5714285714 6.301947702e-13
10.0 1.2023743144214999e-12
11.428571429 1.2263965300000002e-12
12.857142857 1.1174045968599999e-12
14.285714286 7.833647441999999e-13
15.714285714 4.1192883645e-13
17.142857143 3.8809733589e-13
18.571428571 4.68692628043e-13
20.0 3.7995397605000005e-13
21.428571429 6.419003486099999e-13
22.857142857 4.988931404e-13
24.285714286 4.061411647e-13
25.714285714 5.265494033400001e-13
27.142857143 3.3513681662100003e-13
28.571428571 1.49750038951e-13
30.0 4.3098108614699997e-13
31.428571429 4.1893954961399996e-13
32.857142857 2.07211369e-13
34.285714286 2.326615625500001e-13
35.714285714 3.2408217667e-13
37.142857143 4.2437414246000003e-13
38.571428571 4.3535829473e-13
40.0 3.7036239954999993e-13
41.428571429 2.8254865789e-13
42.857142857 2.0076025845e-13
44.285714286 2.1778579051e-13
45.714285714 2.99116000166e-13
47.142857143 1.8954399295e-13
48.571428571 2.9818066018999997e-13
50.0 1.331401313e-9
51.428571429 3.1993661573e-13
52.857142857 2.485020613214e-13
54.285714286 2.7074004006999997e-13
55.714285714 1.4963088737500003e-13
57.142857143 2.2838657877999996e-13
58.571428571 1.9588778466e-13
60.0 8.923874030000002e-10
61.428571429 1.1759667181999998e-13
62.857142857 5.9399626604e-13
64.285714286 2.6977149678999995e-13
65.714285714 1.8423707877e-13
67.142857143 1.3450087913000002e-13
68.571428571 1.8821517826e-13
70.0 2.2388185005999999e-13
71.428571429 1.6936808720800001e-13
72.857142857 1.4247077736e-13
74.285714286 1.4929528669e-13
75.714285714 1.5001961633000002e-13
77.142857143 1.5991762623799997e-13
78.571428571 1.41404209754e-13
80.0 1.06311843866e-13
81.428571429 2.32605275323e-13
82.857142857 1.0641651407000001e-13
84.285714286 2.9201593197e-13
85.714285714 2.2919667723000004e-13
87.142857143 2.02176643293e-13
88.571428571 2.0204344654000002e-13
90.0 1.3374833483e-13
91.428571429 2.34840807904e-13
92.857142857 1.81962313819e-13
94.285714286 1.487280952585e-13
95.714285714 1.7602783884799998e-13
97.142857143 1.9995869432200003e-13
99.285714286 6.204529005999999e-13
102.14285714 1.3219521217000004e-13
105.0 1.5618054430999997e-13
107.85714286 1.5090910633e-13
110.71428571 1.238183141e-13
113.57142857 1.3500433507e-13
116.42857143 1.4829163066e-13
119.28571429 2.9510747860000007e-11
122.14285714 1.4650690301e-13
125.0 7.816626584e-14
127.85714286 1.5131188046000002e-13
130.71428571 9.236166534999998e-14
133.57142857 5.7484313728e-14
136.42857143 1.1542890185e-13
139.28571429 1.0392521862000001e-13
142.14285714 1.0641779033399998e-13
145.0 1.5589342356e-13
147.85714286 1.4422739233e-13
150.71428571 4.47969679e-12
153.57142857 1.7826979699999999e-13
156.42857143 1.2163283392e-13
159.28571429 9.174230498000001e-14
162.14285714 7.214224896000001e-14
165.0 1.3881648547999998e-13
167.85714286 1.5367111441999998e-13
170.71428571 8.916698722e-14
173.57142857 8.157788126000001e-14
176.42857143 1.1142869185000001e-13
179.28571429 1.1406939876000001e-11
182.14285714 2.0117026956e-13
185.0 1.1452163072e-13
187.85714286 1.0351066706000001e-13
190.71428571 1.1381239370000002e-13
193.57142857 1.6548626052e-13
197.14285714 1.0968595291999999e-13
201.42857143 1.2357622011000002e-13
205.71428571 1.0845812720000001e-13
210.0 1.2292553183000003e-13
214.28571429 1.0588733630000001e-13
218.57142857 1.0555094441000001e-13
222.85714286 7.098298409e-14
227.14285714 1.1651881130999998e-13
231.42857143 1.3004060267e-13
235.71428571 1.1943479195e-13
240.0 4.753116392000001e-12
244.28571429 9.410139232999999e-14
248.57142857 1.1586644004e-13
252.85714286 9.601180868000001e-14
257.14285714 1.0880801259e-13
261.42857143 9.142404124999999e-14
265.71428571 1.0845769025000002e-13
270.0 1.0034668613e-13
274.28571429 1.3941676239000002e-13
278.57142857 9.187036453000001e-14
282.85714286 7.411861612e-14
287.14285714 1.1720421496999999e-13
291.42857143 9.205279327e-14
296.42857143 1.1086462278999999e-13
302.14285714 9.30629071e-13
307.85714286 8.622732310999999e-14
313.57142857 9.068301962e-14
319.28571429 1.0209688198000001e-13
325.0 7.667308469999999e-14
330.71428571 9.101410562e-14
336.42857143 1.0813268095000001e-13
342.14285714 9.477261425000001e-14
347.85714286 3.2404395699999994e-12
353.57142857 8.461962903000001e-14
359.28571429 4.154998929e-12
365.0 1.0911418423e-13
370.71428571 9.681218611e-14
376.42857143 8.853022968999999e-14
382.14285714 1.1163179748999999e-13
387.85714286 7.793658366000001e-14
394.28571429 9.044367565000001e-14
401.42857143 8.123333847999999e-14
408.57142857 9.561296954e-14
415.71428571 9.725607851e-14
422.85714286 1.5472288069e-12
430.0 1.1328704051999999e-13
437.14285714 7.826178169999999e-14
444.28571429 9.574765002000001e-14
451.42857143 3.751734535e-13
458.57142857 8.105995773e-14
465.71428571 1.0060786169e-13
472.85714286 1.1595635922e-13
480.0 7.030916755e-13
487.85714286 1.196877288e-13
496.42857143 6.935238117e-14
505.0 9.159984334999998e-14
513.57142857 8.444323906999999e-14
522.14285714 7.805862782e-14
530.71428571 1.0630334736e-13
539.28571429 3.3228227193999994e-13
547.85714286 5.510466921999999e-13
556.42857143 8.726353046000001e-14
565.0 1.010386121e-13
573.57142857 8.356516123e-14
582.14285714 7.557790988e-14
591.42857143 8.459162625e-14
601.42857143 2.377114971e-12
611.42857143 7.699186461999999e-14
621.42857143 6.959961620999999e-14
631.42857143 7.104211305999999e-14
641.42857143 7.734931274999999e-14
651.42857143 7.686691467e-13
661.42857143 3.5317325380000004e-13
671.42857143 8.992016163000001e-14
682.14285714 7.215824115000002e-14
693.57142857 9.876635068e-14
705.0 8.630875942e-14
716.42857143 1.2676066900999999e-13
727.85714286 6.39393371e-14
739.28571429 7.243145053e-14
750.71428571 1.1235951596e-13
762.14285714 6.985215286e-14
773.57142857 7.741839428e-14
785.71428571 6.869166364e-13
798.57142857 8.51041876e-14
811.42857143 8.591481289e-14
824.28571429 1.0460176740999999e-13
837.14285714 2.588145589e-13
850.0 1.1649566452e-13
862.85714286 9.314293331e-14
876.42857143 8.044811673e-14
890.71428571 8.448923989e-14
905.0 7.87232273e-13
919.28571429 8.182100040999999e-14
933.57142857 7.893744849e-14
947.85714286 3.1273094260000005e-13
962.14285714 2.1535052099999999e-13
977.14285714 8.282258781000001e-14
992.85714286 7.761338439e-14
1008.5714286 7.77332365e-14
1024.2857143 1.4575042833999997e-13
1040.0 6.360964366000001e-14
1055.7142857 1.1535345167000004e-13
1072.1428571 1.5494855102e-13
1089.2857143 7.483736329000001e-14
1106.4285714 8.977629071000002e-14
1123.5714286 7.354206326e-14
1140.7142857 1.5289501617e-13
1157.8571429 1.0718577011999999e-13
1175.7142857 7.452121004000001e-14
1194.2857143 1.1272337985e-13
1212.8571429 6.508462345e-14
1231.4285714 6.28136694e-14
1250.0 1.0753167829e-13
1269.2857143 9.903502541999999e-14
1289.2857143 8.691194089999999e-14
1309.2857143 8.168410742999999e-14
1329.2857143 1.6388563799999999e-13
1349.2857143 8.694040187000001e-14
1370.0 9.430767867000001e-14
1391.4285714 8.260029351e-14
1412.8571429 8.819001712e-14
1434.2857143 9.872257433e-14
1455.7142857 7.642664176000001e-14
1477.8571429 7.925673983000001e-14
1500.7142857 9.768563392e-14
1523.5714286 8.058658401e-14
1546.4285714 8.507665709e-14
1570.0 1.1408118242e-13
1594.2857143 7.161717968999998e-14
1618.5714286 9.679985861999999e-14
1642.8571429 6.705689613e-14
1667.8571429 8.572782901e-14
1693.5714286 7.089909852e-14
1719.2857143 6.536896654e-14
1745.0 9.159850376999999e-14
1771.4285714 7.688284365e-14
1798.5714286 7.784716606999999e-14
1825.7142857 8.703302961e-14
1853.5714286 1.0143919532e-13
1882.1428571 6.849798889999999e-14
1910.7142857 8.044164885000001e-14
1939.2857143 7.024513425e-14
1968.5714286 7.338426742e-14
1998.5714286 7.856180479e-14
2028.5714286 8.676984435000001e-14
2059.2857143 8.377066249e-14
2090.7142857 7.944798002e-14
2122.1428571 7.608929088e-14
2154.2857143 8.756336984000001e-14
2187.1428571 7.762789929999999e-14
2220.0 9.931868378000001e-14
2253.5714286 8.110204102e-14
2287.8571429 8.164187259999999e-14
2322.1428571 7.034339213000001e-14
2357.1428571 8.19004117e-14
2392.8571429 7.865834857e-14
2429.2857143 8.08177477e-14
2466.4285714 6.412175777999999e-14
2503.5714286 7.754180882e-14
2541.4285714 8.318941922999999e-14
2580.0 6.992477208e-14
2618.5714286 7.702536764999999e-14
2657.8571429 7.261383602999999e-14
2697.8571429 7.349713514000001e-14
2738.5714286 6.446235551e-14
2780.0 7.300203789e-14
2822.1428571 7.650237657e-14
2865.0 7.034273174e-14
2907.8571429 7.313333525e-14
2951.4285714 7.986853367000001e-14
2995.7142857 7.91947842e-14
3040.7142857 7.779371084e-14
3086.4285714 7.095741073e-14
3132.8571429 7.220897499e-14
3180.0 7.364512197999999e-14
3227.8571429 7.415840762e-14
3276.4285714 7.319082964e-14
3325.7142857 7.197304175000001e-14
3375.7142857 7.348460724e-14
3426.4285714 6.831951104e-14
3477.8571429 6.802905236e-14
3530.0 7.460499289e-14
3582.8571429 6.901669183e-14
3636.4285714 6.490720169000001e-14
3691.4285714 7.214670064e-14
3747.1428571 7.750232944000001e-14
3803.5714286 6.988296867999999e-14
3860.7142857 7.099188562000001e-14
3918.5714286 7.219657477e-14
3977.1428571 6.651494289000001e-14
4036.4285714 6.811086857e-14
4097.1428571 7.125519709e-14
4158.5714286 7.302379315e-14
4220.7142857 9.737715041999999e-14
4284.2857143 8.718875431000001e-14
4348.5714286 7.286648736000001e-14
4413.5714286 7.075807170999999e-14
4480.0 6.929425514e-14
4547.1428571 7.044897223000001e-14
4615.0 6.967465491e-14
4684.2857143 6.837483083000002e-14
4754.2857143 6.935528395999999e-14
4825.0 6.681816791e-14
4897.1428571 6.421138302e-14
4970.7142857 6.487304393999998e-14
5045.0 7.008517014e-14
5120.0 6.733624768e-14
5196.4285714 6.493330596000001e-14
5274.2857143 6.412830805e-14
5353.5714286 7.05898867e-14
5433.5714286 7.094842222e-14
5514.2857143 6.565311696e-14
5596.4285714 6.190222862e-14
5680.0 7.420664047999999e-14
5765.0 6.456713766000001e-14
5851.4285714 6.684315687e-14
5939.2857143 6.667923069e-14
6028.5714286 6.484505771e-14
6119.2857143 7.071903879e-14
6210.7142857 6.333555836999999e-14
6302.8571429 6.710853771000002e-14
6396.4285714 6.462789458000001e-14
6491.4285714 6.525228692e-14
6587.8571429 6.221671090000001e-14
6685.7142857 6.337596646e-14
6785.0 6.546831422000001e-14
6885.7142857 6.773787411e-14
6987.8571429 6.362652878000001e-14
7092.1428571 6.431788836e-14
7198.5714286 6.492337598e-14
7306.4285714 6.114399829e-14
7415.7142857 6.486572788e-14
7526.4285714 6.96353276e-14
7638.5714286 6.718404143e-14
7752.1428571 6.524447782e-14
7867.8571429 6.584401686e-14
7985.7142857 6.521599314000001e-14
8105.0 6.016039229999999e-14
8225.7142857 6.483506645000001e-14
8347.8571429 6.337703011e-14
8472.1428571 6.046620942e-14
8598.5714286 6.091206345e-14
8726.4285714 6.408995382000001e-14
8856.4285714 6.125644907e-14
8988.5714286 5.911627278e-14
9122.1428571 5.80134561e-14
9257.8571429 6.151188324e-14
9395.7142857 6.474845978000001e-14
9535.7142857 5.958946825999999e-14
9677.8571429 5.920133712e-14
9822.1428571 6.304176184e-14
9968.5714286 6.119921664e-14
10117.142857 5.807780198e-14
10267.857143 5.980866173e-14
10420.714286 6.166595487e-14
10575.714286 6.088322901999999e-14
10732.857143 5.829223368999999e-14
10892.857143 6.090194462e-14
11055.0 5.783451600999999e-14
11219.285714 5.706844239000001e-14
11386.428571 5.813077205e-14
11556.428571 5.866079718000001e-14
11728.571429 6.014707448e-14
11902.857143 5.501735471e-14
12080.0 5.599869582e-14
12260.0 5.705524508000002e-14
12442.857143 5.769167143e-14
12628.571429 5.735893446e-14
12817.142857 5.6494913119999994e-14
13007.857143 5.527220711000001e-14
13200.714286 5.733349943e-14
13396.428571 5.595311887e-14
13595.714286 5.6184874739999997e-14
13798.571429 5.3439769469999996e-14
14004.285714 5.393768810999999e-14
14212.857143 5.940262381e-14
14424.285714 5.330081891e-14
14638.571429 5.700016740999999e-14
14856.428571 5.2966068489999994e-14
15077.857143 5.2315932979999995e-14
15302.142857 5.5581231980000004e-14
15529.285714 5.066930373e-14
15760.0 5.353021358e-14
15994.285714 5.434946928e-14
16232.142857 5.404064562000001e-14
16473.571429 5.2748192090000004e-14
16718.571429 5.090895679000001e-14
16967.142857 5.108968877000001e-14
17219.285714 4.883768337e-14
17475.0 4.9093600350000006e-14
17734.285714 4.942309890999999e-14
17997.857143 4.938298805000001e-14
18265.714286 4.9230103409999994e-14
18537.142857 5.004202668e-14
18812.142857 4.963504840999999e-14
19091.428571 5.0802614960000004e-14
19375.0 4.813283811e-14
19662.857143 4.612434872000001e-14
19955.0 4.936428897e-14
20251.428571 4.759990693e-14
20552.142857 4.4525672739999994e-14
20857.142857 4.690424245e-14
21167.142857 4.339311719e-14
21482.142857 4.382458316e-14
21801.428571 4.562671154e-14
22125.0 4.399347047e-14
22453.571429 4.48582556e-14
22787.142857 4.3746084439999995e-14
23125.714286 4.2762510940000005e-14
23469.285714 4.2258078519999994e-14
23817.857143 4.2130987989999994e-14
24171.428571 4.100569744e-14
24530.0 4.059353564e-14
24894.285714 3.915957329e-14
25264.285714 4.03953276e-14
25640.0 4.1117191300000003e-14
26021.428571 3.748466019e-14
26408.571429 3.902833397e-14
26801.428571 3.8153025720000005e-14
27200.0 3.821354304e-14
27604.285714 3.8141098960000006e-14
28014.285714 3.8305664839999995e-14
28430.0 3.756172639e-14
28852.142857 3.682763752e-14
29280.714286 2.089225525e-12
29715.714286 3.583634154e-14
30157.142857 3.4481847040000004e-14
30605.0 3.401119792e-14
31059.285714 3.3776614539999996e-14
31520.0 3.321724798e-14
31987.857143 3.219779881e-14
32462.857143 3.2030708559999996e-14
32945.0 3.213761074e-14
33434.285714 3.2101923790000006e-14
33930.714286 3.0827020669999995e-14
34434.285714 3.09102545e-14
34945.0 3.071888292e-14
35463.571429 3.035384943000001e-14
35990.0 2.894481901e-14
36524.285714 2.859627306e-14
37066.428571 2.8230701709999998e-14
37616.428571 2.822392067e-14
38175.0 2.6691363540000002e-14
38742.142857 2.7152653580000008e-14
39317.142857 2.6034812840000002e-14
39900.0 2.5992804719999995e-14
40492.142857 2.4724588289999997e-14
41093.571429 2.5768251199999996e-14
41703.571429 2.9557282059999996e-14
42322.142857 2.5040623170000003e-14
42950.0 2.401447131e-14
43587.142857 2.323351173e-14
44233.571429 2.310433139e-14
44890.0 2.271940582e-14
45556.428571 2.2482990050000002e-14
46232.857143 2.2011209740000002e-14
46919.285714 2.124707627e-14
47615.714286 2.0748904709999997e-14
48322.142857 2.090468295e-14
49039.285714 2.028503729e-14
49767.142857 2.020751873e-14
50505.714286 1.957552726e-14
51255.0 1.964866804e-14
52015.0 1.899211268e-14
52786.428571 1.891364802e-14
53569.285714 1.8597771039999998e-14
54363.571429 1.833271123e-14
55170.0 1.7636607349999995e-14
55988.571429 1.754859381e-14
56819.285714 1.6872135489999997e-14
57662.142857 1.6889660960000002e-14
58517.142857 9.940857537e-13
59385.0 1.707095577e-14
60265.714286 1.679498386e-14
61159.285714 1.5892777379999998e-14
62066.428571 1.6394936050000003e-14
62987.142857 2.1556348159999996e-14
63921.428571 1.549212451e-14
64870.0 1.567570569e-14
65832.857143 1.548110139e-14
66810.0 1.542602145e-14
67801.428571 2.123835441e-14
68807.142857 1.570672194e-14
69827.857143 1.325717156e-14
70863.571429 1.311623705e-14
71914.285714 1.3051432830000001e-14
72980.714286 1.3944551960000001e-14
74062.857143 2.022300101e-14
75161.428571 3.063184122e-14
76276.428571 2.8382638010000004e-14
77407.857143 1.9375648400000003e-14
78556.428571 1.238718935e-14
79722.142857 1.172911161e-14
80905.0 1.3768968260000002e-14
82105.0 1.216030651e-14
83322.857143 1.962734524e-14
84558.571429 4.169816388e-14
85812.142857 6.468943960999999e-14
87084.285714 5.0991212340000005e-14
88375.714286 2.6632577889999995e-13
89686.428571 1.0235089736e-14
91016.428571 1.0582878587e-14
92366.428571 1.0506253455000001e-14
93736.428571 1.160708298e-14
95126.428571 1.0009089544999999e-14
96537.142857 9.182126772999999e-15
97969.285714 9.242051629e-15
99422.857143 9.127640678999999e-15
100897.85714 8.885093282000001e-15
102394.28571 8.855968649e-15
103912.85714 1.176144855e-14
105454.28571 1.0339408663e-14
107018.57143 8.376446579e-15
108605.71429 8.136315551999999e-15
110216.42857 7.971325336e-15
111851.42857 7.963783399e-15
113510.71429 8.098027095999999e-15
115194.28571 7.967990272e-15
116902.85714 3.578941814e-13
118636.42857 7.682531025999999e-15
120395.71429 7.602884225000001e-15
122181.42857 7.477021462e-15
123993.57143 7.527570878e-15
125832.85714 9.925611910999999e-15
127699.28571 7.357390483e-15
129592.85714 7.0187619379999995e-15
131514.28571 6.8118794539999995e-15
133464.28571 6.77943352e-15
135443.57143 6.809368099e-15
137452.14286 6.60135828e-15
139490.0 6.621843656999999e-15
141558.57143 6.527361162999999e-15
143657.85714 6.407831066e-15
145787.85714 2.4043971330000004e-13
147949.28571 8.263411828000001e-15
150142.85714 6.230561654e-15
152369.28571 6.190800970000001e-15
154628.57143 6.027682221999999e-15
156921.42857 6.122145313999999e-15
159248.57143 5.9463817109999994e-15
161610.0 5.8354123919999985e-15
164006.42857 5.825273738e-15
166438.57143 6.488342192e-15
168906.42857 5.924922248e-15
171410.71429 5.689307659e-15
173952.14286 5.76513244e-15
176531.42857 8.750131567e-14
179149.28571 5.5577022040000004e-15
181805.71429 5.481683803e-15
184501.42857 5.487811305e-15
187237.14286 5.690528591e-15
190013.57143 5.509796561000001e-15
192831.42857 5.4008181150000004e-15
195690.71429 5.3845790739999995e-15
198592.14286 5.231068751e-15
201536.42857 5.25347969e-15
204524.28571 9.097688780000002e-14
207556.42857 5.376787492999999e-15
210633.57143 5.2715452580000005e-15
213756.42857 5.202456068e-15
216925.71429 5.174441487e-15
220142.14286 5.304786365999999e-15
223406.42857 5.038568643e-15
226719.28571 5.039954825e-15
230080.71429 5.197804982000001e-15
233492.14286 6.189125633e-14
236954.28571 5.0961710570000006e-15
240467.14286 4.969352159e-15
244032.14286 4.891660341e-15
247650.0 4.902873069e-15
251321.42857 5.147785453e-15
255047.85714 4.900421743e-15
258830.0 4.910236263e-15
262667.85714 7.234186563e-14
266562.14286 5.036915947e-15
270514.28571 5.1153949949999996e-15
274525.0 4.906218333e-15
278595.0 4.9224159e-15
282725.71429 5.483172389000001e-15
286917.85714 4.7592363330000004e-15
291172.14286 5.349698363e-14
295489.28571 6.260395129e-15
299870.0 4.732335612e-15
304315.71429 4.71598232e-15
308827.85714 4.676923051000001e-15
313407.14286 5.2669193060000004e-15
318054.28571 4.863840937000001e-15
322770.0 1.3649511040000002e-13
327555.0 5.407866550000001e-15
332410.71429 4.909436495e-15
337338.57143 4.802921584e-15
342340.0 4.632301441e-15
347415.71429 4.658753819e-15
352566.42857 3.025837245e-14
357793.57143 5.693356825000001e-15
363098.57143 4.620569143e-15
368482.14286 4.584848643000001e-15
373945.0 4.713736346999999e-15
379488.57143 3.0676925299999997e-14
385114.28571 5.417663047e-15
390823.57143 4.505003989e-15
396617.85714 4.6462749549999996e-15
402497.85714 4.528948512e-15
408465.0 7.757343893e-15
414520.71429 5.316702777000001e-15
420666.42857 4.5620600639999995e-15
426903.57143 4.6660056330000004e-15
433232.85714 4.709123614e-15
439655.71429 6.4932179250000006e-15
446173.57143 4.402030657e-15
452787.85714 4.389413402e-15
459500.71429 4.421561317e-15
466313.57143 4.957870053999999e-15
473227.14286 4.390581957e-15
480242.85714 4.358646282e-15
487362.85714 4.3390683309999996e-15
494588.57143 4.818083417999999e-15
501920.71429 4.381949869000001e-15
509361.42857 4.293530214e-15
516912.85714 4.254154193e-15
524576.42857 4.3970925610000005e-15
532353.57143 4.21713342e-15
540245.71429 4.208153717000001e-15
548255.0 4.1739006640000006e-15
556382.85714 4.957358626999999e-15
564630.71429 4.251661545e-15
573001.42857 4.224347441e-15
581496.42857 4.073234695000001e-15
590117.14286 4.437890188e-15
598865.71429 4.032906745e-15
607743.57143 4.035338086e-15
616752.85714 4.86966239e-15
625895.71429 4.067450951e-15
635174.28571 3.922782771e-15
644590.71429 4.957821213e-15
654146.42857 4.090587026e-15
663843.57143 4.008964345e-15
673685.0 6.0483034399999995e-15
683672.85714 3.9319325230000005e-15
693808.57143 3.654170014e-15
704094.28571 4.865968627e-15
714532.14286 3.826267281e-15
725125.0 3.478027187e-15
735875.0 5.1164613679999994e-15
746784.28571 3.3856980180000003e-15
757855.71429 3.805259133000001e-15
769090.71429 3.48311323e-15
780492.14286 3.179307353e-15
792062.85714 4.012439440999999e-15
803805.0 3.142591924e-15
815721.42857 3.3938708369999998e-15
827814.28571 3.0382296519999996e-15
840086.42857 2.872215978e-15
852540.71429 3.658736789e-15
865179.28571 2.744221336e-15
878005.0 2.9482546619999995e-15
891020.71429 2.653707395e-15
904229.28571 3.243046198e-15
917633.57143 2.5092039840000004e-15
931237.14286 2.621947125e-15
945042.85714 2.3841857939999995e-15
959052.85714 2.3299577499999997e-15
973270.71429 2.9351178119999997e-15
987699.28571 2.182863444e-15
1002341.4286 2.290459704e-15
1017200.7143 2.057494104e-15
1032280.0 2.7489116660000003e-15
1047582.8571 2.176514985e-15
1063112.8571 1.896148236e-15
1078872.8571 2.569732914e-15
1094866.4286 1.7829203030000003e-15
1111097.1429 1.998211317e-15
1127568.5714 1.6958689209999998e-15
1144284.2857 2.315123884e-15
1161247.8571 1.5731351519999999e-15
1178462.8571 1.786238713e-15
1195932.8571 2.07063995e-15
1213662.1429 1.4339055999999999e-15
1231654.2857 1.5861352650000002e-15
1249912.8571 1.3390688820000003e-15
1268442.1429 1.7648321719999998e-15
1287246.4286 1.41495357e-15
1306329.2857 1.21410497e-15
1325695.0 1.505913205e-15
1345347.8571 1.2469515570000002e-15
1365292.1429 1.094936999e-15
1385532.1429 1.290747183e-15
1406072.1429 1.135755315e-15
1426916.4286 1.206369377e-15
1448069.2857 9.542099722e-16
1469535.7143 1.0181824624000001e-15
1491320.7143 1.109925276e-15
1513428.5714 9.655100933000002e-16
1535863.5714 8.329909171999999e-16
1558631.4286 1.041580009e-15
1581737.1429 8.790461833000001e-16
1605185.7143 1.0078858939000002e-15
1628982.1429 7.388640840000001e-16
1653130.7143 7.713921911999999e-16
1677637.1429 9.407389029e-16
1702507.1429 7.260342777e-16
1727745.7143 8.847217774e-16
1753358.5714 6.813117688000001e-16
1779351.4286 8.214635071e-16
1805729.2857 6.301554388e-16
1832497.8571 5.591242644e-16
1859663.5714 7.496931768000001e-16
1887232.1429 6.067096615e-16
1915209.2857 7.157059606999999e-16
1943600.7143 5.854307695e-16
1972412.8571 6.799404436000001e-16
2001652.1429 5.648419907e-16
2031325.0 6.528962769e-16
2061437.8571 5.358886264e-16
2091997.1429 5.992809798e-16
2123009.2857 4.9738486e-16
2154480.7143 6.432739771999999e-16
2186418.5714 5.431228947e-16
2218830.0 4.383731517e-16
2251722.1429 5.272623925999999e-16
2285102.1429 4.0341666799999997e-16
2318977.1429 5.302639699e-16
2353354.2857 3.85901323e-16
2388240.7143 5.805429080999999e-16
2423644.2857 5.482307287e-16
2459572.8571 3.5500943229999992e-16
2496034.2857 5.113135935e-16
2533036.4286 5.394081668999999e-16
2570587.1429 3.381818887e-16
2608694.2857 4.2367444579999994e-16
2647365.7143 4.775315538e-16
2686610.7143 3.280395364e-16
2726437.8571 4.0397627529999995e-16
2766855.0 5.202952465e-16
2807871.4286 3.2403246160000004e-16
2849495.7143 4.444420425e-16
2891737.1429 5.797431534999999e-16
2934605.0 2.998559872000001e-16
2978107.8571 5.860974285999999e-16
3022255.7143 5.091498209000001e-16
3067057.8571 6.409355762e-16
3112524.2857 3.872568049e-16
3158665.0 6.357003588000002e-16
3205489.2857 8.966722777000001e-16
3253007.8571 7.77995049e-16
3301230.7143 1.218330185e-15
3350168.5714 1.4954398560000002e-15
3399832.1429 6.424077112000001e-16
3450231.4286 1.841005468e-15
3501377.8571 2.031040619e-15
3553282.8571 1.875949681e-15
3605957.1429 1.129313683e-15
3659412.1429 1.014960491e-15
3713660.0 6.730733323000001e-16
3768712.1429 4.616907381e-16
3824580.0 3.3868532190000003e-16
3881275.7143 2.5593492259999995e-16
3938812.1429 2.113120174e-16
3997201.4286 1.8516810219999998e-16
4056456.4286 1.711629042e-16
4116590.0 1.5576564540000002e-16
4177615.0 1.437265584e-16
4239544.2857 1.3248713259999999e-16
4302391.4286 1.2169209680000001e-16
4366170.7143 1.199599157e-16
4430895.0 1.125371804e-16
4496578.5714 1.06056349e-16
4563236.4286 1.0266516380000001e-16
4630882.1429 1.082872412e-16
4699530.0 9.603325939e-17
4769195.7143 9.125013994999999e-17
4839894.2857 9.56628355e-17
4911640.7143 8.945176294e-17
4973888.5714 9.201260979000001e-17
