# F_set      Vpp_set   F0           Vpp0   OVL0 RNG0  F1           Vpp1   OVL1 RNG1
1.000000e+03 0.156250  9.999740e+02 7.719620 0 5e+00  9.999745e+02 0.151257 0 5e+00
1.088904e+03 0.156250  1.088891e+03 7.718240 0 1e+01  1.088892e+03 0.151126 0 2e-01
1.185713e+03 0.156250  1.185714e+03 7.718700 0 1e+01  1.185714e+03 0.151137 0 2e-01
1.291127e+03 0.156250  1.291118e+03 7.717480 0 1e+01  1.291118e+03 0.151113 0 2e-01
1.405914e+03 0.156250  1.405875e+03 7.716840 0 1e+01  1.405875e+03 0.151102 0 2e-01
1.530906e+03 0.156250  1.530870e+03 7.717720 0 1e+01  1.530870e+03 0.151119 0 2e-01
1.667010e+03 0.156250  1.667001e+03 7.715640 0 1e+01  1.667001e+03 0.151081 0 2e-01
1.815214e+03 0.156250  1.815203e+03 7.714240 0 1e+01  1.815204e+03 0.151053 0 2e-01
1.976595e+03 0.156250  1.976586e+03 7.714680 0 1e+01  1.976586e+03 0.151067 0 2e-01
2.152322e+03 0.156250  2.152264e+03 7.714260 0 1e+01  2.152264e+03 0.151058 0 2e-01
2.343673e+03 0.156250  2.343610e+03 7.714320 0 1e+01  2.343610e+03 0.151061 0 2e-01
2.552035e+03 0.156250  2.551970e+03 7.713180 0 1e+01  2.551970e+03 0.151040 0 2e-01
2.778922e+03 0.156250  2.778848e+03 7.712480 0 1e+01  2.778848e+03 0.151025 0 2e-01
3.025980e+03 0.156250  3.025972e+03 7.710500 0 1e+01  3.025970e+03 0.150986 0 2e-01
3.295003e+03 0.156250  3.294988e+03 7.717380 0 1e+01  3.294987e+03 0.151125 0 2e-01
3.587943e+03 0.156250  3.587864e+03 7.710220 0 1e+01  3.587866e+03 0.150985 0 2e-01
3.906926e+03 0.156250  3.906829e+03 7.710620 0 1e+01  3.906829e+03 0.150991 0 2e-01
4.254269e+03 0.156250  4.254272e+03 7.710280 0 1e+01  4.254272e+03 0.150980 0 2e-01
4.632491e+03 0.156250  4.632424e+03 7.709980 0 1e+01  4.632427e+03 0.150988 0 2e-01
5.044339e+03 0.156250  5.044314e+03 7.709060 0 1e+01  5.044318e+03 0.150977 0 2e-01
5.492803e+03 0.156250  5.492768e+03 7.707320 0 1e+01  5.492765e+03 0.150945 0 2e-01
5.981136e+03 0.156250  5.980989e+03 7.710500 0 1e+01  5.980986e+03 0.151021 0 2e-01
6.512885e+03 0.156250  6.512712e+03 7.709560 0 1e+01  6.512713e+03 0.151002 0 2e-01
7.091908e+03 0.156250  7.091742e+03 7.709020 0 1e+01  7.091746e+03 0.150996 0 2e-01
7.722409e+03 0.156250  7.722207e+03 7.709860 0 1e+01  7.722204e+03 0.151028 0 2e-01
8.408964e+03 0.156250  8.408919e+03 7.709300 0 1e+01  8.408907e+03 0.151041 0 2e-01
9.156557e+03 0.156250  9.156490e+03 7.709880 0 1e+01  9.156477e+03 0.151059 0 2e-01
9.970614e+03 0.156250  9.970524e+03 7.710640 0 1e+01  9.970538e+03 0.151095 0 2e-01
1.085704e+04 0.156250  1.085705e+04 7.711180 0 1e+01  1.085704e+04 0.151128 0 2e-01
1.182228e+04 0.156250  1.182203e+04 7.711480 0 1e+01  1.182202e+04 0.151156 0 2e-01
1.287333e+04 0.156250  1.287300e+04 7.711420 0 1e+01  1.287300e+04 0.151178 0 2e-01
1.401783e+04 0.156250  1.401747e+04 7.710680 0 1e+01  1.401749e+04 0.151204 0 2e-01
1.526407e+04 0.156250  1.526368e+04 7.709160 0 1e+01  1.526369e+04 0.151200 0 2e-01
1.662111e+04 0.156250  1.662106e+04 7.706560 0 1e+01  1.662103e+04 0.151190 0 2e-01
1.809880e+04 0.156250  1.809837e+04 7.703060 0 1e+01  1.809841e+04 0.151164 0 2e-01
1.970786e+04 0.156250  1.970762e+04 7.699760 0 1e+01  1.970759e+04 0.151149 0 2e-01
2.145997e+04 0.156250  2.145941e+04 7.697320 0 1e+01  2.145945e+04 0.151154 0 2e-01
2.336786e+04 0.156250  2.336725e+04 7.693920 0 1e+01  2.336724e+04 0.151159 0 2e-01
2.544536e+04 0.156250  2.544471e+04 7.688540 0 1e+01  2.544471e+04 0.151148 0 2e-01
2.770756e+04 0.156250  2.770691e+04 7.683320 0 1e+01  2.770695e+04 0.151154 0 2e-01
3.017088e+04 0.156250  3.017087e+04 7.679380 0 1e+01  3.017080e+04 0.151191 0 2e-01
3.285320e+04 0.156250  3.285247e+04 7.671860 0 1e+01  3.285238e+04 0.151169 0 2e-01
3.577399e+04 0.156250  3.577322e+04 7.667660 0 1e+01  3.577311e+04 0.151221 0 2e-01
3.895445e+04 0.156250  3.895369e+04 7.656940 0 1e+01  3.895352e+04 0.151222 0 2e-01
4.241767e+04 0.156250  4.241783e+04 7.649240 0 1e+01  4.241762e+04 0.151238 0 2e-01
4.618878e+04 0.156250  4.618892e+04 7.636660 0 1e+01  4.618892e+04 0.151259 0 2e-01
5.029516e+04 0.156250  5.029486e+04 7.624360 0 1e+01  5.029510e+04 0.151283 0 2e-01
5.476662e+04 0.156250  5.476563e+04 7.586340 0 1e+01  5.476598e+04 0.151292 0 2e-01
5.963560e+04 0.156250  5.963411e+04 7.488380 0 1e+01  5.963455e+04 0.151359 0 2e-01
6.493746e+04 0.156250  6.493677e+04 7.328420 0 1e+01  6.493750e+04 0.151391 0 2e-01
7.071068e+04 0.156250  7.071068e+04 7.106220 0 1e+01  7.070984e+04 0.151402 0 2e-01
7.699716e+04 0.156250  7.699624e+04 6.839480 0 1e+01  7.699536e+04 0.151464 0 2e-01
8.384254e+04 0.156250  8.384174e+04 6.547200 0 1e+01  8.384273e+04 0.151504 0 2e-01
9.129649e+04 0.156250  9.129535e+04 6.231320 0 1e+01  9.129431e+04 0.151549 0 2e-01
9.941314e+04 0.156250  9.941315e+04 5.905420 0 1e+01  9.941215e+04 0.151586 0 2e-01
1.082514e+05 0.156250  1.082510e+05 5.561700 0 1e+01  1.082493e+05 0.151608 0 2e-01
1.178754e+05 0.156250  1.178744e+05 5.191720 0 1e+01  1.178736e+05 0.151667 0 2e-01
1.283550e+05 0.156250  1.283556e+05 4.799800 0 1e+01  1.283538e+05 0.151668 0 2e-01
1.397663e+05 0.156250  1.397676e+05 4.420220 0 5e+00  1.397637e+05 0.151675 0 2e-01
1.521922e+05 0.156250  1.521900e+05 4.057840 0 5e+00  1.521889e+05 0.151729 0 2e-01
1.657227e+05 0.156250  1.657225e+05 3.721060 0 5e+00  1.657193e+05 0.151715 0 2e-01
1.804562e+05 0.156250  1.804542e+05 3.411520 0 5e+00  1.804548e+05 0.151722 0 2e-01
1.964995e+05 0.156250  1.964983e+05 3.126320 0 5e+00  1.964963e+05 0.151739 0 2e-01
2.139691e+05 0.156250  2.139642e+05 2.864280 0 5e+00  2.139699e+05 0.151727 0 2e-01
2.329919e+05 0.156250  2.329900e+05 2.623240 0 5e+00  2.329905e+05 0.151703 0 2e-01
2.537059e+05 0.156250  2.536985e+05 2.399360 0 5e+00  2.537065e+05 0.151677 0 2e-01
2.762614e+05 0.156250  2.762606e+05 2.194020 0 5e+00  2.762554e+05 0.151732 0 2e-01
3.008222e+05 0.156250  3.008152e+05 2.005220 0 5e+00  3.008156e+05 0.151727 0 2e-01
3.275666e+05 0.156250  3.275673e+05 1.831298 0 5e+00  3.275655e+05 0.151584 0 2e-01
3.566887e+05 0.156250  3.566856e+05 1.676960 0 2e+00  3.566858e+05 0.151624 0 2e-01
3.883998e+05 0.156250  3.883845e+05 1.528346 0 2e+00  3.883997e+05 0.151629 0 2e-01
4.229302e+05 0.156250  4.229079e+05 1.391586 0 2e+00  4.229228e+05 0.151588 0 2e-01
4.605305e+05 0.156250  4.605152e+05 1.266230 0 2e+00  4.605314e+05 0.151617 0 2e-01
5.014736e+05 0.156250  5.014596e+05 1.151442 0 2e+00  5.014604e+05 0.151463 0 2e-01
5.460568e+05 0.156250  5.460546e+05 1.044554 0 2e+00  5.460527e+05 0.151340 0 2e-01
5.946036e+05 0.156250  5.946297e+05 0.942758 0 2e+00  5.945947e+05 0.151285 0 2e-01
6.474664e+05 0.156250  6.474936e+05 0.863600 0 1e+00  6.474691e+05 0.151042 0 2e-01
7.050289e+05 0.156250  7.051049e+05 0.764330 0 2e+00  7.050283e+05 0.151071 0 5e-01
7.677089e+05 0.156250  7.677315e+05 0.698196 0 1e+00  7.676942e+05 0.150836 0 2e-01
8.359616e+05 0.156250  8.359756e+05 0.615536 0 2e+00  8.359598e+05 0.150699 0 5e-01
9.102821e+05 0.156250  9.102769e+05 0.557292 0 1e+00  9.102589e+05 0.150386 0 2e-01
9.912101e+05 0.156250  9.911616e+05 0.486792 0 2e+00  9.911820e+05 0.150299 0 5e-01
1.079333e+06 0.156250  1.079389e+06 0.433922 0 2e+00  1.079311e+06 0.151421 0 1e+00
1.175290e+06 0.156250  1.175323e+06 0.396890 0 1e+00  1.175259e+06 0.149691 0 5e-01
1.279778e+06 0.156250  1.279763e+06 0.352222 0 1e+00  1.279755e+06 0.149111 0 5e-01
1.393556e+06 0.156250  1.393530e+06 0.312888 0 1e+00  1.393538e+06 0.148579 0 5e-01
1.517449e+06 0.156250  1.517434e+06 0.275424 0 1e+00  1.517424e+06 0.148121 0 5e-01
1.652357e+06 0.156250  1.652253e+06 0.242064 0 1e+00  1.652371e+06 0.147322 0 5e-01
1.799259e+06 0.156250  1.799179e+06 0.217674 0 1e+00  1.799247e+06 0.146284 0 5e-01
1.959220e+06 0.156250  1.959331e+06 0.186441 0 1e+00  1.959180e+06 0.145454 0 5e-01
2.133404e+06 0.156250  2.133657e+06 0.164210 0 1e+00  2.133399e+06 0.149153 0 1e+00
2.323072e+06 0.156250  2.322413e+06 0.134618 0 1e+00  2.323045e+06 0.148892 0 1e+00
2.529603e+06 0.156250  2.529970e+06 0.119648 0 1e+00  2.529538e+06 0.148431 0 1e+00
2.754496e+06 0.156250  2.754660e+06 0.097057 0 1e+00  2.754485e+06 0.147415 0 1e+00
2.999382e+06 0.156250  2.998367e+06 0.076816 0 1e+00  2.999336e+06 0.136385 0 2e+00
3.266040e+06 0.156250  3.264963e+06 0.058021 0 2e+00  3.265900e+06 0.135070 0 5e+00
3.556405e+06 0.156250  3.556153e+06 0.045544 0 2e+00  3.556481e+06 0.132208 0 5e+00
3.872585e+06 0.156250  3.872059e+06 0.039509 0 5e-01  3.872719e+06 0.126839 0 2e+00
4.216874e+06 0.156250  4.211662e+06 0.035229 0 1e+00  4.217119e+06 0.124372 0 5e+00
4.591772e+06 0.156250  4.592549e+06 0.021439 0 5e-01  4.592072e+06 0.120138 0 2e+00
5.000000e+06 0.156250  0.000000e+00 0.000000 0 1e-01  4.878883e+06 0.025002 0 5e-01
