# F_set      Vpp_set   F0           Vpp0   OVL0 RNG0  F1           Vpp1   OVL1 RNG1
1.000000e+03 8.000000  9.999782e+02 8.043220 0 1e+01  9.999782e+02 8.044880 0 1e+01
1.088904e+03 8.000000  1.088903e+03 8.045220 0 1e+01  1.088903e+03 8.047060 0 1e+01
1.185713e+03 8.000000  1.185688e+03 8.044540 0 1e+01  1.185688e+03 8.046380 0 1e+01
1.291127e+03 8.000000  1.291123e+03 8.044020 0 1e+01  1.291123e+03 8.045780 0 1e+01
1.405914e+03 8.000000  1.405905e+03 8.043100 0 1e+01  1.405904e+03 8.044800 0 1e+01
1.530906e+03 8.000000  1.530894e+03 8.042760 0 1e+01  1.530894e+03 8.044380 0 1e+01
1.667010e+03 8.000000  1.666959e+03 8.041820 0 1e+01  1.666959e+03 8.043500 0 1e+01
1.815214e+03 8.000000  1.815186e+03 8.041120 0 1e+01  1.815186e+03 8.042940 0 1e+01
1.976595e+03 8.000000  1.976540e+03 8.040380 0 1e+01  1.976540e+03 8.042260 0 1e+01
2.152322e+03 8.000000  2.152280e+03 8.040180 0 1e+01  2.152280e+03 8.042060 0 1e+01
2.343673e+03 8.000000  2.343624e+03 8.039500 0 1e+01  2.343624e+03 8.041360 0 1e+01
2.552035e+03 8.000000  2.552005e+03 8.038400 0 1e+01  2.552006e+03 8.040200 0 1e+01
2.778922e+03 8.000000  2.778909e+03 8.038080 0 1e+01  2.778909e+03 8.040040 0 1e+01
3.025980e+03 8.000000  3.025909e+03 8.037360 0 1e+01  3.025909e+03 8.039220 0 1e+01
3.295003e+03 8.000000  3.294920e+03 8.037760 0 1e+01  3.294920e+03 8.039440 0 1e+01
3.587943e+03 8.000000  3.587862e+03 8.037440 0 1e+01  3.587862e+03 8.039180 0 1e+01
3.906926e+03 8.000000  3.906929e+03 8.036960 0 1e+01  3.906929e+03 8.038800 0 1e+01
4.254269e+03 8.000000  4.254272e+03 8.036360 0 1e+01  4.254272e+03 8.038120 0 1e+01
4.632491e+03 8.000000  4.632406e+03 8.036560 0 1e+01  4.632407e+03 8.038320 0 1e+01
5.044339e+03 8.000000  5.044283e+03 8.036440 0 1e+01  5.044283e+03 8.038240 0 1e+01
5.492803e+03 8.000000  5.492728e+03 8.036740 0 1e+01  5.492729e+03 8.038620 0 1e+01
5.981136e+03 8.000000  5.981118e+03 8.037520 0 1e+01  5.981117e+03 8.039120 0 1e+01
6.512885e+03 8.000000  6.512884e+03 8.036320 0 1e+01  6.512884e+03 8.038060 0 1e+01
7.091908e+03 8.000000  7.091905e+03 8.036740 0 1e+01  7.091904e+03 8.038360 0 1e+01
7.722409e+03 8.000000  7.722356e+03 8.037120 0 1e+01  7.722358e+03 8.038660 0 1e+01
8.408964e+03 8.000000  8.408787e+03 8.037460 0 1e+01  8.408785e+03 8.039000 0 1e+01
9.156557e+03 8.000000  9.156432e+03 8.038240 0 1e+01  9.156434e+03 8.039780 0 1e+01
9.970614e+03 8.000000  9.970423e+03 8.038520 0 1e+01  9.970424e+03 8.039880 0 1e+01
1.085704e+04 8.000000  1.085693e+04 8.039440 0 1e+01  1.085693e+04 8.040760 0 1e+01
1.182228e+04 8.000000  1.182207e+04 8.039740 0 1e+01  1.182207e+04 8.040960 0 1e+01
1.287333e+04 8.000000  1.287300e+04 8.041340 0 1e+01  1.287300e+04 8.042560 0 1e+01
1.401783e+04 8.000000  1.401766e+04 8.041060 0 1e+01  1.401766e+04 8.041820 0 1e+01
1.526407e+04 8.000000  1.526391e+04 8.039440 0 1e+01  1.526391e+04 8.040120 0 1e+01
1.662111e+04 8.000000  1.662069e+04 8.037820 0 1e+01  1.662069e+04 8.038560 0 1e+01
1.809880e+04 8.000000  1.809886e+04 8.035900 0 1e+01  1.809886e+04 8.036400 0 1e+01
1.970786e+04 8.000000  1.970740e+04 8.034700 0 1e+01  1.970741e+04 8.034840 0 1e+01
2.145997e+04 8.000000  2.145983e+04 8.032960 0 1e+01  2.145982e+04 8.032840 0 1e+01
2.336786e+04 8.000000  2.336773e+04 8.031020 0 1e+01  2.336772e+04 8.030280 0 1e+01
2.544536e+04 8.000000  2.544541e+04 8.030920 0 1e+01  2.544541e+04 8.029800 0 1e+01
2.770756e+04 8.000000  2.770710e+04 8.030440 0 1e+01  2.770708e+04 8.028640 0 1e+01
3.017088e+04 8.000000  3.017077e+04 8.028640 0 1e+01  3.017075e+04 8.026360 0 1e+01
3.285320e+04 8.000000  3.285257e+04 8.027960 0 1e+01  3.285259e+04 8.024700 0 1e+01
3.577399e+04 8.000000  3.577341e+04 8.029140 0 1e+01  3.577344e+04 8.024700 0 1e+01
3.895445e+04 8.000000  3.895460e+04 8.026700 0 1e+01  3.895460e+04 8.021000 0 1e+01
4.241767e+04 8.000000  4.241759e+04 8.027180 0 1e+01  4.241756e+04 8.020080 0 1e+01
4.618878e+04 8.000000  4.618889e+04 8.026340 0 1e+01  4.618886e+04 8.017560 0 1e+01
5.029516e+04 8.000000  5.029503e+04 8.017980 0 1e+01  5.029509e+04 8.016200 0 1e+01
5.476662e+04 8.000000  5.476584e+04 7.950200 0 1e+01  5.476597e+04 8.013300 0 1e+01
5.963560e+04 8.000000  5.963464e+04 7.808940 0 1e+01  5.963449e+04 8.010700 0 1e+01
6.493746e+04 8.000000  6.493767e+04 7.601940 0 1e+01  6.493762e+04 8.007520 0 1e+01
7.071068e+04 8.000000  7.070899e+04 7.344340 0 1e+01  7.070886e+04 8.005920 0 1e+01
7.699716e+04 8.000000  7.699574e+04 7.048060 0 1e+01  7.699540e+04 8.002720 0 1e+01
8.384254e+04 8.000000  8.384242e+04 6.726860 0 1e+01  8.384278e+04 7.999700 0 1e+01
9.129649e+04 8.000000  9.129504e+04 6.387460 0 1e+01  9.129588e+04 7.996000 0 1e+01
9.941314e+04 8.000000  9.941162e+04 6.016400 0 1e+01  9.941282e+04 7.995140 0 1e+01
1.082514e+05 8.000000  1.082488e+05 5.606780 0 1e+01  1.082502e+05 7.993280 0 1e+01
1.178754e+05 8.000000  1.178727e+05 5.178000 0 1e+01  1.178738e+05 7.989760 0 1e+01
1.283550e+05 8.000000  1.283543e+05 4.754900 0 1e+01  1.283519e+05 7.989360 0 1e+01
1.397663e+05 8.000000  1.397663e+05 4.364140 0 5e+00  1.397634e+05 7.987760 0 1e+01
1.521922e+05 8.000000  1.521926e+05 4.002960 0 5e+00  1.521894e+05 7.985160 0 1e+01
1.657227e+05 8.000000  1.657204e+05 3.674420 0 5e+00  1.657233e+05 7.987080 0 1e+01
1.804562e+05 8.000000  1.804530e+05 3.372780 0 5e+00  1.804526e+05 7.986480 0 1e+01
1.964995e+05 8.000000  1.964984e+05 3.096180 0 5e+00  1.964964e+05 7.983460 0 1e+01
2.139691e+05 8.000000  2.139645e+05 2.837420 0 5e+00  2.139683e+05 7.986140 0 1e+01
2.329919e+05 8.000000  2.329919e+05 2.596340 0 5e+00  2.329880e+05 7.982560 0 1e+01
2.537059e+05 8.000000  2.536998e+05 2.374740 0 5e+00  2.537061e+05 7.979220 0 1e+01
2.762614e+05 8.000000  2.762564e+05 2.168400 0 5e+00  2.762625e+05 7.982840 0 1e+01
3.008222e+05 8.000000  3.008227e+05 1.977812 0 5e+00  3.008189e+05 7.982660 0 1e+01
3.275666e+05 8.000000  3.275667e+05 1.806472 0 2e+00  3.275596e+05 7.981100 0 1e+01
3.566887e+05 8.000000  3.566825e+05 1.643832 0 2e+00  3.566896e+05 7.977440 0 1e+01
3.883998e+05 8.000000  3.883951e+05 1.493020 0 2e+00  3.884014e+05 7.979880 0 1e+01
4.229302e+05 8.000000  4.229303e+05 1.352454 0 2e+00  4.229307e+05 7.975780 0 1e+01
4.605305e+05 8.000000  4.605310e+05 1.222396 0 2e+00  4.605292e+05 7.975520 0 1e+01
5.014736e+05 8.000000  5.014618e+05 1.100960 0 2e+00  5.014624e+05 7.980160 0 1e+01
5.460568e+05 8.000000  5.460494e+05 0.985754 0 2e+00  5.460426e+05 7.976800 0 1e+01
5.946036e+05 8.000000  5.945912e+05 0.894468 0 1e+00  5.945893e+05 7.975540 0 1e+01
6.474664e+05 8.000000  6.474603e+05 0.797792 0 1e+00  6.474683e+05 7.969920 0 1e+01
7.050289e+05 8.000000  7.050185e+05 0.711740 0 1e+00  7.050110e+05 7.970360 0 1e+01
7.677089e+05 8.000000  7.677081e+05 0.661816 0 1e+00  7.677119e+05 7.965360 0 1e+01
8.359616e+05 8.000000  8.359559e+05 0.601978 0 1e+00  8.359506e+05 7.958580 0 1e+01
9.102821e+05 8.000000  9.102891e+05 0.533962 0 1e+00  9.102858e+05 7.945860 0 1e+01
9.912101e+05 8.000000  9.912104e+05 0.446506 0 1e+00  9.912067e+05 7.941840 0 1e+01
1.079333e+06 8.000000  1.079322e+06 0.415704 0 5e-01  1.079337e+06 7.919800 0 1e+01
1.175290e+06 8.000000  1.175292e+06 0.356850 0 5e-01  1.175260e+06 7.907580 0 1e+01
1.279778e+06 8.000000  1.279751e+06 0.299474 0 5e-01  1.279767e+06 7.877840 0 1e+01
1.393556e+06 8.000000  1.393524e+06 0.166554 0 5e-01  1.393539e+06 7.852700 0 1e+01
1.517449e+06 8.000000  1.517455e+06 0.147721 0 1e+00  1.517453e+06 7.959260 0 2e+01
1.652357e+06 8.000000  1.650488e+06 0.082801 0 2e+00  1.652357e+06 7.948120 0 2e+01
1.799259e+06 8.000000  0.000000e+00 0.000000 0 1e-01  1.799250e+06 7.733900 0 1e+01
1.959220e+06 8.000000  1.959197e+06 0.022247 0 1e-01  1.959182e+06 7.915220 0 2e+01
2.133404e+06 8.000000  2.133378e+06 0.019582 0 5e-02  2.133426e+06 7.617240 0 1e+01
2.323072e+06 8.000000  2.323041e+06 0.023160 0 5e-02  2.323027e+06 7.855180 0 2e+01
2.529603e+06 8.000000  2.529554e+06 0.030399 0 5e-02  2.529626e+06 7.467380 0 1e+01
2.754496e+06 8.000000  0.000000e+00 0.000000 0 1e-01  2.754430e+06 7.792940 0 2e+01
2.999382e+06 8.000000  0.000000e+00 0.000000 0 1e-02  2.999352e+06 7.273640 0 1e+01
3.266040e+06 8.000000  3.266170e+06 0.001818 0 1e-02  3.265908e+06 7.166600 0 1e+01
3.556405e+06 8.000000  3.556385e+06 0.001902 0 1e-02  3.556455e+06 7.014160 0 1e+01
3.872585e+06 8.000000  3.872350e+06 0.002021 0 1e-02  3.872610e+06 6.826760 0 1e+01
4.216874e+06 8.000000  4.217088e+06 0.002109 0 1e-02  4.216772e+06 6.670740 0 1e+01
4.591772e+06 8.000000  4.591733e+06 0.002259 0 1e-02  4.591931e+06 6.489120 0 1e+01
5.000000e+06 8.000000  0.000000e+00 0.000000 0 1e-02  0.000000e+00 0.000000 0 1e+01
