# freq [Hz]  noise density [V^2/Hz]
1.4285714286 5.899356015e-9
4.2857142857 4.1933549195999997e-13
5.7142857143 2.94883106e-13
7.1428571429 2.0608071512999998e-13
8.5714285714 1.8120441446999997e-13
10.0 2.1045105063e-13
11.428571429 1.5701897200900004e-13
12.857142857 9.599170949000001e-14
14.285714286 6.150492866299999e-14
15.714285714 1.4204658789700003e-13
17.142857143 1.1349754697e-13
18.571428571 6.693070967400001e-14
20.0 1.1872405559920002e-13
21.428571429 4.3589696873399996e-14
22.857142857 1.0062963835129999e-13
24.285714286 3.94623686866e-14
25.714285714 8.0421728383e-14
27.142857143 9.04233206e-14
28.571428571 5.3393934101000006e-14
30.0 4.4556206959999996e-14
31.428571429 5.434844298e-14
32.857142857 6.4975619693e-14
34.285714286 4.478098084000001e-14
35.714285714 2.9182456855e-14
37.142857143 8.034404076399999e-14
38.571428571 3.5420478172000005e-14
40.0 4.4494778199e-14
41.428571429 3.1160549650000003e-14
42.857142857 2.9060460328e-14
44.285714286 5.762332231999999e-14
45.714285714 5.1234568235e-14
47.142857143 4.2196244007e-14
48.571428571 2.5646071737999998e-14
50.0 6.1596029770000006e-12
51.428571429 4.5034036114000004e-14
52.857142857 3.89736587227e-14
54.285714286 4.999083106199999e-14
55.714285714 6.8406618676e-14
57.142857143 6.00773904205e-14
58.571428571 3.8915429188e-14
60.0 2.6231959829999996e-11
61.428571429 6.8216582302e-14
62.857142857 7.36392063e-14
64.285714286 6.553027744e-14
65.714285714 7.263743562100001e-14
67.142857143 3.3234558631000006e-14
68.571428571 5.6103969925999994e-14
70.0 5.826875928000001e-14
71.428571429 5.879092938599999e-14
72.857142857 4.098322311e-14
74.285714286 5.274462143e-14
75.714285714 3.3951499893799996e-14
77.142857143 3.0444477604e-14
78.571428571 2.9187306566000005e-14
80.0 3.2386385143200004e-14
81.428571429 2.3933721288999998e-14
82.857142857 2.9912513699e-14
84.285714286 2.62754472389e-14
85.714285714 4.312024366199999e-14
87.142857143 5.059459409699999e-14
88.571428571 2.5784750866000005e-14
90.0 2.9062473661999994e-14
91.428571429 3.903172002799999e-14
92.857142857 2.3987080711000002e-14
94.285714286 5.5744619013999996e-14
95.714285714 3.180797922479001e-14
97.142857143 7.0128550371e-14
99.285714286 5.1178931982000005e-14
102.14285714 3.805356094e-14
105.0 4.754675525000001e-14
107.85714286 3.6479117447e-14
110.71428571 4.177609328e-14
113.57142857 5.418220039000001e-14
116.42857143 2.5623660941999998e-14
119.28571429 4.759047455e-13
122.14285714 4.361384242e-14
125.0 4.8823516838999994e-14
127.85714286 4.1098188719999994e-14
130.71428571 3.0372512867e-14
133.57142857 4.138093397e-14
136.42857143 3.6724683119999996e-14
139.28571429 3.521442801e-14
142.14285714 3.673374089e-14
145.0 2.5673944484e-14
147.85714286 4.086905837e-14
150.71428571 4.338357695e-13
153.57142857 4.3588201346e-14
156.42857143 4.4635222989999997e-14
159.28571429 4.1091322890000005e-14
162.14285714 4.9242074109999994e-14
165.0 4.0611405455e-14
167.85714286 4.5942498943e-14
170.71428571 2.4308125711e-14
173.57142857 3.1977311769e-14
176.42857143 4.137351461e-14
179.28571429 2.8482505690000002e-12
182.14285714 3.416021133e-14
185.0 2.3645221103999996e-14
187.85714286 2.5768726328e-14
190.71428571 3.273764976e-14
193.57142857 4.6372942729e-14
197.14285714 3.438356944e-14
201.42857143 4.882307915900001e-14
205.71428571 2.776458712e-14
210.0 3.8412316200000003e-14
214.28571429 3.938539421e-14
218.57142857 3.806885657e-14
222.85714286 3.7779204141e-14
227.14285714 4.314864998999999e-14
231.42857143 4.3729485500000014e-14
235.71428571 3.046579932e-14
240.0 1.208565568e-12
244.28571429 2.8534331628e-14
248.57142857 5.093807407e-14
252.85714286 3.2629277347e-14
257.14285714 4.578558026e-14
261.42857143 5.0688516400000005e-14
265.71428571 4.173252046e-14
270.0 3.091180141e-14
274.28571429 4.238193027e-14
278.57142857 4.660050427e-14
282.85714286 4.215333646e-14
287.14285714 2.3314883002000004e-14
291.42857143 3.5394795306e-14
296.42857143 3.871520051e-14
302.14285714 1.5978671342000002e-13
307.85714286 4.1827762107000004e-14
313.57142857 5.211186678e-14
319.28571429 3.7751959720000004e-14
325.0 3.618143464e-14
330.71428571 3.176717718e-14
336.42857143 3.5781873139999994e-14
342.14285714 3.873613918e-14
347.85714286 3.7206261769999996e-14
353.57142857 3.699054516999999e-14
359.28571429 4.783269067e-13
365.0 4.196634478e-14
370.71428571 3.884009086e-14
376.42857143 2.6720802609999998e-14
382.14285714 3.613911145e-14
387.85714286 4.304881754e-14
394.28571429 3.379685815e-14
401.42857143 4.01004062e-14
408.57142857 3.1984299260000005e-14
415.71428571 3.7821516534000004e-14
422.85714286 3.140339161e-13
430.0 4.308456885e-14
437.14285714 3.359330086000001e-14
444.28571429 3.5746997899999994e-14
451.42857143 4.3210053889999995e-14
458.57142857 4.318618219e-14
465.71428571 3.197206813e-14
472.85714286 3.8478764789999994e-14
480.0 3.084100959e-13
487.85714286 4.0887248452e-14
496.42857143 4.611245707e-14
505.0 3.609243471e-14
513.57142857 3.176141205e-14
522.14285714 3.417354355000001e-14
530.71428571 3.2862690429999995e-14
539.28571429 1.682873959e-13
547.85714286 3.4555452320000005e-14
556.42857143 3.3039307479999996e-14
565.0 2.783041372e-14
573.57142857 3.661683483e-14
582.14285714 3.3713177669999993e-14
591.42857143 3.366257017e-14
601.42857143 3.464928491e-13
611.42857143 3.5700680130000004e-14
621.42857143 2.9985905581000006e-14
631.42857143 3.8876757190000006e-14
641.42857143 3.880093306000001e-14
651.42857143 3.9492327290000006e-14
661.42857143 1.857702988e-13
671.42857143 3.3392925640000007e-14
682.14285714 3.680499337e-14
693.57142857 3.4412361840000006e-14
705.0 3.270820833999999e-14
716.42857143 1.6594994279999999e-13
727.85714286 2.7934078530000003e-14
739.28571429 3.3920454599999996e-14
750.71428571 3.575034451e-14
762.14285714 4.1790351880000004e-14
773.57142857 3.055979239e-14
785.71428571 1.635438608e-13
798.57142857 3.461160941e-14
811.42857143 3.537825628e-14
824.28571429 3.384829222e-14
837.14285714 6.623135544000001e-14
850.0 3.964620361e-14
862.85714286 4.258099847e-14
876.42857143 3.605207083e-14
890.71428571 2.9719622540000007e-14
905.0 8.141935594e-14
919.28571429 2.9704002359999995e-14
933.57142857 3.345989899e-14
947.85714286 3.5237993819999995e-14
962.14285714 8.640603286e-14
977.14285714 3.856452556e-14
992.85714286 3.977648584e-14
1008.5714286 3.657514397e-14
1024.2857143 3.6146095290000003e-14
1040.0 3.347319764e-14
1055.7142857 3.377735402e-14
1072.1428571 4.188318409999999e-14
1089.2857143 3.492224373e-14
1106.4285714 3.965058266e-14
1123.5714286 3.554953039e-14
1140.7142857 5.972659177999998e-14
1157.8571429 2.902410791e-14
1175.7142857 3.9458907270000006e-14
1194.2857143 3.905754916e-14
1212.8571429 3.566942754e-14
1231.4285714 3.695108758e-14
1250.0 3.760677228e-14
1269.2857143 3.7874828689999994e-14
1289.2857143 3.442050706e-14
1309.2857143 3.837341993999999e-14
1329.2857143 4.166075088e-14
1349.2857143 4.289837012e-14
1370.0 3.5290684929999995e-14
1391.4285714 3.050772288e-14
1412.8571429 3.034136724e-14
1434.2857143 3.6762998430000004e-14
1455.7142857 3.856734853e-14
1477.8571429 3.20433815e-14
1500.7142857 3.168143217e-14
1523.5714286 3.1783455500000004e-14
1546.4285714 3.216165698e-14
1570.0 3.5247911539999995e-14
1594.2857143 3.405665727e-14
1618.5714286 3.421608283e-14
1642.8571429 3.309449896e-14
1667.8571429 3.911726408e-14
1693.5714286 3.4821599139999996e-14
1719.2857143 3.1766132650000007e-14
1745.0 4.354884909e-14
1771.4285714 3.1714435519999995e-14
1798.5714286 3.151663398e-14
1825.7142857 3.628590648e-14
1853.5714286 4.207811496000001e-14
1882.1428571 3.253233424e-14
1910.7142857 2.9635652549999996e-14
1939.2857143 3.495837983e-14
1968.5714286 3.5953076300000005e-14
1998.5714286 3.630709631e-14
2028.5714286 3.777745913e-14
2059.2857143 3.352294806e-14
2090.7142857 3.523862192e-14
2122.1428571 3.516127066999999e-14
2154.2857143 3.336228033000001e-14
2187.1428571 3.3703282939999997e-14
2220.0 3.642102493e-14
2253.5714286 2.971481902e-14
2287.8571429 3.799678013e-14
2322.1428571 3.2225456569999995e-14
2357.1428571 3.304172224e-14
2392.8571429 3.512045374e-14
2429.2857143 3.2696900210000003e-14
2466.4285714 2.954154122e-14
2503.5714286 3.773017794e-14
2541.4285714 3.156051546e-14
2580.0 3.77748188e-14
2618.5714286 3.2748426040000005e-14
2657.8571429 3.291878348e-14
2697.8571429 3.4146097669999996e-14
2738.5714286 3.520510568e-14
2780.0 3.415382522000001e-14
2822.1428571 3.442960755e-14
2865.0 3.170820419e-14
2907.8571429 3.124412848e-14
2951.4285714 3.4786388430000004e-14
2995.7142857 3.5940112849999993e-14
3040.7142857 3.867486599e-14
3086.4285714 3.48062811e-14
3132.8571429 3.375083887000001e-14
3180.0 3.590328553e-14
3227.8571429 3.5810949479999994e-14
3276.4285714 3.392453064e-14
3325.7142857 3.502489754e-14
3375.7142857 3.7508470570000005e-14
3426.4285714 3.273448375e-14
3477.8571429 3.436580815e-14
3530.0 3.3831523369999995e-14
3582.8571429 3.277740929e-14
3636.4285714 3.423462885e-14
3691.4285714 3.244304852e-14
3747.1428571 3.3665428579999996e-14
3803.5714286 3.4310164679999997e-14
3860.7142857 3.326375926e-14
3918.5714286 3.321686914e-14
3977.1428571 5.0078534670000006e-14
4036.4285714 3.564637969e-14
4097.1428571 3.559263382e-14
4158.5714286 3.365753747e-14
4220.7142857 3.371184571999999e-14
4284.2857143 3.243280313e-14
4348.5714286 3.082165592e-14
4413.5714286 3.189287383e-14
4480.0 3.578415561e-14
4547.1428571 3.438416757e-14
4615.0 3.197216869e-14
4684.2857143 3.4646578799999994e-14
4754.2857143 3.247208555e-14
4825.0 3.4365630410000005e-14
4897.1428571 3.352893997e-14
4970.7142857 3.396965477e-14
5045.0 3.19301962e-14
5120.0 3.301125363e-14
5196.4285714 3.386707958e-14
5274.2857143 3.251320263e-14
5353.5714286 3.257538289e-14
5433.5714286 3.3169062209999996e-14
5514.2857143 3.300799717e-14
5596.4285714 3.1591270579999996e-14
5680.0 3.253436465e-14
5765.0 3.391623714e-14
5851.4285714 3.4287316550000003e-14
5939.2857143 3.421432867e-14
6028.5714286 3.694382502000001e-14
6119.2857143 3.214747191e-14
6210.7142857 3.432917362e-14
6302.8571429 3.3092743789999994e-14
6396.4285714 3.2237909999999995e-14
6491.4285714 3.18977472e-14
6587.8571429 3.326391037e-14
6685.7142857 3.282616499000001e-14
6785.0 3.308543001e-14
6885.7142857 3.280039083e-14
6987.8571429 3.319115792000001e-14
7092.1428571 3.3334784630000006e-14
7198.5714286 3.217617076e-14
7306.4285714 3.185193998e-14
7415.7142857 3.214123293e-14
7526.4285714 3.20167757e-14
7638.5714286 3.404501522e-14
7752.1428571 3.367171686e-14
7867.8571429 3.288848025e-14
7985.7142857 3.747569656e-14
8105.0 3.347601737e-14
8225.7142857 3.2327529279999996e-14
8347.8571429 3.4091258849999996e-14
8472.1428571 3.362153056e-14
8598.5714286 3.264845334e-14
8726.4285714 3.154629711e-14
8856.4285714 3.138481594e-14
8988.5714286 3.186581119e-14
9122.1428571 3.434023037e-14
9257.8571429 3.204341132e-14
9395.7142857 3.2546833379999997e-14
9535.7142857 3.233641408e-14
9677.8571429 3.326866239e-14
9822.1428571 3.042530078e-14
9968.5714286 3.4522062150000003e-14
10117.142857 3.3530198539999996e-14
10267.857143 3.306567586e-14
10420.714286 3.330126612e-14
10575.714286 3.241749091e-14
10732.857143 3.4029804810000003e-14
10892.857143 3.2099896630000005e-14
11055.0 3.170815868e-14
11219.285714 3.202256605e-14
11386.428571 3.376987193e-14
11556.428571 3.287449089e-14
11728.571429 3.286633294e-14
11902.857143 3.066102502999999e-14
12080.0 3.2878479080000003e-14
12260.0 3.446322776e-14
12442.857143 3.3203465069999996e-14
12628.571429 3.247958005e-14
12817.142857 3.1361741959999994e-14
13007.857143 3.0397708259999995e-14
13200.714286 3.138137739000001e-14
13396.428571 3.113142382e-14
13595.714286 3.3746751349999995e-14
13798.571429 3.384321776e-14
14004.285714 3.242570139e-14
14212.857143 3.3337484149999994e-14
14424.285714 3.225164247e-14
14638.571429 3.298091331e-14
14856.428571 3.303643066e-14
15077.857143 3.339808590000001e-14
15302.142857 3.2028228780000004e-14
15529.285714 3.2802814540000004e-14
15760.0 3.279730732e-14
15994.285714 3.1998614010000004e-14
16232.142857 3.239224429e-14
16473.571429 3.282448788999999e-14
16718.571429 3.1878872989999995e-14
16967.142857 3.3273351209999994e-14
17219.285714 3.2370859540000005e-14
17475.0 3.308871129e-14
17734.285714 3.165535998e-14
17997.857143 3.407016156e-14
18265.714286 3.2628136080000003e-14
18537.142857 3.2404890550000004e-14
18812.142857 3.143260685e-14
19091.428571 3.2315018350000004e-14
19375.0 3.159587566e-14
19662.857143 3.3413748399999994e-14
19955.0 3.2778762e-14
20251.428571 3.1945066169999996e-14
20552.142857 3.1984997089999995e-14
20857.142857 3.30927072e-14
21167.142857 3.31344278e-14
21482.142857 3.2877247489999996e-14
21801.428571 3.276977522e-14
22125.0 3.2510009160000003e-14
22453.571429 3.416751897e-14
22787.142857 3.298510029e-14
23125.714286 3.168484467e-14
23469.285714 3.2841743049999996e-14
23817.857143 3.1652797000000004e-14
24171.428571 3.300878523e-14
24530.0 3.198731576e-14
24894.285714 3.30019517e-14
25264.285714 3.3124819739999995e-14
25640.0 3.342396122e-14
26021.428571 3.260154851e-14
26408.571429 3.2119331989999995e-14
26801.428571 3.22653447e-14
27200.0 3.2757388700000004e-14
27604.285714 3.3001514009999995e-14
28014.285714 3.3169414710000005e-14
28430.0 3.257663827e-14
28852.142857 3.233852063000001e-14
29280.714286 6.263221203999999e-14
29715.714286 3.28208115e-14
30157.142857 3.1314814e-14
30605.0 3.288446826e-14
31059.285714 3.2932502369999994e-14
31520.0 3.2257511859999996e-14
31987.857143 3.3318365719999995e-14
32462.857143 3.179285862e-14
32945.0 3.278217802e-14
33434.285714 3.255675455e-14
33930.714286 3.274423975e-14
34434.285714 3.226699274e-14
34945.0 3.3137589430000005e-14
35463.571429 3.203000211e-14
35990.0 3.232182198e-14
36524.285714 3.3119131140000004e-14
37066.428571 3.321718178e-14
37616.428571 3.2455587880000007e-14
38175.0 3.189221114e-14
38742.142857 3.233179925e-14
39317.142857 3.3697719689999997e-14
39900.0 3.262874534e-14
40492.142857 3.1947815210000006e-14
41093.571429 3.249322221e-14
41703.571429 3.3214071750000005e-14
42322.142857 3.3516507179999993e-14
42950.0 3.2035674649999996e-14
43587.142857 3.305027895e-14
44233.571429 3.202303269e-14
44890.0 3.2738899270000005e-14
45556.428571 3.2129527759999995e-14
46232.857143 3.301237582e-14
46919.285714 3.204053877e-14
47615.714286 3.296192752e-14
48322.142857 3.282934118e-14
49039.285714 3.249312616999999e-14
49767.142857 3.246211663e-14
50505.714286 3.227050401e-14
51255.0 3.279129374e-14
52015.0 3.222093206999999e-14
52786.428571 3.301851572e-14
53569.285714 3.1504608620000005e-14
54363.571429 3.2960951649999997e-14
55170.0 3.368139465e-14
55988.571429 3.222250878e-14
56819.285714 3.254277747999999e-14
57662.142857 3.2544449440000006e-14
58517.142857 3.611618904e-14
59385.0 3.182038627e-14
60265.714286 3.266996412e-14
61159.285714 3.2594697950000004e-14
62066.428571 3.1920357849999995e-14
62987.142857 3.218382567e-14
63921.428571 3.2203386970000005e-14
64870.0 3.269234985e-14
65832.857143 3.230738044e-14
66810.0 3.320735755e-14
67801.428571 3.26006097e-14
68807.142857 3.2287345250000004e-14
69827.857143 3.295873465e-14
70863.571429 3.2291410459999996e-14
71914.285714 3.277992125e-14
72980.714286 3.279974262e-14
74062.857143 3.267445756e-14
75161.428571 3.231578744e-14
76276.428571 3.239244257e-14
77407.857143 3.2546539209999994e-14
78556.428571 3.213927924e-14
79722.142857 3.269133812e-14
80905.0 3.211267530000001e-14
82105.0 3.2637264860000004e-14
83322.857143 3.242674945e-14
84558.571429 3.2354701250000006e-14
85812.142857 3.2097136509999997e-14
87084.285714 3.278605273e-14
88375.714286 3.3756826539999993e-14
89686.428571 3.1689266719999995e-14
91016.428571 3.2261500650000006e-14
92366.428571 3.18493138e-14
93736.428571 3.234937297e-14
95126.428571 3.2068727009999997e-14
96537.142857 3.235785997e-14
97969.285714 3.276969072e-14
99422.857143 3.214149362e-14
100897.85714 3.187229536e-14
102394.28571 3.224862633e-14
103912.85714 3.215774108000001e-14
105454.28571 3.237376167e-14
107018.57143 3.2065477750000004e-14
108605.71429 3.266538443000001e-14
110216.42857 3.208941335e-14
111851.42857 3.228187183e-14
113510.71429 3.251260135e-14
115194.28571 3.174272516e-14
116902.85714 3.6568651880000005e-14
118636.42857 3.224040741e-14
120395.71429 3.2350885900000004e-14
122181.42857 3.2308516e-14
123993.57143 3.1838613049999996e-14
125832.85714 3.208630774e-14
127699.28571 3.2097180400000006e-14
129592.85714 3.212389331e-14
131514.28571 3.194290179e-14
133464.28571 3.207179913e-14
135443.57143 3.159478012e-14
137452.14286 3.15969184e-14
139490.0 3.164426138e-14
141558.57143 3.209555002e-14
143657.85714 3.166556201e-14
145787.85714 3.578017557e-14
147949.28571 3.205086209e-14
150142.85714 3.1169662389999994e-14
152369.28571 3.1704390870000006e-14
154628.57143 3.129717759e-14
156921.42857 3.1749982890000005e-14
159248.57143 3.14578327e-14
161610.0 3.177983798e-14
164006.42857 3.1402807919999997e-14
166438.57143 3.143076519999999e-14
168906.42857 3.1113317199999995e-14
171410.71429 3.149863268e-14
173952.14286 3.152245216e-14
176531.42857 3.2860351939999995e-14
179149.28571 3.1455286230000004e-14
181805.71429 3.112286765e-14
184501.42857 3.068426496e-14
187237.14286 3.1407395280000004e-14
190013.57143 3.1119627129999994e-14
192831.42857 3.0572082749999995e-14
195690.71429 3.075332553e-14
198592.14286 3.0882006210000006e-14
201536.42857 3.112929349e-14
204524.28571 3.1493509050000004e-14
207556.42857 3.057689745e-14
210633.57143 3.053012929e-14
213756.42857 3.0203404160000006e-14
216925.71429 3.064663381e-14
220142.14286 3.041046928e-14
223406.42857 3.025915237e-14
226719.28571 2.982020794e-14
230080.71429 3.0191336429999996e-14
233492.14286 3.1127591789999996e-14
236954.28571 3.0060254930000003e-14
240467.14286 3.015174283e-14
244032.14286 2.9241407910000004e-14
247650.0 2.955424484e-14
251321.42857 2.965380666999999e-14
255047.85714 2.938197629e-14
258830.0 2.9392709499999996e-14
262667.85714 2.9540886449999996e-14
266562.14286 2.9125987490000006e-14
270514.28571 2.915666027e-14
274525.0 2.912242156e-14
278595.0 2.8771050079999994e-14
282725.71429 2.8424895620000006e-14
286917.85714 2.881967495e-14
291172.14286 2.915344459e-14
295489.28571 2.8657742449999996e-14
299870.0 2.8357806609999997e-14
304315.71429 2.814285023e-14
308827.85714 2.785258819e-14
313407.14286 2.780370294e-14
318054.28571 2.7852233979999998e-14
322770.0 2.87433608e-14
327555.0 2.755979517e-14
332410.71429 2.716360401e-14
337338.57143 2.7222304320000005e-14
342340.0 2.7192568290000002e-14
347415.71429 2.6854756060000002e-14
352566.42857 2.675789267e-14
357793.57143 2.6573397590000003e-14
363098.57143 2.607139279e-14
368482.14286 2.618491087e-14
373945.0 2.594943241e-14
379488.57143 2.694951628e-14
385114.28571 2.5784324869999994e-14
390823.57143 2.565843655e-14
396617.85714 2.5224095340000003e-14
402497.85714 2.505268292e-14
408465.0 2.533888558e-14
414520.71429 2.493310895e-14
420666.42857 2.471429841e-14
426903.57143 2.436593934e-14
433232.85714 2.399236863e-14
439655.71429 2.446922281e-14
446173.57143 2.36350991e-14
452787.85714 2.361906026e-14
459500.71429 2.3412590900000002e-14
466313.57143 2.3276669449999995e-14
473227.14286 2.286544677e-14
480242.85714 2.2875112100000002e-14
487362.85714 2.244004314e-14
494588.57143 2.2078478440000002e-14
501920.71429 2.226591894e-14
509361.42857 2.17128781e-14
516912.85714 2.142283265e-14
524576.42857 2.128781351e-14
532353.57143 2.098586971e-14
540245.71429 2.0794112379999997e-14
548255.0 2.051694565e-14
556382.85714 2.021740501e-14
564630.71429 1.9862211380000003e-14
573001.42857 1.9817861800000004e-14
581496.42857 1.939035665e-14
590117.14286 1.901934745e-14
598865.71429 1.880130449e-14
607743.57143 1.8623270300000002e-14
616752.85714 1.825466702e-14
625895.71429 1.802128187e-14
635174.28571 1.768234213e-14
644590.71429 1.746651652e-14
654146.42857 1.710770439e-14
663843.57143 1.688391189e-14
673685.0 1.6700214330000002e-14
683672.85714 1.628148391e-14
693808.57143 1.6013379090000002e-14
704094.28571 1.5672240529999997e-14
714532.14286 1.541207743e-14
725125.0 1.507258888e-14
735875.0 1.479872676e-14
746784.28571 1.4441156780000003e-14
757855.71429 1.4285553999999997e-14
769090.71429 1.397627117e-14
780492.14286 1.3612222269999997e-14
792062.85714 1.3479478009999999e-14
803805.0 1.2998927920000002e-14
815721.42857 1.2819783809999999e-14
827814.28571 1.248909129e-14
840086.42857 1.222910214e-14
852540.71429 1.2005464210000002e-14
865179.28571 1.1599499899999998e-14
878005.0 1.133168954e-14
891020.71429 1.100639878e-14
904229.28571 1.0820417109999999e-14
917633.57143 1.049810467e-14
931237.14286 1.0188538e-14
945042.85714 9.953056699999998e-15
959052.85714 9.668892351e-15
973270.71429 9.551390779999998e-15
987699.28571 9.053863873e-15
1002341.4286 8.931586905e-15
1017200.7143 8.609322378e-15
1032280.0 8.553975685e-15
1047582.8571 8.233303542999999e-15
1063112.8571 7.926596329e-15
1078872.8571 7.852076096e-15
1094866.4286 7.437834487999999e-15
1111097.1429 7.281438276999998e-15
1127568.5714 6.9751041960000004e-15
1144284.2857 7.050843383999998e-15
1161247.8571 6.5716148610000005e-15
1178462.8571 6.445203480000001e-15
1195932.8571 6.389040045000001e-15
1213662.1429 5.978253799e-15
1231654.2857 5.8397729179999995e-15
1249912.8571 5.560774954999999e-15
1268442.1429 5.584391500999999e-15
1287246.4286 5.304999741999999e-15
1306329.2857 5.0259323949999996e-15
1325695.0 5.0207970419999994e-15
1345347.8571 4.776050545000001e-15
1365292.1429 4.5538369130000006e-15
1385532.1429 4.523351271e-15
1406072.1429 4.339553587e-15
1426916.4286 4.197402350000001e-15
1448069.2857 3.954259337e-15
1469535.7143 3.912120467e-15
1491320.7143 3.811470485e-15
1513428.5714 3.637281284000001e-15
1535863.5714 3.461933198e-15
1558631.4286 3.456045348e-15
1581737.1429 3.302849733e-15
1605185.7143 3.244685249e-15
1628982.1429 2.987879514e-15
1653130.7143 2.9746271880000003e-15
1677637.1429 2.9621726539999998e-15
1702507.1429 2.7741873019999998e-15
1727745.7143 2.8023538919999998e-15
1753358.5714 2.5636684079999998e-15
1779351.4286 2.6031594079999994e-15
1805729.2857 2.383602106e-15
1832497.8571 2.2519566330000004e-15
1859663.5714 2.3788754090000002e-15
1887232.1429 2.157402972e-15
1915209.2857 2.240160338e-15
1943600.7143 2.043174951e-15
1972412.8571 2.123931655e-15
2001652.1429 1.933913039e-15
2031325.0 2.014005451e-15
2061437.8571 1.831991282e-15
2091997.1429 1.878571706e-15
2123009.2857 1.7190918780000003e-15
2154480.7143 1.928719171e-15
2186418.5714 1.7079793300000001e-15
2218830.0 1.5491748200000002e-15
2251722.1429 1.6099487809999998e-15
2285102.1429 1.428552675e-15
2318977.1429 1.5517240680000001e-15
2353354.2857 1.3206024109999999e-15
2388240.7143 1.680107245e-15
2423644.2857 1.6341664070000002e-15
2459572.8571 1.2305038670000001e-15
2496034.2857 1.612867615e-15
2533036.4286 1.682846509e-15
2570587.1429 1.124068847e-15
2608694.2857 1.3571496560000002e-15
2647365.7143 1.0403961689999999e-15
2686610.7143 1.343097028e-15
2726437.8571 1.158310345e-15
2766855.0 1.302438708e-15
2807871.4286 9.623714461000001e-16
2849495.7143 1.137511055e-15
2891737.1429 1.4088295070000002e-15
2934605.0 9.402689526999999e-16
2978107.8571 1.442285968e-15
3022255.7143 1.323277078e-15
3067057.8571 1.707747497e-15
3112524.2857 8.970368593e-16
3158665.0 2.027788418e-15
3205489.2857 2.449767811e-15
3253007.8571 2.2432649460000003e-15
3301230.7143 3.1464577240000003e-15
3350168.5714 3.4882788149999998e-15
3399832.1429 1.513882657e-15
3450231.4286 3.728997753e-15
3501377.8571 3.7133482270000004e-15
3553282.8571 3.032339954e-15
3605957.1429 1.658958758e-15
3659412.1429 1.31689037e-15
3713660.0 9.232208016000001e-16
3768712.1429 8.358154814000001e-16
3824580.0 7.791072993999999e-16
3881275.7143 6.695432886000001e-16
3938812.1429 5.968749266e-16
3997201.4286 5.589724366999999e-16
4056456.4286 5.400226151e-16
4116590.0 5.082516892000001e-16
4177615.0 4.817670123e-16
4239544.2857 4.579798063e-16
4302391.4286 4.253786368e-16
4366170.7143 4.232775712e-16
4430895.0 3.914348521e-16
4496578.5714 3.747243435e-16
4563236.4286 3.643527104999999e-16
4630882.1429 3.9460690439999997e-16
4699530.0 3.5088596090000007e-16
4769195.7143 3.2699369000000004e-16
4839894.2857 3.4511578609999997e-16
4911640.7143 3.235216254e-16
4973888.5714 3.335283981e-16
