# freq [Hz]  noise density [V^2/Hz]
1.4285714286 4.440916776e-9
4.2857142857 2.7926956435099997e-13
5.7142857143 1.3123752367e-13
7.1428571429 9.3735007514e-14
8.5714285714 8.318674081000001e-14
10.0 5.410186577300001e-14
11.428571429 6.26544520721e-14
12.857142857 3.9612890727999994e-14
14.285714286 2.6631422362e-14
15.714285714 3.7021338027999995e-14
17.142857143 3.3634482708e-14
18.571428571 1.92094756749e-14
20.0 1.8389742455e-14
21.428571429 3.6766230159699994e-14
22.857142857 2.3425926052060004e-14
24.285714286 3.1349071785e-14
25.714285714 1.11128676085e-14
27.142857143 1.8663582249000002e-14
28.571428571 1.9298359536e-14
30.0 2.3262946986000003e-14
31.428571429 1.628354229424e-14
32.857142857 2.0122160017e-14
34.285714286 1.0781265080399998e-14
35.714285714 7.278323211499999e-15
37.142857143 1.44342177177e-14
38.571428571 6.1771345266e-15
40.0 1.2921765945700002e-14
41.428571429 1.1856771032999999e-14
42.857142857 5.881458788560001e-15
44.285714286 1.00069136417e-14
45.714285714 1.0454570536800001e-14
47.142857143 5.248634416099999e-15
48.571428571 1.1345133823599999e-14
50.0 8.2707794514e-15
51.428571429 1.3299202376999997e-14
52.857142857 6.243011018499999e-15
54.285714286 9.29441043624e-15
55.714285714 1.1630750815e-14
57.142857143 5.580228162899999e-15
58.571428571 7.460405777000001e-15
60.0 9.495891631e-15
61.428571429 8.8782839427e-15
62.857142857 8.467513674499997e-15
64.285714286 6.7825287247e-15
65.714285714 5.8119137403e-15
67.142857143 5.0621369802999995e-15
68.571428571 5.6286726253e-15
70.0 9.178649240499998e-15
71.428571429 6.9048663132800004e-15
72.857142857 4.42062149715e-15
74.285714286 4.9021951979999985e-15
75.714285714 4.4704142623000005e-15
77.142857143 6.517780553000002e-15
78.571428571 6.049542092538001e-15
80.0 6.0774261491e-15
81.428571429 4.6897892821e-15
82.857142857 4.6103979333000005e-15
84.285714286 3.651707932599999e-15
85.714285714 5.056720388e-15
87.142857143 4.2391128638999996e-15
88.571428571 4.2819921904e-15
90.0 2.6554718009e-15
91.428571429 4.8073660953999996e-15
92.857142857 6.926609803e-15
94.285714286 4.357757535500001e-15
95.714285714 2.3953234674e-15
97.142857143 4.9789340172988005e-15
99.285714286 4.290965273e-15
102.14285714 3.656650505000001e-15
105.0 2.7412845246999996e-15
107.85714286 3.3403865185999995e-15
110.71428571 5.128766641e-15
113.57142857 3.620392193699999e-15
116.42857143 4.211266338999999e-15
119.28571429 5.5704079093000004e-15
122.14285714 3.51155043e-15
125.0 5.6052673553e-15
127.85714286 3.4035736259000003e-15
130.71428571 3.5619410749999995e-15
133.57142857 3.16830197e-15
136.42857143 4.609676956999999e-15
139.28571429 1.9225929787999996e-15
142.14285714 3.5079343847999995e-15
145.0 3.966831399400001e-15
147.85714286 1.8025848142e-15
150.71428571 2.4778272029999997e-15
153.57142857 2.7025414337000007e-15
156.42857143 3.3582165011000005e-15
159.28571429 2.0253982107999997e-15
162.14285714 2.3745102689e-15
165.0 2.7585276991000003e-15
167.85714286 2.4993462732999998e-15
170.71428571 2.6185865512e-15
173.57142857 3.891902492e-15
176.42857143 2.8308352371e-15
179.28571429 2.5201602502e-15
182.14285714 2.4510864870000002e-15
185.0 1.9891456132e-15
187.85714286 2.3986839392000002e-15
190.71428571 3.164843081e-15
193.57142857 3.4257521649999993e-15
197.14285714 2.9264559199999998e-15
201.42857143 2.8551697413999996e-15
205.71428571 2.4581708042e-15
210.0 2.8997276969999998e-15
214.28571429 3.439579554e-15
218.57142857 1.7837276319999998e-15
222.85714286 2.1672479351e-15
227.14285714 2.4095656950000002e-15
231.42857143 3.1473060133000002e-15
235.71428571 2.851140865e-15
240.0 2.8277351066e-15
244.28571429 2.4693781406e-15
248.57142857 1.9432885924e-15
252.85714286 2.2485286649999997e-15
257.14285714 2.7066859109999997e-15
261.42857143 2.4844391369e-15
265.71428571 2.4298095970000002e-15
270.0 1.5141324114000001e-15
274.28571429 3.2100700522e-15
278.57142857 2.1147543265000004e-15
282.85714286 2.4190367799999998e-15
287.14285714 2.2626408301999998e-15
291.42857143 2.3421587007000005e-15
296.42857143 1.9271899339000002e-15
302.14285714 2.4192459142e-15
307.85714286 2.0844728079000002e-15
313.57142857 3.0644512029000003e-15
319.28571429 2.3255801015e-15
325.0 2.34501433e-15
330.71428571 2.5863957919999998e-15
336.42857143 2.7130489528999998e-15
342.14285714 2.3434364658e-15
347.85714286 2.5876645520999997e-15
353.57142857 2.3178595882e-15
359.28571429 2.0518087649e-15
365.0 1.5811476151e-15
370.71428571 2.1589492212e-15
376.42857143 2.1676993200000002e-15
382.14285714 1.8279218028000003e-15
387.85714286 1.7838398408000003e-15
394.28571429 1.8731892409999996e-15
401.42857143 2.042080016399999e-15
408.57142857 1.8451776674e-15
415.71428571 1.8323822382e-15
422.85714286 1.6823907048999998e-15
430.0 2.118786021e-15
437.14285714 1.4634848979e-15
444.28571429 2.258567121e-15
451.42857143 1.9048646272999996e-15
458.57142857 2.322986703e-15
465.71428571 1.4237290147e-15
472.85714286 2.462385125e-15
480.0 1.4860993185999998e-15
487.85714286 1.46011345e-15
496.42857143 1.6610748997000002e-15
505.0 2.09975532e-15
513.57142857 2.189398714e-15
522.14285714 2.1931614816e-15
530.71428571 1.7224544057e-15
539.28571429 1.985573404e-15
547.85714286 1.5375006920000003e-15
556.42857143 1.8239508071000004e-15
565.0 2.060394964e-15
573.57142857 1.6817183986999998e-15
582.14285714 1.7447020899e-15
591.42857143 1.6848820209999998e-15
601.42857143 1.6322702366e-15
611.42857143 1.4515841010999997e-15
621.42857143 1.9912186519999997e-15
631.42857143 1.6751825836e-15
641.42857143 1.8745835337e-15
651.42857143 1.5178561127e-15
661.42857143 1.9136421420000003e-15
671.42857143 1.6356858287999999e-15
682.14285714 1.7552805672000002e-15
693.57142857 1.6518320649999999e-15
705.0 1.7663007148999998e-15
716.42857143 1.4629582602000002e-15
727.85714286 1.6592254650000002e-15
739.28571429 1.6446981542000002e-15
750.71428571 1.4410417452000002e-15
762.14285714 1.5037902039e-15
773.57142857 1.2472645475999998e-15
785.71428571 1.6366306292999998e-15
798.57142857 1.5399968760000003e-15
811.42857143 1.757949547e-15
824.28571429 1.5537610505000002e-15
837.14285714 1.5539952947e-15
850.0 1.5891912459999998e-15
862.85714286 1.7342455420000002e-15
876.42857143 1.4746957522000002e-15
890.71428571 1.3230262673e-15
905.0 1.2616823260000001e-15
919.28571429 1.6557610867999995e-15
933.57142857 1.3785759977000002e-15
947.85714286 1.6303823857999999e-15
962.14285714 1.3103573395e-15
977.14285714 1.1459314567e-15
992.85714286 1.225854442e-15
1008.5714286 1.4933975337e-15
1024.2857143 1.2578208716999998e-15
1040.0 1.3201925536e-15
1055.7142857 1.4109286924000001e-15
1072.1428571 1.1855980529000001e-15
1089.2857143 1.5411087337e-15
1106.4285714 1.4109053721999999e-15
1123.5714286 1.3174180746e-15
1140.7142857 1.295921916e-15
1157.8571429 1.1114520225e-15
1175.7142857 1.329513974e-15
1194.2857143 1.0230271288999998e-15
1212.8571429 1.2527079704e-15
1231.4285714 1.1451477852e-15
1250.0 1.1747631895999998e-15
1269.2857143 1.0724922149000002e-15
1289.2857143 1.1303367593999998e-15
1309.2857143 1.0766174711e-15
1329.2857143 1.3242999841000003e-15
1349.2857143 1.0831880338999998e-15
1370.0 1.0614491597999998e-15
1391.4285714 9.704472427e-16
1412.8571429 9.920418439e-16
1434.2857143 1.0813375903e-15
1455.7142857 9.777697442999999e-16
1477.8571429 9.622029088e-16
1500.7142857 7.975857725999999e-16
1523.5714286 1.0844748857e-15
1546.4285714 1.0546275314999999e-15
1570.0 9.291162749999999e-16
1594.2857143 1.0216297049999999e-15
1618.5714286 9.194681355000002e-16
1642.8571429 9.538681886e-16
1667.8571429 8.649564779e-16
1693.5714286 8.408163897999999e-16
1719.2857143 8.873358352e-16
1745.0 8.290588928999999e-16
1771.4285714 8.446405534000001e-16
1798.5714286 8.136391533e-16
1825.7142857 7.435191587000001e-16
1853.5714286 6.534414581000002e-16
1882.1428571 8.359059677e-16
1910.7142857 8.163334844999998e-16
1939.2857143 6.779986313e-16
1968.5714286 7.880628005e-16
1998.5714286 6.987222885000001e-16
2028.5714286 7.697970964000001e-16
2059.2857143 7.442429026000001e-16
2090.7142857 6.312988651e-16
2122.1428571 7.313746877999999e-16
2154.2857143 7.55070209e-16
2187.1428571 6.128537081e-16
2220.0 6.696604855000001e-16
2253.5714286 6.235108389999999e-16
2287.8571429 6.159859720000001e-16
2322.1428571 5.760392154999999e-16
2357.1428571 5.758638939999999e-16
2392.8571429 5.406635701e-16
2429.2857143 6.654097723000001e-16
2466.4285714 5.899589036e-16
2503.5714286 5.313788975999999e-16
2541.4285714 5.432746023e-16
2580.0 5.1685740730000005e-16
2618.5714286 5.040010464e-16
2657.8571429 6.009236487000001e-16
2697.8571429 5.349702991e-16
2738.5714286 4.607005396000001e-16
2780.0 4.512482028999999e-16
2822.1428571 4.275950068e-16
2865.0 4.747904099999999e-16
2907.8571429 4.820377036e-16
2951.4285714 4.3288673039999997e-16
2995.7142857 4.094586431e-16
3040.7142857 3.6956053979999993e-16
3086.4285714 3.884489274e-16
3132.8571429 4.174049998e-16
3180.0 3.8740777770000003e-16
3227.8571429 3.69417682e-16
3276.4285714 3.75053115e-16
3325.7142857 3.73581118e-16
3375.7142857 3.6469839560000004e-16
3426.4285714 3.7193712709999995e-16
3477.8571429 3.377067827e-16
3530.0 3.5073044710000004e-16
3582.8571429 3.320285887e-16
3636.4285714 3.2367946650000004e-16
3691.4285714 3.102383802e-16
3747.1428571 3.285734522e-16
3803.5714286 2.733606336e-16
3860.7142857 3.238709219e-16
3918.5714286 3.035213412e-16
3977.1428571 2.599179848e-16
4036.4285714 2.738194146e-16
4097.1428571 2.6298938879999995e-16
4158.5714286 2.5544281589999997e-16
4220.7142857 2.505793976e-16
4284.2857143 2.38616213e-16
4348.5714286 2.18924057e-16
4413.5714286 2.3345291659999993e-16
4480.0 2.3882723010000003e-16
4547.1428571 2.172515279e-16
4615.0 2.1961541959999999e-16
4684.2857143 2.1962967520000002e-16
4754.2857143 2.179351479e-16
4825.0 2.0490845690000003e-16
4897.1428571 2.0152526090000003e-16
4970.7142857 1.9315061369999998e-16
5045.0 1.864366413e-16
5120.0 1.8108154539999998e-16
5196.4285714 1.749712221e-16
5274.2857143 1.7541521350000002e-16
5353.5714286 1.6604899770000004e-16
5433.5714286 1.748655607e-16
5514.2857143 1.5779614279999998e-16
5596.4285714 1.53129367e-16
5680.0 1.5050932649999998e-16
5765.0 1.650603129e-16
5851.4285714 1.559288261e-16
5939.2857143 1.504794554e-16
6028.5714286 1.4383863249999999e-16
6119.2857143 1.3804466780000002e-16
6210.7142857 1.329615332e-16
6302.8571429 1.3390381259999997e-16
6396.4285714 1.3750980790000003e-16
6491.4285714 1.408469051e-16
6587.8571429 1.1989893290999998e-16
6685.7142857 1.1890415369999999e-16
6785.0 1.2410789460000004e-16
6885.7142857 1.2091649083e-16
6987.8571429 1.0974051893e-16
7092.1428571 1.1662892449999997e-16
7198.5714286 1.1184814620000002e-16
7306.4285714 1.0623594459e-16
7415.7142857 1.0622634343e-16
7526.4285714 9.696425936000001e-17
7638.5714286 9.938873007e-17
7752.1428571 9.833054252999999e-17
7867.8571429 9.77922773e-17
7985.7142857 9.474370257999999e-17
8105.0 9.619623482e-17
8225.7142857 8.841280325e-17
8347.8571429 8.236805933999999e-17
8472.1428571 8.951975143000001e-17
8598.5714286 8.385636212e-17
8726.4285714 8.334373816e-17
8856.4285714 8.009744776e-17
8988.5714286 8.217476555e-17
9122.1428571 7.603256344999999e-17
9257.8571429 7.642399627e-17
9395.7142857 7.212449177000001e-17
9535.7142857 7.141757065000002e-17
9677.8571429 7.261121400000002e-17
9822.1428571 6.79540718e-17
9968.5714286 7.314215773e-17
10117.142857 6.692789546000001e-17
10267.857143 6.916231621e-17
10420.714286 6.700696403e-17
10575.714286 6.580445126e-17
10732.857143 5.961812537e-17
10892.857143 6.030370771999999e-17
11055.0 5.604773997999999e-17
11219.285714 5.67482444e-17
11386.428571 5.590922937e-17
11556.428571 5.745477448999999e-17
11728.571429 5.132045199999999e-17
11902.857143 5.602885992000002e-17
12080.0 5.4467189699999995e-17
12260.0 5.23275998e-17
12442.857143 5.123698157e-17
12628.571429 4.888519627000001e-17
12817.142857 4.9033129900000006e-17
13007.857143 4.857684573e-17
13200.714286 4.9226641709999993e-17
13396.428571 4.8973596090000005e-17
13595.714286 4.844510523e-17
13798.571429 4.496713688e-17
14004.285714 4.57676483e-17
14212.857143 4.4710301749999996e-17
14424.285714 4.374127232e-17
14638.571429 4.2792812199999994e-17
14856.428571 4.1884034179999997e-17
15077.857143 3.9181641449999995e-17
15302.142857 4.0991392779999994e-17
15529.285714 4.124095246000001e-17
15760.0 3.7859602020000003e-17
15994.285714 3.85057238e-17
16232.142857 3.8005215999999994e-17
16473.571429 3.911294276e-17
16718.571429 3.648634718e-17
16967.142857 3.579721794e-17
17219.285714 3.730585754000001e-17
17475.0 3.580513886e-17
17734.285714 3.5285361049999996e-17
17997.857143 3.647880714e-17
18265.714286 3.539355492e-17
18537.142857 3.460225789e-17
18812.142857 3.4587685530000004e-17
19091.428571 3.411603143e-17
19375.0 3.3679690340000005e-17
19662.857143 3.324860722e-17
19955.0 3.336905973e-17
20251.428571 3.232406915e-17
20552.142857 3.2011250809999997e-17
20857.142857 3.0889441300000004e-17
21167.142857 3.151987811000001e-17
21482.142857 3.004400153e-17
21801.428571 3.0495732920000005e-17
22125.0 3.0345758590000004e-17
22453.571429 2.921882796e-17
22787.142857 3.0211892559999996e-17
23125.714286 2.964076434e-17
23469.285714 2.869681682e-17
23817.857143 2.804283704e-17
24171.428571 2.740546536e-17
24530.0 2.777702443000001e-17
24894.285714 2.775663243e-17
25264.285714 2.7305835709999998e-17
25640.0 2.7771009829999997e-17
26021.428571 2.7120697850000005e-17
26408.571429 2.64737432e-17
26801.428571 2.648207035e-17
27200.0 2.6172582249999997e-17
27604.285714 2.619120462e-17
28014.285714 2.6518378659999993e-17
28430.0 2.5711539810000003e-17
28852.142857 2.485420996e-17
29280.714286 5.1118599570000005e-17
29715.714286 2.4613877800000002e-17
30157.142857 2.46154226e-17
30605.0 2.456927357e-17
31059.285714 2.4549363590000002e-17
31520.0 2.4446500470000002e-17
31987.857143 2.4263569519999996e-17
32462.857143 2.3838836550000002e-17
32945.0 2.3543449390000003e-17
33434.285714 2.3368560570000003e-17
33930.714286 2.2802826939999998e-17
34434.285714 2.359738404e-17
34945.0 2.3662622330000002e-17
35463.571429 2.3199155649999998e-17
35990.0 2.313928637e-17
36524.285714 2.2898172899999998e-17
37066.428571 2.24732127e-17
37616.428571 2.314555518e-17
38175.0 2.218562758e-17
38742.142857 2.247647904e-17
39317.142857 2.2758105349999996e-17
39900.0 2.228022125e-17
40492.142857 2.2477492160000003e-17
41093.571429 2.192841969e-17
41703.571429 2.198221911e-17
42322.142857 2.166166296e-17
42950.0 2.240917558e-17
43587.142857 2.110797979e-17
44233.571429 2.1753854710000003e-17
44890.0 2.150265463e-17
45556.428571 2.176935515e-17
46232.857143 2.1188830900000002e-17
46919.285714 2.084053324e-17
47615.714286 2.1061183420000002e-17
48322.142857 2.1372725840000002e-17
49039.285714 2.1142131060000002e-17
49767.142857 2.096097475e-17
50505.714286 2.095315216e-17
51255.0 2.0658003459999997e-17
52015.0 2.054453318e-17
52786.428571 2.107296289e-17
53569.285714 2.076869005e-17
54363.571429 2.077810583e-17
55170.0 2.110229217e-17
55988.571429 2.133544653e-17
56819.285714 2.1383309969999996e-17
57662.142857 2.1092055269999996e-17
58517.142857 2.150487413e-17
59385.0 2.200637329e-17
60265.714286 2.227951815e-17
61159.285714 2.2367413610000002e-17
62066.428571 2.068744367e-17
62987.142857 2.084402509e-17
63921.428571 2.053675609e-17
64870.0 2.0620447069999996e-17
65832.857143 2.044838117e-17
66810.0 2.0570671850000003e-17
67801.428571 1.9633062549999996e-17
68807.142857 2.017356523e-17
69827.857143 2.0061167550000003e-17
70863.571429 1.9875103170000003e-17
71914.285714 1.962865156e-17
72980.714286 1.983452791e-17
74062.857143 1.9941547839999998e-17
75161.428571 2.0046328750000002e-17
76276.428571 1.9637215540000003e-17
77407.857143 1.9826995119999997e-17
78556.428571 1.97402891e-17
79722.142857 1.974045159e-17
80905.0 1.980629903e-17
82105.0 1.999643122e-17
83322.857143 1.947103105e-17
84558.571429 1.920428277e-17
85812.142857 1.9082026159999998e-17
87084.285714 1.890731998e-17
88375.714286 1.940149694e-17
89686.428571 1.9210481560000003e-17
91016.428571 1.917558583e-17
92366.428571 1.8947373199999998e-17
93736.428571 1.942567451e-17
95126.428571 1.8985576519999998e-17
96537.142857 1.913725252e-17
97969.285714 1.913158388e-17
99422.857143 1.869739565e-17
100897.85714 1.929789338e-17
102394.28571 1.9141821230000003e-17
103912.85714 1.885164013e-17
105454.28571 1.9110226800000005e-17
107018.57143 1.8928946879999996e-17
108605.71429 1.901757955e-17
110216.42857 1.8666234050000003e-17
111851.42857 1.9017568990000003e-17
113510.71429 1.8934557789999998e-17
115194.28571 1.877673043e-17
116902.85714 1.9324571589999998e-17
118636.42857 1.871774449e-17
120395.71429 1.8801085150000003e-17
122181.42857 1.8900390019999997e-17
123993.57143 1.8707969219999998e-17
125832.85714 1.8875554699999998e-17
127699.28571 1.8743443759999998e-17
129592.85714 1.863211713e-17
131514.28571 1.842068263e-17
133464.28571 1.827808308e-17
135443.57143 1.8588474289999998e-17
137452.14286 1.853411915e-17
139490.0 1.885409913e-17
141558.57143 1.847881126e-17
143657.85714 1.866548007e-17
145787.85714 1.86317421e-17
147949.28571 1.855386094e-17
150142.85714 1.851334812e-17
152369.28571 1.825170241e-17
154628.57143 1.8450196509999998e-17
156921.42857 1.8488830759999998e-17
159248.57143 1.8207837409999998e-17
161610.0 1.836126029e-17
164006.42857 1.8398539420000002e-17
166438.57143 1.8284938229999996e-17
168906.42857 1.8412997149999996e-17
171410.71429 1.8234406430000002e-17
173952.14286 1.842668782e-17
176531.42857 1.84717702e-17
179149.28571 1.84403398e-17
181805.71429 1.820911279e-17
184501.42857 1.821449356e-17
187237.14286 1.819566159e-17
190013.57143 1.824255009e-17
192831.42857 1.825158286e-17
195690.71429 1.813302323e-17
198592.14286 1.8441725479999996e-17
201536.42857 1.797955166e-17
204524.28571 1.802252277e-17
207556.42857 1.823827613e-17
210633.57143 1.8202452070000004e-17
213756.42857 1.8210309430000002e-17
216925.71429 1.83666612e-17
220142.14286 1.812548297e-17
223406.42857 1.8225685179999998e-17
226719.28571 1.8165555140000002e-17
230080.71429 1.802275276e-17
233492.14286 1.8182090180000004e-17
236954.28571 1.8187974739999997e-17
240467.14286 1.830659592e-17
244032.14286 1.829060578e-17
247650.0 1.795831059e-17
251321.42857 1.820068958e-17
255047.85714 1.795734482e-17
258830.0 1.801443134e-17
262667.85714 1.841223634e-17
266562.14286 1.809973371e-17
270514.28571 1.79672587e-17
274525.0 1.804721106e-17
278595.0 1.802649087e-17
282725.71429 1.819905747e-17
286917.85714 1.7948234250000002e-17
291172.14286 1.8081811009999996e-17
295489.28571 1.820504809e-17
299870.0 1.783938716e-17
304315.71429 1.7745416960000004e-17
308827.85714 1.8123360339999997e-17
313407.14286 1.800748531e-17
318054.28571 1.7909134370000002e-17
322770.0 3.740369075e-17
327555.0 1.7787667819999996e-17
332410.71429 1.802016843e-17
337338.57143 1.796773575e-17
342340.0 1.8088769490000002e-17
347415.71429 1.7832871080000003e-17
352566.42857 1.8102062790000004e-17
357793.57143 1.781892147e-17
363098.57143 1.7880082410000003e-17
368482.14286 1.767814665e-17
373945.0 1.7900930949999998e-17
379488.57143 1.7848509589999997e-17
385114.28571 1.786093364e-17
390823.57143 1.765251512e-17
396617.85714 1.7917998320000003e-17
402497.85714 1.781888166e-17
408465.0 1.7805090689999996e-17
414520.71429 1.7672235130000004e-17
420666.42857 1.790357673e-17
426903.57143 1.774579794e-17
433232.85714 1.791924372e-17
439655.71429 1.779853902e-17
446173.57143 1.7725311409999998e-17
452787.85714 1.7870006140000003e-17
459500.71429 1.78792084e-17
466313.57143 1.783870243e-17
473227.14286 1.7726515930000003e-17
480242.85714 1.7580645270000003e-17
487362.85714 1.7780879089999998e-17
494588.57143 1.7732474069999998e-17
501920.71429 1.763787596e-17
509361.42857 1.7756521070000004e-17
516912.85714 1.766327902e-17
524576.42857 1.7651412729999998e-17
532353.57143 1.75832235e-17
540245.71429 1.7603978279999998e-17
548255.0 1.7590091900000002e-17
556382.85714 1.753924974e-17
564630.71429 1.7684406489999997e-17
573001.42857 1.7686238629999998e-17
581496.42857 1.7781433799999998e-17
590117.14286 2.739113895e-17
598865.71429 1.7450442560000002e-17
607743.57143 1.7514080059999998e-17
616752.85714 1.7278722850000003e-17
625895.71429 1.7364380499999998e-17
635174.28571 1.740519876e-17
644590.71429 1.742181782e-17
654146.42857 1.7293162659999995e-17
663843.57143 1.7199115240000003e-17
673685.0 1.7372668349999998e-17
683672.85714 1.724117095e-17
693808.57143 1.7300046160000002e-17
704094.28571 1.731332585e-17
714532.14286 1.7304642219999998e-17
725125.0 1.7193828089999998e-17
735875.0 1.7249613690000002e-17
746784.28571 1.7218172410000004e-17
757855.71429 1.7192870340000002e-17
769090.71429 1.726882441e-17
780492.14286 1.7150790039999998e-17
792062.85714 1.71370424e-17
803805.0 1.709235601e-17
815721.42857 1.699293271e-17
827814.28571 1.693167425e-17
840086.42857 1.689694022e-17
852540.71429 1.691846874e-17
865179.28571 1.694049035e-17
878005.0 1.696913302e-17
891020.71429 1.69883711e-17
904229.28571 1.688725e-17
917633.57143 1.674403868e-17
931237.14286 1.679319577e-17
945042.85714 1.6789778930000002e-17
959052.85714 1.671465968e-17
973270.71429 1.672822783e-17
987699.28571 1.6588352110000002e-17
1002341.4286 1.664901905e-17
1017200.7143 1.648559744e-17
1032280.0 1.6505048859999997e-17
1047582.8571 1.661167349e-17
1063112.8571 1.651604379e-17
1078872.8571 1.64360633e-17
1094866.4286 1.697538121e-17
1111097.1429 1.641621238e-17
1127568.5714 1.640994644e-17
1144284.2857 1.63397569e-17
1161247.8571 1.6270679510000002e-17
1178462.8571 1.624529702e-17
1195932.8571 1.616361877e-17
1213662.1429 1.6170421859999998e-17
1231654.2857 1.616771175e-17
1249912.8571 1.608844212e-17
1268442.1429 1.6020254909999996e-17
1287246.4286 1.6047341570000004e-17
1306329.2857 1.593427562e-17
1325695.0 1.5832084580000002e-17
1345347.8571 1.588134646e-17
1365292.1429 1.5852495070000003e-17
1385532.1429 1.5672506759999998e-17
1406072.1429 1.57771854e-17
1426916.4286 1.572596941e-17
1448069.2857 1.5537484029999996e-17
1469535.7143 1.578264745e-17
1491320.7143 1.550764461e-17
1513428.5714 1.545935236e-17
1535863.5714 1.5346995289999996e-17
1558631.4286 1.5336452029999998e-17
1581737.1429 1.523181584e-17
1605185.7143 1.519915812e-17
1628982.1429 1.513026784e-17
1653130.7143 1.513231039e-17
1677637.1429 1.4958958389999998e-17
1702507.1429 1.491433843e-17
1727745.7143 1.4913904170000003e-17
1753358.5714 1.5756805249999997e-17
1779351.4286 1.522236483e-17
1805729.2857 1.4702956959999998e-17
1832497.8571 1.4662108590000002e-17
1859663.5714 1.455003495e-17
1887232.1429 1.444856812e-17
1915209.2857 1.443605039e-17
1943600.7143 1.429888977e-17
1972412.8571 1.4231231459999998e-17
2001652.1429 1.4173110780000002e-17
2031325.0 1.405396541e-17
2061437.8571 1.39916542e-17
2091997.1429 1.38156225e-17
2123009.2857 1.3799678480000001e-17
2154480.7143 1.373896836e-17
2186418.5714 1.4073653470000002e-17
2218830.0 1.3587308099999998e-17
2251722.1429 1.3463107929999999e-17
2285102.1429 1.337965937e-17
2318977.1429 1.3292347460000001e-17
2353354.2857 1.343888176e-17
2388240.7143 1.3093965580000001e-17
2423644.2857 1.3044797330000001e-17
2459572.8571 1.295894621e-17
2496034.2857 1.2842399230000001e-17
2533036.4286 1.2772165619999998e-17
2570587.1429 1.265369568e-17
2608694.2857 1.257149629e-17
2647365.7143 1.2448822200000002e-17
2686610.7143 1.2365834499999997e-17
2726437.8571 1.2257966930000004e-17
2766855.0 1.221131221e-17
2807871.4286 1.2054389330000001e-17
2849495.7143 1.2031865230000002e-17
2891737.1429 1.188396574e-17
2934605.0 1.181329461e-17
2978107.8571 1.164684118e-17
3022255.7143 1.158638197e-17
3067057.8571 1.1459498720000002e-17
3112524.2857 1.1405785970000001e-17
3158665.0 1.125291267e-17
3205489.2857 1.124093673e-17
3253007.8571 1.1173003e-17
3301230.7143 1.0993211179999998e-17
3350168.5714 1.09612739e-17
3399832.1429 1.091263349e-17
3450231.4286 1.075239692e-17
3501377.8571 1.075193056e-17
3553282.8571 1.061464378e-17
3605957.1429 1.0478624120000001e-17
3659412.1429 1.0416228560000002e-17
3713660.0 1.0309595210000001e-17
3768712.1429 1.022898596e-17
3824580.0 1.014531681e-17
3881275.7143 1.0082307819999999e-17
3938812.1429 9.993843510999999e-18
3997201.4286 9.913945173e-18
4056456.4286 9.847821675e-18
4116590.0 9.785541224000001e-18
4177615.0 9.662537291999999e-18
4239544.2857 9.613007869e-18
4302391.4286 9.561635894e-18
4366170.7143 9.511400872e-18
4430895.0 9.447445521000001e-18
4496578.5714 9.428209899e-18
4563236.4286 9.404750147e-18
4630882.1429 9.348950667999999e-18
4699530.0 9.34324954e-18
4769195.7143 9.324170591000002e-18
4839894.2857 9.290949635000001e-18
4911640.7143 9.250617810999998e-18
4973888.5714 9.251978508999999e-18
