# freq [Hz]  noise density [V^2/Hz]
1.4285714286 6.1317351760000004e-9
4.2857142857 3.914407514e-11
5.7142857143 1.516221380306e-10
7.1428571429 2.8416295052e-11
8.5714285714 2.95260857471e-11
10.0 2.408548048095e-11
11.428571429 2.6450504635099998e-11
12.857142857 3.53760994791e-11
14.285714286 1.9031203555899998e-11
15.714285714 1.0112360089900002e-11
17.142857143 1.6401376396e-11
18.571428571 1.1538604240599997e-11
20.0 9.0364356905e-12
21.428571429 1.0217820161e-11
22.857142857 7.138359284100001e-12
24.285714286 1.4144572921000002e-11
25.714285714 1.280964702882e-11
27.142857143 1.2556602525999999e-11
28.571428571 1.0287621272400002e-11
30.0 2.4314579675599998e-12
31.428571429 5.628064300600001e-12
32.857142857 6.205182519999999e-12
34.285714286 4.02284190737e-12
35.714285714 5.203454352999999e-12
37.142857143 1.5710526342e-11
38.571428571 7.951611183099999e-12
40.0 2.921407052e-12
41.428571429 2.8779795478e-12
42.857142857 5.038643301300001e-12
44.285714286 3.892523041200002e-12
45.714285714 3.09765698245e-12
47.142857143 6.622341455699999e-12
48.571428571 4.43852656426e-12
50.0 3.173226514000001e-11
51.428571429 2.3164378821e-12
52.857142857 2.03699969661e-12
54.285714286 3.67570989845e-12
55.714285714 4.0356110742999994e-12
57.142857143 3.2703425960000004e-12
58.571428571 2.49242585179e-12
60.0 7.06590551302e-11
61.428571429 6.462119325199999e-12
62.857142857 6.6081006135000004e-12
64.285714286 3.0466825730999996e-12
65.714285714 2.3559754230999997e-12
67.142857143 1.90278043455e-12
68.571428571 3.2424348344999996e-12
70.0 2.9982650515000002e-12
71.428571429 2.13731324799e-12
72.857142857 3.1618541562e-12
74.285714286 2.2376761266e-12
75.714285714 3.0991824823000005e-12
77.142857143 4.696112104099999e-12
78.571428571 4.0139349191999994e-12
80.0 3.792627866810001e-12
81.428571429 3.942724183199999e-12
82.857142857 2.55654874677e-12
84.285714286 3.4037612453000005e-12
85.714285714 1.1514596818e-12
87.142857143 1.9793436423e-12
88.571428571 1.5575736334000002e-12
90.0 1.7930603703000002e-12
91.428571429 2.9259124231000007e-12
92.857142857 2.9940034705e-12
94.285714286 1.9682331121e-12
95.714285714 3.3037894021000004e-12
97.142857143 3.8275267956999994e-12
99.285714286 1.1470318245e-11
102.14285714 2.8700652744e-12
105.0 2.0685300476e-12
107.85714286 3.894518318e-12
110.71428571 2.4492895909e-12
113.57142857 2.886395964e-12
116.42857143 2.548766118e-12
119.28571429 4.378888179000001e-12
122.14285714 2.1980438493e-12
125.0 2.2969683614999995e-12
127.85714286 2.3709675686000004e-12
130.71428571 3.7880254549e-12
133.57142857 2.8042908033000003e-12
136.42857143 2.7825421959999998e-12
139.28571429 2.8784961627999997e-12
142.14285714 2.0687300384000002e-12
145.0 2.7209965100000003e-12
147.85714286 3.5277227616000002e-12
150.71428571 8.816579317e-12
153.57142857 2.5729602823e-12
156.42857143 1.7718359514e-12
159.28571429 2.1666352729e-12
162.14285714 2.7147824777999996e-12
165.0 2.2777306386999998e-12
167.85714286 2.15398574457e-12
170.71428571 2.2266510885e-12
173.57142857 3.088088494e-12
176.42857143 2.6499817242999998e-12
179.28571429 5.318336927e-12
182.14285714 1.7125603211999998e-12
185.0 1.8700466549000004e-12
187.85714286 2.7571604350999995e-12
190.71428571 1.837387484e-12
193.57142857 1.8560033662e-12
197.14285714 2.4645758238e-12
201.42857143 4.351962195e-11
205.71428571 2.1528988206e-12
210.0 1.8721741022e-12
214.28571429 2.6111970880000003e-12
218.57142857 4.345390014000001e-12
222.85714286 2.5741730995e-12
227.14285714 2.3276259419999998e-12
231.42857143 2.4825735399999995e-12
235.71428571 2.605842568e-12
240.0 3.170998322e-12
244.28571429 1.7918213298999997e-12
248.57142857 1.4405088912e-11
252.85714286 1.7458518373000001e-12
257.14285714 1.9902170424e-12
261.42857143 3.6492182454e-12
265.71428571 1.5272974262000003e-12
270.0 2.0317339879999997e-12
274.28571429 2.0648852173e-12
278.57142857 2.1035221274000002e-12
282.85714286 3.7583168710000004e-12
287.14285714 1.6306199969999999e-12
291.42857143 1.9074890036e-12
296.42857143 1.9993103315e-12
302.14285714 5.757819403e-12
307.85714286 1.9695862750999998e-12
313.57142857 1.547758568e-12
319.28571429 2.1072142669999998e-12
325.0 1.9097729887000003e-12
330.71428571 4.0857607469999995e-12
336.42857143 2.3093584917e-12
342.14285714 2.010369699e-12
347.85714286 3.5326358352000003e-12
353.57142857 1.5757221853000002e-12
359.28571429 2.6397050779999998e-12
365.0 1.5636909765999999e-12
370.71428571 2.0212571866e-12
376.42857143 1.7560387961999997e-12
382.14285714 1.6293829393e-12
387.85714286 2.473310507e-12
394.28571429 1.5720263180000002e-12
401.42857143 1.1927912882999999e-11
408.57142857 1.9456252355e-12
415.71428571 1.5785971448999997e-12
422.85714286 2.535690944e-12
430.0 2.93172273e-12
437.14285714 1.5697879810000002e-12
444.28571429 1.1532972733e-12
451.42857143 2.800318829e-12
458.57142857 1.4410451126999998e-12
465.71428571 1.7313036659999999e-12
472.85714286 1.9631397733000004e-12
480.0 1.4455501617999997e-12
487.85714286 1.4106602757000001e-12
496.42857143 2.637276118e-12
505.0 1.4644193266999999e-12
513.57142857 1.7448563389e-12
522.14285714 1.4797799316000001e-12
530.71428571 1.2586273591999999e-12
539.28571429 1.6312228045000003e-12
547.85714286 2.743663035e-12
556.42857143 1.5051144301000004e-12
565.0 1.2053626857e-12
573.57142857 1.6247664799000002e-12
582.14285714 1.6308513e-12
591.42857143 1.6486304701999998e-12
601.42857143 4.4742749660000004e-12
611.42857143 1.7742459322000003e-12
621.42857143 1.3805048836000001e-12
631.42857143 1.8130379760000001e-12
641.42857143 1.4185034089999997e-12
651.42857143 2.384930817e-12
661.42857143 1.5584700332e-12
671.42857143 1.8331508401e-12
682.14285714 1.2872266541e-12
693.57142857 1.3670831820999999e-12
705.0 1.697999225e-12
716.42857143 1.5021891433999998e-12
727.85714286 1.1995489186e-12
739.28571429 1.1213078526999999e-12
750.71428571 1.910647463e-12
762.14285714 1.4018853828000001e-12
773.57142857 1.2524248991e-12
785.71428571 1.5081121235999998e-12
798.57142857 3.287406035e-12
811.42857143 1.1744150236e-12
824.28571429 1.1076454428e-12
837.14285714 1.2788395319000001e-12
850.0 1.7169745849999998e-12
862.85714286 1.1383776466999998e-12
876.42857143 1.1953709082e-12
890.71428571 1.3843332585e-12
905.0 1.1179778634e-12
919.28571429 1.4825471899999999e-12
933.57142857 1.3514378792000002e-12
947.85714286 1.2784878005e-12
962.14285714 1.3806447608e-12
977.14285714 1.3816394675e-12
992.85714286 6.9752953770000005e-12
1008.5714286 1.8256104198e-12
1024.2857143 1.3016051114999998e-12
1040.0 1.104893058e-12
1055.7142857 1.4480750614999998e-12
1072.1428571 1.2825239820000001e-12
1089.2857143 1.3614812258999998e-12
1106.4285714 1.1985151645e-12
1123.5714286 1.3463034492e-12
1140.7142857 1.1735501995999997e-12
1157.8571429 1.176619786e-12
1175.7142857 1.1336284405e-12
1194.2857143 1.2937856588e-12
1212.8571429 1.1912635965e-12
1231.4285714 1.1621641379999997e-12
1250.0 1.820089844e-12
1269.2857143 1.0477281130000001e-12
1289.2857143 1.4393585952999998e-12
1309.2857143 1.3054629572e-12
1329.2857143 1.0834513147e-12
1349.2857143 1.3369635881e-12
1370.0 1.245170027e-12
1391.4285714 1.1880276946000004e-12
1412.8571429 1.3542297031000003e-12
1434.2857143 1.1603062395000001e-12
1455.7142857 1.4712130319999999e-12
1477.8571429 1.2284722795999999e-12
1500.7142857 1.197243862e-12
1523.5714286 1.238784976e-12
1546.4285714 1.3324200932000004e-12
1570.0 1.164449084e-12
1594.2857143 1.2899317958e-12
1618.5714286 1.1405381542000001e-12
1642.8571429 1.1915848924999999e-12
1667.8571429 1.3401582874999996e-12
1693.5714286 1.0717677514e-12
1719.2857143 1.3612536616000002e-12
1745.0 1.4552673311e-12
1771.4285714 1.259966907e-12
1798.5714286 1.3701557554999999e-12
1825.7142857 1.1873102291000001e-12
1853.5714286 1.2519149590000002e-12
1882.1428571 1.1263932221999997e-12
1910.7142857 1.2463101650000004e-12
1939.2857143 1.2958751581000001e-12
1968.5714286 1.284791606e-12
1998.5714286 7.753654289e-12
2028.5714286 1.1027332002e-12
2059.2857143 1.0948994184999998e-12
2090.7142857 1.2587681748e-12
2122.1428571 1.222538566e-12
2154.2857143 1.2177743842e-12
2187.1428571 1.2794791281e-12
2220.0 1.2080816655999999e-12
2253.5714286 1.2616786889e-12
2287.8571429 1.3619619679999997e-12
2322.1428571 1.1742984864000001e-12
2357.1428571 1.1094458388999999e-12
2392.8571429 1.339610648e-12
2429.2857143 1.1942418872999999e-12
2466.4285714 1.3320199344e-12
2503.5714286 1.2247191909e-12
2541.4285714 1.2111532169999998e-12
2580.0 1.3079966369000002e-12
2618.5714286 1.1860050334e-12
2657.8571429 1.2100688490999999e-12
2697.8571429 1.1848143355999998e-12
2738.5714286 1.1965370162e-12
2780.0 1.357464007e-12
2822.1428571 1.1421354559e-12
2865.0 1.1830403343e-12
2907.8571429 1.1302909133e-12
2951.4285714 1.1476024448e-12
2995.7142857 1.8601357673e-12
3040.7142857 1.2879795869000001e-12
3086.4285714 1.270618959e-12
3132.8571429 1.1461790777e-12
3180.0 1.2707170612e-12
3227.8571429 1.306926124e-12
3276.4285714 1.209202336e-12
3325.7142857 1.2109367014e-12
3375.7142857 1.388570993e-12
3426.4285714 1.2814390580000002e-12
3477.8571429 1.1696163971999998e-12
3530.0 1.2495941230000002e-12
3582.8571429 1.201246803e-12
3636.4285714 1.1143440293999998e-12
3691.4285714 1.1842272763e-12
3747.1428571 1.2174765739999999e-12
3803.5714286 1.1641016713e-12
3860.7142857 1.080608616e-12
3918.5714286 1.3426273769999997e-12
3977.1428571 6.8229279119999995e-12
4036.4285714 1.2566023872999999e-12
4097.1428571 1.1845469154999998e-12
4158.5714286 1.2030497343000002e-12
4220.7142857 1.1657414683999999e-12
4284.2857143 1.1762450859e-12
4348.5714286 1.2788551600000002e-12
4413.5714286 1.2090022559e-12
4480.0 1.1237471989999998e-12
4547.1428571 1.164965489e-12
4615.0 1.1529649464000001e-12
4684.2857143 1.0989989325e-12
4754.2857143 1.1984333436999999e-12
4825.0 1.151042555e-12
4897.1428571 1.1458476068e-12
4970.7142857 1.3161168310000002e-12
5045.0 1.1229939263e-12
5120.0 1.1312600342e-12
5196.4285714 1.2060280764e-12
5274.2857143 1.2627124289999998e-12
5353.5714286 1.236108724e-12
5433.5714286 1.2142548718999999e-12
5514.2857143 1.218071892e-12
5596.4285714 1.1662682559999998e-12
5680.0 1.1249299126e-12
5765.0 1.1645774515e-12
5851.4285714 1.2011316170000001e-12
5939.2857143 1.1461638427999999e-12
6028.5714286 2.9841549849999997e-12
6119.2857143 1.2103134370000001e-12
6210.7142857 1.1383893686e-12
6302.8571429 1.2302491869999999e-12
6396.4285714 1.1645426869999998e-12
6491.4285714 1.2573841090000001e-12
6587.8571429 1.0616239524999999e-12
6685.7142857 1.1430818599000002e-12
6785.0 1.0805627474e-12
6885.7142857 1.1584390535e-12
6987.8571429 1.2014270205999999e-12
7092.1428571 1.2312367259999998e-12
7198.5714286 1.0926184334999999e-12
7306.4285714 1.196226262e-12
7415.7142857 1.1205317501000003e-12
7526.4285714 1.1869501428e-12
7638.5714286 1.1070936776000003e-12
7752.1428571 1.2154007870000001e-12
7867.8571429 1.150148705e-12
7985.7142857 1.7955273840000003e-12
8105.0 1.1420207553e-12
8225.7142857 1.2286202307e-12
8347.8571429 1.220920957e-12
8472.1428571 1.1786468067e-12
8598.5714286 1.2359249870000001e-12
8726.4285714 1.2278019089999999e-12
8856.4285714 1.1686516829999998e-12
8988.5714286 1.212844722e-12
9122.1428571 1.1483045429999999e-12
9257.8571429 1.1324875653e-12
9395.7142857 1.1193468133999998e-12
9535.7142857 1.1288754686e-12
9677.8571429 1.184161441e-12
9822.1428571 1.1077210263000002e-12
9968.5714286 1.537732956e-12
10117.142857 1.209657658e-12
10267.857143 1.119616674e-12
10420.714286 1.1575351511e-12
10575.714286 1.1091285025e-12
10732.857143 1.1945429539999998e-12
10892.857143 1.1263951032999998e-12
11055.0 1.1723615233000002e-12
11219.285714 1.1574909370000001e-12
11386.428571 1.2031330713e-12
11556.428571 1.1195269662e-12
11728.571429 1.1588375959999999e-12
11902.857143 1.1881011345999999e-12
12080.0 1.1969210509999999e-12
12260.0 1.1362335612e-12
12442.857143 1.1472255660999999e-12
12628.571429 1.2182912640000001e-12
12817.142857 1.1030991056e-12
13007.857143 1.1216331588e-12
13200.714286 1.123125608e-12
13396.428571 1.1039938552e-12
13595.714286 1.1461744747000001e-12
13798.571429 1.17884194e-12
14004.285714 1.174017035e-12
14212.857143 1.124616096e-12
14424.285714 1.1706691572e-12
14638.571429 1.1634834853e-12
14856.428571 1.1470957967e-12
15077.857143 1.162696399e-12
15302.142857 1.1469795265e-12
15529.285714 1.1024309856e-12
15760.0 1.133850218e-12
15994.285714 1.1685108009999999e-12
16232.142857 1.095630238e-12
16473.571429 1.150040387e-12
16718.571429 1.150998529e-12
16967.142857 1.1215431845e-12
17219.285714 1.1396648519999997e-12
17475.0 1.135334658e-12
17734.285714 1.1100994668999998e-12
17997.857143 1.2498984100000001e-12
18265.714286 1.1522712166999999e-12
18537.142857 1.1898273580000002e-12
18812.142857 1.1623461849999999e-12
19091.428571 1.1398222503e-12
19375.0 1.1566189900000001e-12
19662.857143 1.152200235e-12
19955.0 1.1678915749999999e-12
20251.428571 1.1006238180000002e-12
20552.142857 1.1516843569999999e-12
20857.142857 1.11446048e-12
21167.142857 1.130742149e-12
21482.142857 1.1470063071e-12
21801.428571 1.1531982350000002e-12
22125.0 1.140854265e-12
22453.571429 1.156483637e-12
22787.142857 1.171315702e-12
23125.714286 1.136027804e-12
23469.285714 1.1477467721e-12
23817.857143 1.1894058909999998e-12
24171.428571 1.159103613e-12
24530.0 1.1451890500000001e-12
24894.285714 1.1427784729999999e-12
25264.285714 1.144708073e-12
25640.0 1.0998046239999999e-12
26021.428571 1.1080099219999999e-12
26408.571429 1.156482531e-12
26801.428571 1.1681766990000001e-12
27200.0 1.12086577e-12
27604.285714 1.1627399030000002e-12
28014.285714 1.1492573920000003e-12
28430.0 1.114432399e-12
28852.142857 1.159590448e-12
29280.714286 1.155489626e-12
29715.714286 1.1234669740000002e-12
30157.142857 1.110579089e-12
30605.0 1.1196921509999996e-12
31059.285714 1.0730446000999999e-12
31520.0 1.156665761e-12
31987.857143 1.1183693980000001e-12
32462.857143 1.119744131e-12
32945.0 1.124704019e-12
33434.285714 1.1240044147000001e-12
33930.714286 1.1186222885000002e-12
34434.285714 1.1024223700000004e-12
34945.0 1.1214570877e-12
35463.571429 1.13051187e-12
35990.0 1.132157476e-12
36524.285714 1.110953549e-12
37066.428571 1.0974573976999998e-12
37616.428571 1.109417766e-12
38175.0 1.1250468609999998e-12
38742.142857 1.1173409990000002e-12
39317.142857 1.129385222e-12
39900.0 1.10002635e-12
40492.142857 1.13201479e-12
41093.571429 1.127427098e-12
41703.571429 1.105305431e-12
42322.142857 1.0858587002e-12
42950.0 1.0795734549999998e-12
43587.142857 1.112948453e-12
44233.571429 1.0807999374e-12
44890.0 1.1101416469999998e-12
45556.428571 1.1042869360000002e-12
46232.857143 1.1345967310000002e-12
46919.285714 1.0829929798e-12
47615.714286 1.0766837370000002e-12
48322.142857 1.102210973e-12
49039.285714 1.097226972e-12
49767.142857 1.0889607462000002e-12
50505.714286 1.0745467532e-12
51255.0 1.099795751e-12
52015.0 1.0866071670000002e-12
52786.428571 1.075242173e-12
53569.285714 1.0731819489999998e-12
54363.571429 1.0755369060000001e-12
55170.0 1.0566698179999999e-12
55988.571429 1.0768505735e-12
56819.285714 1.088747778e-12
57662.142857 1.0475968474e-12
58517.142857 1.072898238e-12
59385.0 1.0563857198e-12
60265.714286 1.051580271e-12
61159.285714 1.076938563e-12
62066.428571 1.071922131e-12
62987.142857 1.0390093662e-12
63921.428571 1.0803108963e-12
64870.0 1.0362732522e-12
65832.857143 1.0448011118999998e-12
66810.0 1.0432513180000002e-12
67801.428571 1.0100384734e-12
68807.142857 1.0076700002e-12
69827.857143 1.0442481231000001e-12
70863.571429 1.0318626156e-12
71914.285714 1.0292348875e-12
72980.714286 1.0094546914e-12
74062.857143 1.0161988204000001e-12
75161.428571 1.0255490867000001e-12
76276.428571 1.0045244593e-12
77407.857143 1.0070226661e-12
78556.428571 1.0065262912000001e-12
79722.142857 9.868098489000003e-13
80905.0 9.902601735e-13
82105.0 9.771568546e-13
83322.857143 9.885021579000003e-13
84558.571429 9.770481435e-13
85812.142857 9.670844147e-13
87084.285714 9.870635737000001e-13
88375.714286 9.612400836000002e-13
89686.428571 9.738858754e-13
91016.428571 9.418592028e-13
92366.428571 9.407802234e-13
93736.428571 9.503718393000001e-13
95126.428571 9.337037143e-13
96537.142857 9.319337183e-13
97969.285714 9.219788832999998e-13
99422.857143 9.312811421e-13
100897.85714 9.095100946e-13
102394.28571 9.158930199e-13
103912.85714 9.146753076e-13
105454.28571 8.993610333e-13
107018.57143 9.014126680000001e-13
108605.71429 9.017379406000001e-13
110216.42857 8.846466422999999e-13
111851.42857 8.837663662e-13
113510.71429 8.607558528e-13
115194.28571 8.59658035e-13
116902.85714 8.746889893999998e-13
118636.42857 8.438422860000001e-13
120395.71429 8.437093944999999e-13
122181.42857 8.349171148e-13
123993.57143 8.217841977999999e-13
125832.85714 8.139916913000001e-13
127699.28571 8.229937939000001e-13
129592.85714 8.098128413e-13
131514.28571 8.022661916e-13
133464.28571 7.949671162999999e-13
135443.57143 7.856504644e-13
137452.14286 7.834310888000001e-13
139490.0 7.594479617e-13
141558.57143 7.541960056999999e-13
143657.85714 7.581523612999999e-13
145787.85714 7.585222508999999e-13
147949.28571 7.369532767999999e-13
150142.85714 7.292109745000002e-13
152369.28571 7.188297146e-13
154628.57143 7.055972216000001e-13
156921.42857 7.016477112e-13
159248.57143 6.857173091e-13
161610.0 6.846316942999999e-13
164006.42857 6.746603931e-13
166438.57143 6.700231065999999e-13
168906.42857 6.602772484e-13
171410.71429 6.569664954000001e-13
173952.14286 6.527971791e-13
176531.42857 6.397078154e-13
179149.28571 6.196405807999999e-13
181805.71429 6.177494524000001e-13
184501.42857 6.160100071e-13
187237.14286 5.916037585e-13
190013.57143 5.926525517e-13
192831.42857 5.899614771e-13
195690.71429 5.727143760000001e-13
198592.14286 5.800497764000001e-13
201536.42857 5.555358484999999e-13
204524.28571 5.516599468e-13
207556.42857 5.340181778e-13
210633.57143 5.298137631e-13
213756.42857 5.20450304e-13
216925.71429 5.157227978999999e-13
220142.14286 5.064876574000001e-13
223406.42857 4.944409524e-13
226719.28571 4.936675615e-13
230080.71429 4.813296352e-13
233492.14286 4.773209311e-13
236954.28571 4.665855889e-13
240467.14286 4.574388445e-13
244032.14286 4.482043778999999e-13
247650.0 4.3787884359999994e-13
251321.42857 4.2973212860000003e-13
255047.85714 4.2133363979999994e-13
258830.0 4.1643680869999994e-13
262667.85714 4.098991758e-13
266562.14286 4.038032748e-13
270514.28571 3.9013064740000003e-13
274525.0 3.8437078020000004e-13
278595.0 3.7831187720000003e-13
282725.71429 3.680940646e-13
286917.85714 3.5988259699999996e-13
291172.14286 3.528024744e-13
295489.28571 3.47487419e-13
299870.0 3.37415781e-13
304315.71429 3.2645809870000006e-13
308827.85714 3.215847115e-13
313407.14286 3.163436194e-13
318054.28571 3.080303046e-13
322770.0 3.010781247e-13
327555.0 2.981523705000001e-13
332410.71429 2.8684920429999994e-13
337338.57143 2.797593002e-13
342340.0 2.7501232409999996e-13
347415.71429 2.676356903e-13
352566.42857 2.6232928369999997e-13
357793.57143 2.549026453e-13
363098.57143 2.501194118e-13
368482.14286 2.4151135979999996e-13
373945.0 2.36476235e-13
379488.57143 2.311068024e-13
385114.28571 2.2312962299999998e-13
390823.57143 2.1849123759999996e-13
396617.85714 2.1346903280000002e-13
402497.85714 2.052024836e-13
408465.0 2.0011074020000003e-13
414520.71429 1.9603004270000003e-13
420666.42857 1.9061280559999996e-13
426903.57143 1.8549361659999999e-13
433232.85714 1.811295819e-13
439655.71429 1.755663991e-13
446173.57143 1.707754421e-13
452787.85714 1.6577708070000003e-13
459500.71429 1.619245022e-13
466313.57143 1.555135424e-13
473227.14286 1.5128820389999998e-13
480242.85714 1.4669587469999997e-13
487362.85714 1.4331997060000001e-13
494588.57143 1.391084786e-13
501920.71429 1.345072908e-13
509361.42857 1.2995476160000002e-13
516912.85714 1.269028777e-13
524576.42857 1.2278957190000003e-13
532353.57143 1.1748129459999998e-13
540245.71429 1.1473371309999999e-13
548255.0 1.1011040149999998e-13
556382.85714 1.069803962e-13
564630.71429 1.0379494840000002e-13
573001.42857 1.0000857307e-13
581496.42857 9.766106283999999e-14
590117.14286 9.41811989e-14
598865.71429 9.116476336e-14
607743.57143 8.755191024999999e-14
616752.85714 8.337315706000001e-14
625895.71429 8.115771188999999e-14
635174.28571 7.885920653000001e-14
644590.71429 7.526935574000001e-14
654146.42857 7.285840445e-14
663843.57143 6.983571776e-14
673685.0 6.785672167999999e-14
683672.85714 6.466518503e-14
693808.57143 6.211271465e-14
704094.28571 6.017832144999999e-14
714532.14286 5.783532573e-14
725125.0 5.571110573e-14
735875.0 5.3444147100000005e-14
746784.28571 5.125691797e-14
757855.71429 4.9017497899999995e-14
769090.71429 4.7116225659999994e-14
780492.14286 4.562901266000001e-14
792062.85714 4.3428818110000004e-14
803805.0 4.170352379e-14
815721.42857 4.0082153009999994e-14
827814.28571 3.808437156e-14
840086.42857 3.644694265e-14
852540.71429 3.498193674e-14
865179.28571 3.362243129e-14
878005.0 3.208585414e-14
891020.71429 3.082076317e-14
904229.28571 2.917262175e-14
917633.57143 2.7891795770000002e-14
931237.14286 2.681079629e-14
945042.85714 2.550075018e-14
959052.85714 2.448854203e-14
973270.71429 2.3126975e-14
987699.28571 2.2182536430000002e-14
1002341.4286 2.1041919769999998e-14
1017200.7143 2.0084244299999998e-14
1032280.0 1.9225937719999997e-14
1047582.8571 1.819688705e-14
1063112.8571 1.7374870080000003e-14
1078872.8571 1.66367384e-14
1094866.4286 1.5708482349999997e-14
1111097.1429 1.501879738e-14
1127568.5714 1.4240324900000003e-14
1144284.2857 1.368254426e-14
1161247.8571 1.2959276290000002e-14
1178462.8571 1.2266937349999999e-14
1195932.8571 1.1806939740000001e-14
1213662.1429 1.1039056819999999e-14
1231654.2857 1.0581387879999999e-14
1249912.8571 1.0151370288e-14
1268442.1429 9.488449262e-15
1287246.4286 9.114051744e-15
1306329.2857 8.732194871000001e-15
1325695.0 8.177994871999998e-15
1345347.8571 7.812907707e-15
1365292.1429 7.45329212e-15
1385532.1429 7.0481308199999995e-15
1406072.1429 6.727748344999999e-15
1426916.4286 6.453408488999999e-15
1448069.2857 6.051259267000001e-15
1469535.7143 5.784643886999999e-15
1491320.7143 5.5625231430000015e-15
1513428.5714 5.275855837e-15
1535863.5714 4.9573018090000005e-15
1558631.4286 4.821640923e-15
1581737.1429 4.5327581780000004e-15
1605185.7143 4.3608198569999996e-15
1628982.1429 4.1124114220000005e-15
1653130.7143 3.993459871e-15
1677637.1429 3.702856131999999e-15
1702507.1429 3.589442388e-15
1727745.7143 3.4799932609999997e-15
1753358.5714 3.239396985e-15
1779351.4286 3.1774260799999996e-15
1805729.2857 2.9428866069999996e-15
1832497.8571 2.8821981620000003e-15
1859663.5714 2.704069258e-15
1887232.1429 2.635026071e-15
1915209.2857 2.4708127000000003e-15
1943600.7143 2.4033671539999996e-15
1972412.8571 2.2557438219999994e-15
2001652.1429 2.205810263e-15
2031325.0 2.0715855190000003e-15
2061437.8571 2.0359145269999998e-15
2091997.1429 1.908401568e-15
2123009.2857 1.86614933e-15
2154480.7143 1.740007152e-15
2186418.5714 1.7071901180000002e-15
2218830.0 1.5960383979999999e-15
2251722.1429 1.579976247e-15
2285102.1429 1.4617005909999999e-15
2318977.1429 1.469551224e-15
2353354.2857 1.4520834370000001e-15
2388240.7143 1.286283831e-15
2423644.2857 1.3434189660000002e-15
2459572.8571 1.189736882e-15
2496034.2857 1.297087949e-15
2533036.4286 1.201595667e-15
2570587.1429 1.061755476e-15
2608694.2857 1.102610189e-15
2647365.7143 1.102655956e-15
2686610.7143 9.503937805000001e-16
2726437.8571 1.0392108769999999e-15
2766855.0 9.653087378e-16
2807871.4286 8.636660781999999e-16
2849495.7143 9.908791542000002e-16
2891737.1429 9.176725676e-16
2934605.0 9.792983001000002e-16
2978107.8571 7.469686039000001e-16
3022255.7143 9.453605916e-16
3067057.8571 8.918456915e-16
3112524.2857 9.972769452e-16
3158665.0 6.85682434e-16
3205489.2857 1.104200494e-15
3253007.8571 1.262218765e-15
3301230.7143 1.125812325e-15
3350168.5714 1.582648737e-15
3399832.1429 1.8450798529999998e-15
3450231.4286 2.1504057660000005e-15
3501377.8571 9.832951283e-16
3553282.8571 2.211447833e-15
3605957.1429 1.8662991849999997e-15
3659412.1429 1.327082878e-15
3713660.0 9.452709075999999e-16
3768712.1429 6.865004985e-16
3824580.0 5.64731093e-16
3881275.7143 5.044305364e-16
3938812.1429 4.419005968e-16
3997201.4286 4.110824735e-16
4056456.4286 3.883069026e-16
4116590.0 3.740943473e-16
4177615.0 3.5441108359999995e-16
4239544.2857 3.345846106e-16
4302391.4286 3.2334609870000005e-16
4366170.7143 3.1258165000000004e-16
4430895.0 3.0507194229999994e-16
4496578.5714 3.10094886e-16
4563236.4286 2.9009178850000004e-16
4630882.1429 2.8774385219999996e-16
4699530.0 2.820106543e-16
4769195.7143 2.7578848979999996e-16
4839894.2857 2.725811068e-16
4911640.7143 2.7563522910000003e-16
4973888.5714 2.712167543e-16
