# freq [Hz]  noise density [V^2/Hz]
1.4285714286 5.8411209099999995e-9
4.2857142857 7.701703259e-12
5.7142857143 1.07241462095e-11
7.1428571429 7.29390898157e-12
8.5714285714 1.6956926892000002e-11
10.0 1.45584534015e-11
11.428571429 8.403645546000001e-12
12.857142857 6.0561936237e-12
14.285714286 8.4023379427e-12
15.714285714 1.1018111169e-11
17.142857143 1.19661139933e-11
18.571428571 1.4714496892400002e-11
20.0 1.5411192e-11
21.428571429 1.1598851496e-11
22.857142857 1.4792272140000003e-11
24.285714286 1.46813872838e-11
25.714285714 1.4599675684399997e-11
27.142857143 2.5020569687899996e-11
28.571428571 1.942814588387e-11
30.0 1.13269234805e-11
31.428571429 1.5141373417e-11
32.857142857 7.03942806e-12
34.285714286 8.085178685e-12
35.714285714 1.6198721956899998e-11
37.142857143 1.6106988744e-11
38.571428571 1.1719156954e-11
40.0 1.8579995728e-11
41.428571429 1.77558032461e-11
42.857142857 1.1690115747799998e-11
44.285714286 1.27367710687e-11
45.714285714 1.1833812121099999e-11
47.142857143 1.25776721595e-11
48.571428571 1.1895950689e-11
50.0 1.49971034331e-11
51.428571429 2.1206534095000003e-11
52.857142857 9.8465075984e-12
54.285714286 1.5854429412000003e-11
55.714285714 9.453086157700003e-12
57.142857143 5.564323742e-12
58.571428571 1.0096140299000001e-11
60.0 1.5411095499000002e-10
61.428571429 1.0728425058e-11
62.857142857 1.0588031861e-11
64.285714286 1.0833399068999998e-11
65.714285714 1.4624906466e-11
67.142857143 9.307102222400002e-12
68.571428571 1.5149910358000002e-11
70.0 1.1350003532000001e-11
71.428571429 9.667460200000001e-12
72.857142857 1.5381474425999997e-11
74.285714286 1.21957493637e-11
75.714285714 6.0383574955e-12
77.142857143 6.6482095002e-12
78.571428571 1.3908892199999999e-11
80.0 8.6261868894e-12
81.428571429 6.1984121216000006e-12
82.857142857 4.7180970669000004e-12
84.285714286 9.941589636e-12
85.714285714 1.4938165681e-11
87.142857143 3.0560382706000007e-11
88.571428571 7.3957596382e-12
90.0 1.1327365437e-11
91.428571429 1.3866784552200001e-11
92.857142857 1.0252913728000001e-11
94.285714286 8.1334509247e-12
95.714285714 1.1934307669999997e-11
97.142857143 9.858562509e-12
99.285714286 1.30558416923e-11
102.14285714 8.868707401000001e-12
105.0 9.850501526e-12
107.85714286 1.2878731452e-11
110.71428571 1.5029656294999998e-11
113.57142857 1.1730561301000002e-11
116.42857143 1.0839392741e-11
119.28571429 1.3568631392e-11
122.14285714 1.2605950547700002e-11
125.0 1.0429526215999999e-11
127.85714286 9.422130850000002e-12
130.71428571 9.581991583e-12
133.57142857 1.0457160953900003e-11
136.42857143 1.3678237771e-11
139.28571429 1.465832111e-11
142.14285714 9.705847099999998e-12
145.0 1.2359392228e-11
147.85714286 8.15818708e-12
150.71428571 1.1057294835e-11
153.57142857 8.644587019e-12
156.42857143 1.221953533e-11
159.28571429 7.507083339e-12
162.14285714 9.9660500037e-12
165.0 1.1737560648e-11
167.85714286 1.0927729771e-11
170.71428571 8.435808231e-12
173.57142857 1.6076856779e-11
176.42857143 1.2951175251e-11
179.28571429 9.602413031e-12
182.14285714 8.900359586e-12
185.0 9.414245436e-12
187.85714286 1.782629412e-11
190.71428571 1.1479833951999998e-11
193.57142857 9.9912959301e-12
197.14285714 1.3776827940999998e-11
201.42857143 1.2342946725e-11
205.71428571 8.673683462e-12
210.0 1.4408602783999997e-11
214.28571429 1.2709068881000003e-11
218.57142857 1.3885893691000002e-11
222.85714286 9.422154614e-12
227.14285714 1.1400041910000002e-11
231.42857143 9.592791029e-12
235.71428571 1.1976303016000001e-11
240.0 1.0181156076e-11
244.28571429 1.1267430108e-11
248.57142857 8.923676722999999e-12
252.85714286 1.4609791375000002e-11
257.14285714 1.3739480368999999e-11
261.42857143 1.1728184040999998e-11
265.71428571 9.807422639e-12
270.0 1.1048969993000002e-11
274.28571429 1.1446029777e-11
278.57142857 1.0918810018e-11
282.85714286 1.0197524240999999e-11
287.14285714 1.0874293855e-11
291.42857143 8.561594773e-12
296.42857143 1.3453041975e-11
302.14285714 1.0582426406e-11
307.85714286 1.013938407e-11
313.57142857 1.0957541709e-11
319.28571429 1.4731873956e-11
325.0 9.814658113e-12
330.71428571 9.297282973e-12
336.42857143 1.6092704609999997e-11
342.14285714 8.790572457999999e-12
347.85714286 1.1001528907000001e-11
353.57142857 1.1509310022e-11
359.28571429 1.2757882286999999e-11
365.0 1.0456430636999998e-11
370.71428571 1.1032459204999999e-11
376.42857143 1.180559998e-11
382.14285714 1.1590121612e-11
387.85714286 1.1986737566e-11
394.28571429 1.3388258470999999e-11
401.42857143 1.0425749515e-11
408.57142857 1.2985252632999997e-11
415.71428571 1.1018800861999998e-11
422.85714286 1.3447602109e-11
430.0 1.0701803561000001e-11
437.14285714 1.3631673103000002e-11
444.28571429 1.0304906101e-11
451.42857143 1.1149216866000001e-11
458.57142857 1.3663059809000001e-11
465.71428571 1.1376686093999999e-11
472.85714286 1.1173258511e-11
480.0 1.0995734668e-11
487.85714286 1.2495897236e-11
496.42857143 1.2148545746999999e-11
505.0 9.823659135e-12
513.57142857 9.730440231000001e-12
522.14285714 1.1463631189e-11
530.71428571 1.0620322875000001e-11
539.28571429 1.2016555528e-11
547.85714286 1.3110894684e-11
556.42857143 1.1169404532e-11
565.0 1.2895920830999999e-11
573.57142857 1.0775440925000001e-11
582.14285714 1.1150315794e-11
591.42857143 1.1667362051000001e-11
601.42857143 1.1517808276e-11
611.42857143 1.1172893674000001e-11
621.42857143 1.0026094773e-11
631.42857143 1.3218477352999999e-11
641.42857143 1.0124465771e-11
651.42857143 1.1211443931e-11
661.42857143 1.1668022696e-11
671.42857143 9.168439515e-12
682.14285714 1.1989054777999998e-11
693.57142857 1.369289106e-11
705.0 9.902037138000001e-12
716.42857143 1.2975803883999998e-11
727.85714286 1.035411446e-11
739.28571429 1.0416060251000002e-11
750.71428571 1.1644707269e-11
762.14285714 1.0532635169000002e-11
773.57142857 1.2979000930999999e-11
785.71428571 1.1530281373e-11
798.57142857 1.1979593367999999e-11
811.42857143 8.489583811e-12
824.28571429 1.283676127e-11
837.14285714 1.0352543165999998e-11
850.0 1.3823590444e-11
862.85714286 1.2978190513999999e-11
876.42857143 1.0521639444e-11
890.71428571 1.004575282e-11
905.0 1.2069302685999999e-11
919.28571429 1.2943889105999999e-11
933.57142857 1.1811997942000002e-11
947.85714286 1.0830878028e-11
962.14285714 1.0611404498000001e-11
977.14285714 1.0484919241e-11
992.85714286 1.2264410061000002e-11
1008.5714286 1.1115394491e-11
1024.2857143 1.2684128637999998e-11
1040.0 9.611991231000003e-12
1055.7142857 1.0845853444e-11
1072.1428571 1.0685252858e-11
1089.2857143 1.1652768561000001e-11
1106.4285714 1.2108018392000001e-11
1123.5714286 1.2605378096e-11
1140.7142857 1.1992338952e-11
1157.8571429 1.0953342930000001e-11
1175.7142857 1.1355876980999999e-11
1194.2857143 1.0551258460999999e-11
1212.8571429 1.0865909127000002e-11
1231.4285714 1.0657157565e-11
1250.0 1.1732089734000001e-11
1269.2857143 1.1966161284e-11
1289.2857143 1.1609976141000002e-11
1309.2857143 1.1200117128e-11
1329.2857143 1.0286898701999999e-11
1349.2857143 1.2962377647e-11
1370.0 1.1409205795e-11
1391.4285714 1.2215843718e-11
1412.8571429 1.0690066947999999e-11
1434.2857143 1.185506148e-11
1455.7142857 1.2475905693e-11
1477.8571429 1.1090313809999999e-11
1500.7142857 1.1362698789000001e-11
1523.5714286 1.2142115661e-11
1546.4285714 1.3439788403e-11
1570.0 1.0704993456000001e-11
1594.2857143 1.2967082157e-11
1618.5714286 1.0184605547000002e-11
1642.8571429 1.0967848537000001e-11
1667.8571429 1.1934826098999999e-11
1693.5714286 1.0817736096e-11
1719.2857143 1.3121091793e-11
1745.0 1.2094580901e-11
1771.4285714 1.1356329743000001e-11
1798.5714286 1.3200344812e-11
1825.7142857 1.0773414669999998e-11
1853.5714286 1.1131854302999999e-11
1882.1428571 1.1463761717999998e-11
1910.7142857 1.2284755183e-11
1939.2857143 1.2579474554999999e-11
1968.5714286 1.0083085917e-11
1998.5714286 1.2812642341e-11
2028.5714286 1.2270986794e-11
2059.2857143 1.2599675944000001e-11
2090.7142857 1.1659002175e-11
2122.1428571 1.1812741014000001e-11
2154.2857143 9.771031341e-12
2187.1428571 1.090452327e-11
2220.0 1.0746366065999999e-11
2253.5714286 1.1868366359999999e-11
2287.8571429 1.1946528005e-11
2322.1428571 1.2596346436999999e-11
2357.1428571 1.267894626e-11
2392.8571429 1.2453129854999998e-11
2429.2857143 1.0790831317e-11
2466.4285714 1.1985706836000001e-11
2503.5714286 1.2161653036e-11
2541.4285714 1.278841865e-11
2580.0 1.1391511468e-11
2618.5714286 1.0371500017e-11
2657.8571429 1.0995404972000002e-11
2697.8571429 1.1203327026999998e-11
2738.5714286 1.2010409109e-11
2780.0 1.2820469887e-11
2822.1428571 1.2043650147e-11
2865.0 1.224800841e-11
2907.8571429 1.1558879588e-11
2951.4285714 1.2684406965e-11
2995.7142857 1.0890600148999998e-11
3040.7142857 1.0941472873e-11
3086.4285714 1.0508703828000002e-11
3132.8571429 1.0452693102e-11
3180.0 1.1369937273999999e-11
3227.8571429 1.1659025583000002e-11
3276.4285714 1.0973890981e-11
3325.7142857 1.0539604581999998e-11
3375.7142857 1.2201315109e-11
3426.4285714 1.1567312819e-11
3477.8571429 1.0850371228e-11
3530.0 1.1842292603999998e-11
3582.8571429 1.3068021610000001e-11
3636.4285714 1.1823848667e-11
3691.4285714 1.1472107265e-11
3747.1428571 1.17289117e-11
3803.5714286 1.0548151180999998e-11
3860.7142857 1.1734270711e-11
3918.5714286 1.1852649178999998e-11
3977.1428571 1.1364180068e-11
4036.4285714 1.0673919336e-11
4097.1428571 1.1159855546000001e-11
4158.5714286 1.1995685150000001e-11
4220.7142857 1.2185735099999999e-11
4284.2857143 1.2057763556000001e-11
4348.5714286 1.1184528813e-11
4413.5714286 1.1178436132999998e-11
4480.0 1.1866683560000001e-11
4547.1428571 1.1310817069999999e-11
4615.0 1.1165588942999999e-11
4684.2857143 1.2156747623999999e-11
4754.2857143 1.1664712086000002e-11
4825.0 1.1106016372e-11
4897.1428571 1.1655144030999997e-11
4970.7142857 1.1550721349e-11
5045.0 1.146978303e-11
5120.0 1.1125707871e-11
5196.4285714 1.0628744814000002e-11
5274.2857143 1.2012820907999999e-11
5353.5714286 1.0869234494999998e-11
5433.5714286 1.1313503843000001e-11
5514.2857143 1.1375797165999999e-11
5596.4285714 1.1653877368e-11
5680.0 1.1510115885e-11
5765.0 1.1057087315999998e-11
5851.4285714 1.1386631556e-11
5939.2857143 1.1306885461e-11
6028.5714286 1.1186931341e-11
6119.2857143 1.0453830841e-11
6210.7142857 1.1013689292000002e-11
6302.8571429 1.200438724e-11
6396.4285714 1.1449798063999999e-11
6491.4285714 1.0783608819999999e-11
6587.8571429 1.0902180999999998e-11
6685.7142857 1.1736924911000001e-11
6785.0 1.136120681e-11
6885.7142857 1.1363174950999999e-11
6987.8571429 1.1320472589999998e-11
7092.1428571 1.1827178399999999e-11
7198.5714286 1.1199907957e-11
7306.4285714 1.1876752030000002e-11
7415.7142857 1.0477754381e-11
7526.4285714 1.13540969e-11
7638.5714286 1.1184101287e-11
7752.1428571 1.271303758e-11
7867.8571429 1.1069011947e-11
7985.7142857 1.159245194e-11
8105.0 1.1437381651e-11
8225.7142857 1.1397630081000002e-11
8347.8571429 1.129142365e-11
8472.1428571 1.1933111190000002e-11
8598.5714286 1.1375037749999999e-11
8726.4285714 1.1203220019000001e-11
8856.4285714 1.1149952168000001e-11
8988.5714286 1.1498250954e-11
9122.1428571 1.1384421065000001e-11
9257.8571429 1.132603407e-11
9395.7142857 1.1126740038e-11
9535.7142857 1.1347505408999999e-11
9677.8571429 1.1148902740999999e-11
9822.1428571 1.1259916920999998e-11
9968.5714286 1.192814856e-11
10117.142857 1.1340469559999999e-11
10267.857143 1.0645364033e-11
10420.714286 1.1059881546e-11
10575.714286 1.0871965786000001e-11
10732.857143 1.1181008585e-11
10892.857143 1.191540326e-11
11055.0 1.1381055749999999e-11
11219.285714 1.0625480308000001e-11
11386.428571 1.1056291098e-11
11556.428571 1.1548582441000001e-11
11728.571429 1.1271040319999999e-11
11902.857143 1.1013605822e-11
12080.0 1.1046983489000002e-11
12260.0 1.0925905483e-11
12442.857143 1.1157688486999997e-11
12628.571429 1.1002757718e-11
12817.142857 1.1021053726000001e-11
13007.857143 1.0629118591000002e-11
13200.714286 1.1308451418e-11
13396.428571 1.1053872166e-11
13595.714286 1.1363323109999999e-11
13798.571429 1.0993674904e-11
14004.285714 1.1237852292e-11
14212.857143 1.0983503833e-11
14424.285714 1.055125239e-11
14638.571429 1.0751725305999999e-11
14856.428571 1.0540066756000001e-11
15077.857143 1.0693686955999998e-11
15302.142857 1.0979717153e-11
15529.285714 1.0910894258000002e-11
15760.0 1.0516064437000001e-11
15994.285714 1.0609376526999999e-11
16232.142857 1.1183520390999999e-11
16473.571429 1.0748038785999998e-11
16718.571429 1.0670763330999999e-11
16967.142857 1.0817123913000001e-11
17219.285714 1.141115246e-11
17475.0 1.0439845090999998e-11
17734.285714 1.0589539101e-11
17997.857143 1.1184363030000001e-11
18265.714286 1.0762615094000001e-11
18537.142857 1.040448643e-11
18812.142857 1.0547132014e-11
19091.428571 1.0569183884999998e-11
19375.0 1.0834246713999998e-11
19662.857143 1.0697640161000002e-11
19955.0 1.0634126776999998e-11
20251.428571 1.0468522426999998e-11
20552.142857 1.0592369393e-11
20857.142857 1.0322800333e-11
21167.142857 1.0638225016000002e-11
21482.142857 1.0213077269999998e-11
21801.428571 1.0424288832e-11
22125.0 1.0561741269000002e-11
22453.571429 9.907613683000002e-12
22787.142857 1.050654368e-11
23125.714286 1.0653499651e-11
23469.285714 1.0113716462999999e-11
23817.857143 1.0630779904999999e-11
24171.428571 1.0431948411000001e-11
24530.0 1.0446830408e-11
24894.285714 1.0117847121e-11
25264.285714 1.0200155479e-11
25640.0 9.969190193000002e-12
26021.428571 9.865774838e-12
26408.571429 9.523647371000001e-12
26801.428571 9.932300250000001e-12
27200.0 9.696053913999999e-12
27604.285714 9.930594288e-12
28014.285714 9.613417011999999e-12
28430.0 9.666502182e-12
28852.142857 9.881118315e-12
29280.714286 9.795534704e-12
29715.714286 9.590247576000001e-12
30157.142857 9.609577232e-12
30605.0 9.554368301e-12
31059.285714 9.304747392e-12
31520.0 9.30116226e-12
31987.857143 9.52889033e-12
32462.857143 9.862019559e-12
32945.0 9.223428028e-12
33434.285714 9.332244192e-12
33930.714286 8.957396691999999e-12
34434.285714 9.106112617999999e-12
34945.0 9.108020839e-12
35463.571429 8.709981873000002e-12
35990.0 9.017829309e-12
36524.285714 8.614046275000002e-12
37066.428571 8.950844334999999e-12
37616.428571 8.583266590000002e-12
38175.0 8.638922461999998e-12
38742.142857 8.675267722e-12
39317.142857 8.686520497999999e-12
39900.0 8.473630527e-12
40492.142857 8.429201963e-12
41093.571429 8.193258833e-12
41703.571429 8.299282937e-12
42322.142857 8.45083973e-12
42950.0 7.985977667999999e-12
43587.142857 8.176187829e-12
44233.571429 8.036204798e-12
44890.0 7.898667317000002e-12
45556.428571 7.738547578000001e-12
46232.857143 7.774076816e-12
46919.285714 7.656031402000002e-12
47615.714286 7.579665582e-12
48322.142857 7.54237538e-12
49039.285714 7.37732201e-12
49767.142857 7.358772157e-12
50505.714286 7.201608283000001e-12
51255.0 7.257336398000001e-12
52015.0 7.136266624000001e-12
52786.428571 7.0824732620000005e-12
53569.285714 7.051214189e-12
54363.571429 6.896321501000001e-12
55170.0 6.876297853000001e-12
55988.571429 6.947355044e-12
56819.285714 6.665314486e-12
57662.142857 6.626775893000001e-12
58517.142857 6.545212210000001e-12
59385.0 6.538067385e-12
60265.714286 6.4188575910000005e-12
61159.285714 6.364221673000001e-12
62066.428571 6.139112678e-12
62987.142857 6.093575748000001e-12
63921.428571 5.994361427000001e-12
64870.0 5.9525229209999996e-12
65832.857143 5.8199821100000005e-12
66810.0 5.644696608e-12
67801.428571 5.619002882e-12
68807.142857 5.695039943e-12
69827.857143 5.372333003e-12
70863.571429 5.379177672e-12
71914.285714 5.393582593000001e-12
72980.714286 5.222355355e-12
74062.857143 5.205648928e-12
75161.428571 5.0738564080000004e-12
76276.428571 5.039727468e-12
77407.857143 4.904831594e-12
78556.428571 4.8218104290000006e-12
79722.142857 4.711588151e-12
80905.0 4.7282733450000005e-12
82105.0 4.571172136e-12
83322.857143 4.547274932e-12
84558.571429 4.535918734e-12
85812.142857 4.3428510080000005e-12
87084.285714 4.245793711e-12
88375.714286 4.248222109999999e-12
89686.428571 4.073315598e-12
91016.428571 4.0320612759999996e-12
92366.428571 3.890569296e-12
93736.428571 3.9564999080000004e-12
95126.428571 3.8216219980000004e-12
96537.142857 3.738234723e-12
97969.285714 3.671774770000001e-12
99422.857143 3.59681699e-12
100897.85714 3.4928149550000002e-12
102394.28571 3.472386323e-12
103912.85714 3.403651431e-12
105454.28571 3.34667606e-12
107018.57143 3.2231601480000007e-12
108605.71429 3.17923639e-12
110216.42857 3.0844038809999997e-12
111851.42857 3.000793295e-12
113510.71429 2.9335459949999996e-12
115194.28571 2.903537708e-12
116902.85714 2.9067929729999997e-12
118636.42857 2.7734597380000004e-12
120395.71429 2.6819668030000002e-12
122181.42857 2.6808671780000004e-12
123993.57143 2.603395939e-12
125832.85714 2.5156535590000002e-12
127699.28571 2.471273711e-12
129592.85714 2.4181984060000004e-12
131514.28571 2.38765572e-12
133464.28571 2.3010343180000002e-12
135443.57143 2.2625436549999997e-12
137452.14286 2.185019217e-12
139490.0 2.141863423e-12
141558.57143 2.094875071e-12
143657.85714 2.0402066510000003e-12
145787.85714 2.0163538730000003e-12
147949.28571 1.94684287e-12
150142.85714 1.901743599e-12
152369.28571 1.864126549e-12
154628.57143 1.81672495e-12
156921.42857 1.7488911459999998e-12
159248.57143 1.7567954939999998e-12
161610.0 1.6847441080000002e-12
164006.42857 1.6322370020000001e-12
166438.57143 1.6107834629999999e-12
168906.42857 1.539097858e-12
171410.71429 1.5354035169999998e-12
173952.14286 1.476384284e-12
176531.42857 1.447551131e-12
179149.28571 1.400913101e-12
181805.71429 1.354406769e-12
184501.42857 1.3182990040000003e-12
187237.14286 1.293891563e-12
190013.57143 1.263170024e-12
192831.42857 1.2375468389999999e-12
195690.71429 1.1870448930000002e-12
198592.14286 1.166875767e-12
201536.42857 1.1157000580000002e-12
204524.28571 1.1055625559999999e-12
207556.42857 1.069479039e-12
210633.57143 1.0321774800000002e-12
213756.42857 1.0149889794e-12
216925.71429 9.920839255000002e-13
220142.14286 9.659962504e-13
223406.42857 9.426952830999999e-13
226719.28571 9.053577562e-13
230080.71429 8.831116294000001e-13
233492.14286 8.555054132999999e-13
236954.28571 8.449417853e-13
240467.14286 8.155320203000001e-13
244032.14286 7.94032964e-13
247650.0 7.661528808000001e-13
251321.42857 7.490561567e-13
255047.85714 7.217702183e-13
258830.0 7.043483809e-13
262667.85714 6.828678615000001e-13
266562.14286 6.642712604e-13
270514.28571 6.503123549999999e-13
274525.0 6.255206895000001e-13
278595.0 6.079169613999999e-13
282725.71429 5.828261531999999e-13
286917.85714 5.726544239000001e-13
291172.14286 5.593778463e-13
295489.28571 5.372938877e-13
299870.0 5.244480754000001e-13
304315.71429 5.095037863999999e-13
308827.85714 4.908170546000001e-13
313407.14286 4.770491197e-13
318054.28571 4.650638658999999e-13
322770.0 4.5393292970000004e-13
327555.0 4.425926714e-13
332410.71429 4.294101006e-13
337338.57143 4.157011687e-13
342340.0 4.0447433989999995e-13
347415.71429 3.8636457200000004e-13
352566.42857 3.783572260000001e-13
357793.57143 3.677078701e-13
363098.57143 3.5377721e-13
368482.14286 3.395651052e-13
373945.0 3.367229511e-13
379488.57143 3.2494605049999997e-13
385114.28571 3.1288090840000003e-13
390823.57143 3.026775496e-13
396617.85714 2.929144535e-13
402497.85714 2.83123515e-13
408465.0 2.745142392e-13
414520.71429 2.6752553379999994e-13
420666.42857 2.586730933e-13
426903.57143 2.503502782e-13
433232.85714 2.419338154e-13
439655.71429 2.339091066e-13
446173.57143 2.2274264480000005e-13
452787.85714 2.1906197430000003e-13
459500.71429 2.110785011e-13
466313.57143 2.0367941979999998e-13
473227.14286 1.968357066e-13
480242.85714 1.9040779719999997e-13
487362.85714 1.8352020500000002e-13
494588.57143 1.7826151239999998e-13
501920.71429 1.733404423e-13
509361.42857 1.668537462e-13
516912.85714 1.6001274129999999e-13
524576.42857 1.564633925e-13
532353.57143 1.5070060209999998e-13
540245.71429 1.448954542e-13
548255.0 1.407121427e-13
556382.85714 1.34881037e-13
564630.71429 1.2974520659999998e-13
573001.42857 1.258827598e-13
581496.42857 1.1998717060000003e-13
590117.14286 1.169448577e-13
598865.71429 1.1269811979999998e-13
607743.57143 1.0794462510000001e-13
616752.85714 1.03462158e-13
625895.71429 9.971329445000001e-14
635174.28571 9.602165760999999e-14
644590.71429 9.170496636e-14
654146.42857 8.886886871000001e-14
663843.57143 8.508371855e-14
673685.0 8.206978166e-14
683672.85714 7.947393146000001e-14
693808.57143 7.573674536e-14
704094.28571 7.259350518999999e-14
714532.14286 6.953156088e-14
725125.0 6.683145428999999e-14
735875.0 6.428099335999999e-14
746784.28571 6.142057495999999e-14
757855.71429 5.849912070999999e-14
769090.71429 5.6214213629999995e-14
780492.14286 5.397530034e-14
792062.85714 5.119347223e-14
803805.0 4.9434508909999995e-14
815721.42857 4.700994338e-14
827814.28571 4.523360003e-14
840086.42857 4.329979823000001e-14
852540.71429 4.1396613009999995e-14
865179.28571 3.939836752e-14
878005.0 3.737914610999999e-14
891020.71429 3.582244424000001e-14
904229.28571 3.430506249e-14
917633.57143 3.256480078e-14
931237.14286 3.127222167e-14
945042.85714 2.9584540370000006e-14
959052.85714 2.8262727769999997e-14
973270.71429 2.702890676e-14
987699.28571 2.5501928549999997e-14
1002341.4286 2.4275784859999997e-14
1017200.7143 2.3381633360000003e-14
1032280.0 2.2031667879999998e-14
1047582.8571 2.0981164579999998e-14
1063112.8571 1.995597042e-14
1078872.8571 1.902312659e-14
1094866.4286 1.8012429420000002e-14
1111097.1429 1.7179813039999998e-14
1127568.5714 1.6268536899999998e-14
1144284.2857 1.565012001e-14
1161247.8571 1.4704476129999997e-14
1178462.8571 1.382324878e-14
1195932.8571 1.328378982e-14
1213662.1429 1.2567585310000001e-14
1231654.2857 1.19358613e-14
1249912.8571 1.1374072510000002e-14
1268442.1429 1.074073902e-14
1287246.4286 1.024383393e-14
1306329.2857 9.747427004e-15
1325695.0 9.131383638999999e-15
1345347.8571 8.736517215000002e-15
1365292.1429 8.354792170999999e-15
1385532.1429 7.83561323e-15
1406072.1429 7.474344273e-15
1426916.4286 7.110905812e-15
1448069.2857 6.744708991e-15
1469535.7143 6.3985698679999995e-15
1491320.7143 6.116368379000001e-15
1513428.5714 5.7737042370000006e-15
1535863.5714 5.44201201e-15
1558631.4286 5.282723157000001e-15
1581737.1429 4.9451161460000004e-15
1605185.7143 4.776410081e-15
1628982.1429 4.472306273e-15
1653130.7143 4.320483068e-15
1677637.1429 4.045899188e-15
1702507.1429 3.855866227999999e-15
1727745.7143 3.7497050809999996e-15
1753358.5714 3.4890539839999995e-15
1779351.4286 3.3990517650000004e-15
1805729.2857 3.164581636e-15
1832497.8571 3.09620418e-15
1859663.5714 2.8852126299999997e-15
1887232.1429 2.824516725e-15
1915209.2857 2.6307523779999997e-15
1943600.7143 2.577633051e-15
1972412.8571 2.413066804e-15
2001652.1429 2.3648027629999997e-15
2031325.0 2.208286699e-15
2061437.8571 2.1454014970000005e-15
2091997.1429 2.0184350729999996e-15
2123009.2857 1.961481933e-15
2154480.7143 1.8310735190000002e-15
2186418.5714 1.803056947e-15
2218830.0 1.6713319750000003e-15
2251722.1429 1.6556073659999997e-15
2285102.1429 1.5242432130000003e-15
2318977.1429 1.540861541e-15
2353354.2857 1.535798784e-15
2388240.7143 1.350890728e-15
2423644.2857 1.4128261569999999e-15
2459572.8571 1.23828305e-15
2496034.2857 1.3586224839999998e-15
2533036.4286 1.2555468799999998e-15
2570587.1429 1.100022393e-15
2608694.2857 1.1496129689999999e-15
2647365.7143 1.1488186059999998e-15
2686610.7143 9.841264898e-16
2726437.8571 1.086553832e-15
2766855.0 1.0060108222000001e-15
2807871.4286 8.923279022e-16
2849495.7143 1.039350597e-15
2891737.1429 9.609183977e-16
2934605.0 1.035919969e-15
2978107.8571 7.727097060000001e-16
3022255.7143 9.973407619e-16
3067057.8571 9.44040755e-16
3112524.2857 1.0648302280000003e-15
3158665.0 7.133215684e-16
3205489.2857 1.186477839e-15
3253007.8571 1.359025334e-15
3301230.7143 1.2023870619999998e-15
3350168.5714 1.691454162e-15
3399832.1429 1.9648575359999997e-15
3450231.4286 9.910118184e-16
3501377.8571 2.2918176190000003e-15
3553282.8571 2.28574485e-15
3605957.1429 1.895372659e-15
3659412.1429 1.34131782e-15
3713660.0 9.710657754e-16
3768712.1429 6.762515507000001e-16
3824580.0 6.332068221000001e-16
3881275.7143 5.301960591e-16
3938812.1429 4.677423783e-16
3997201.4286 4.3200812380000006e-16
4056456.4286 4.0755475080000003e-16
4116590.0 3.868981744e-16
4177615.0 3.788740747e-16
4239544.2857 3.499199542e-16
4302391.4286 3.3566888889999997e-16
4366170.7143 3.2415320709999996e-16
4430895.0 3.1509788730000006e-16
4496578.5714 3.2307983389999997e-16
4563236.4286 3.034381383e-16
4630882.1429 2.9352076779999995e-16
4699530.0 2.8977471590000003e-16
4769195.7143 2.8454240520000005e-16
4839894.2857 2.803316721e-16
4911640.7143 2.8764985070000004e-16
4973888.5714 2.756822022e-16
