# freq [Hz]  noise density [V^2/Hz]
1.4285714286 6.006021337000001e-9
4.2857142857 2.9649360158100003e-13
5.7142857143 4.710794835569999e-13
7.1428571429 3.29883860196e-13
8.5714285714 5.6437897356e-13
10.0 2.3653581193e-13
11.428571429 2.6071117557e-13
12.857142857 2.4442035999e-13
14.285714286 1.60680030605e-13
15.714285714 3.7863355701e-13
17.142857143 2.0403719572000003e-13
18.571428571 2.7179953872e-13
20.0 2.6218069537e-13
21.428571429 3.4612868124e-13
22.857142857 2.0998463632324e-13
24.285714286 2.3407886763000003e-13
25.714285714 2.6908428875e-13
27.142857143 2.9312825799e-13
28.571428571 2.808177524e-13
30.0 2.0502735119899998e-13
31.428571429 3.0087740631999995e-13
32.857142857 3.7371691139000004e-13
34.285714286 1.12193317599e-13
35.714285714 1.5266378197999998e-13
37.142857143 1.652665643e-13
38.571428571 1.8640217758000002e-13
40.0 1.4237675638799999e-13
41.428571429 1.3251862679e-13
42.857142857 1.6903649099999999e-13
44.285714286 2.3401149003000004e-13
45.714285714 2.14019218718e-13
47.142857143 1.6693804160000002e-13
48.571428571 8.327559629999999e-14
50.0 7.216476125e-12
51.428571429 2.8888655521000004e-13
52.857142857 1.4117380891299998e-13
54.285714286 1.7944679642999998e-13
55.714285714 2.2163344804000001e-13
57.142857143 2.02480777789e-13
58.571428571 1.4599836298169997e-13
60.0 2.5710099720000003e-11
61.428571429 1.5642177304999998e-13
62.857142857 2.1825918028e-13
64.285714286 1.3709584389700002e-13
65.714285714 2.5565641724e-13
67.142857143 1.6592660926e-13
68.571428571 2.5585448382e-13
70.0 1.7346440075900002e-13
71.428571429 2.534647553e-13
72.857142857 2.1798247318999996e-13
74.285714286 7.237830935999999e-14
75.714285714 2.0696264729e-13
77.142857143 2.4721731767e-13
78.571428571 2.1612940298099999e-13
80.0 1.4341093801900002e-13
81.428571429 2.6473552505000003e-13
82.857142857 1.6617575268999999e-13
84.285714286 1.0325611736700001e-13
85.714285714 1.6173757212999997e-13
87.142857143 1.33845401649e-13
88.571428571 1.15403357994e-13
90.0 2.0506252779099999e-13
91.428571429 1.2168872416939998e-13
92.857142857 1.4586181577e-13
94.285714286 2.2959954117000003e-13
95.714285714 1.9472013323999998e-13
97.142857143 1.8404520479000003e-13
99.285714286 1.7701657996999998e-13
102.14285714 1.9579964927999997e-13
105.0 1.6028878159999998e-13
107.85714286 2.0954957599999998e-13
110.71428571 2.0307379466e-13
113.57142857 1.7047784438e-13
116.42857143 1.7356648577e-13
119.28571429 8.231051988999999e-13
122.14285714 1.3709731404e-13
125.0 1.9663578765e-13
127.85714286 1.9360454689e-13
130.71428571 1.1546323131000002e-13
133.57142857 2.0816370837999996e-13
136.42857143 1.9995359696e-13
139.28571429 1.488627909e-13
142.14285714 1.9231843727999996e-13
145.0 1.6898110618999998e-13
147.85714286 1.2765056648400002e-13
150.71428571 5.287873356999999e-13
153.57142857 1.6423383550999998e-13
156.42857143 2.7404002395e-13
159.28571429 1.4779324940999998e-13
162.14285714 1.8350076541e-13
165.0 2.3355823542999996e-13
167.85714286 2.2647130834e-13
170.71428571 1.5185217594000001e-13
173.57142857 1.5001250094999998e-13
176.42857143 2.0652920548000002e-13
179.28571429 2.674267916e-12
182.14285714 1.7594803792999998e-13
185.0 1.8784804227999997e-13
187.85714286 1.7381012097e-13
190.71428571 1.8821614168e-13
193.57142857 2.4234412874e-13
197.14285714 2.1884880527999996e-13
201.42857143 3.7398390309999997e-13
205.71428571 2.0714401099e-13
210.0 1.8136785250999999e-13
214.28571429 1.7558794354e-13
218.57142857 1.3674761130000002e-13
222.85714286 2.3448965448e-13
227.14285714 1.3826828244e-13
231.42857143 2.2381675944999994e-13
235.71428571 1.3059050066000002e-13
240.0 1.3760520066000001e-12
244.28571429 1.8620334402000002e-13
248.57142857 2.5093177599000003e-13
252.85714286 1.6680212495e-13
257.14285714 1.6555871279e-13
261.42857143 2.2969545893999996e-13
265.71428571 2.1417615810000002e-13
270.0 2.2498792328999997e-13
274.28571429 1.3293272078999998e-13
278.57142857 2.3584442084e-13
282.85714286 9.984989758999999e-14
287.14285714 1.3425690084000002e-13
291.42857143 2.1586723430000001e-13
296.42857143 1.5855966419999999e-13
302.14285714 2.7400000706e-13
307.85714286 1.7874795157e-13
313.57142857 1.6687818305e-13
319.28571429 1.4187693201000002e-13
325.0 1.5050282868999998e-13
330.71428571 1.9073219461999997e-13
336.42857143 1.2821844831e-13
342.14285714 1.3628026511000002e-13
347.85714286 1.5869073824e-13
353.57142857 1.9099921382e-13
359.28571429 5.833652793999999e-13
365.0 1.8264452946e-13
370.71428571 1.5417691114999998e-13
376.42857143 2.132743472e-13
382.14285714 1.8894566537999999e-13
387.85714286 1.524605668e-13
394.28571429 1.6198171177e-13
401.42857143 2.0379369919999997e-13
408.57142857 1.9884733989999998e-13
415.71428571 1.830149118e-13
422.85714286 5.011390466e-13
430.0 1.7946217124e-13
437.14285714 1.8316552215e-13
444.28571429 1.6324608668e-13
451.42857143 1.9583728225000004e-13
458.57142857 1.9645726685e-13
465.71428571 1.7199796479999999e-13
472.85714286 2.1632606228000002e-13
480.0 4.779170247000001e-13
487.85714286 2.267255178e-13
496.42857143 1.7729061199999996e-13
505.0 1.4770920279e-13
513.57142857 1.3941627723000002e-13
522.14285714 1.3637530117999999e-13
530.71428571 1.6356931891000001e-13
539.28571429 3.3887726670000007e-13
547.85714286 1.6931837551000001e-13
556.42857143 1.8008729161000002e-13
565.0 1.9233452560000002e-13
573.57142857 1.3062407628e-13
582.14285714 1.6802198811e-13
591.42857143 1.6559586537e-13
601.42857143 5.206447069e-13
611.42857143 1.8961478785999997e-13
621.42857143 2.2258113530000002e-13
631.42857143 2.01762574e-13
641.42857143 1.6588774291e-13
651.42857143 1.934993257e-13
661.42857143 2.9990979499999997e-13
671.42857143 1.9121946550000002e-13
682.14285714 1.8907441299999998e-13
693.57142857 1.836321874e-13
705.0 1.7792670727e-13
716.42857143 3.221117988e-13
727.85714286 1.6207359652000001e-13
739.28571429 2.186659611e-13
750.71428571 1.801188258e-13
762.14285714 1.6056970656000002e-13
773.57142857 2.0394616198000007e-13
785.71428571 3.2462615220000003e-13
798.57142857 1.6182445907e-13
811.42857143 1.5221476524000002e-13
824.28571429 1.7835973389e-13
837.14285714 2.1295502470000002e-13
850.0 1.5635977290000001e-13
862.85714286 1.6703007786000003e-13
876.42857143 1.680407148e-13
890.71428571 1.5489227119999998e-13
905.0 1.9691784230000002e-13
919.28571429 1.9234956880000004e-13
933.57142857 1.5697961890000003e-13
947.85714286 1.8199460983000003e-13
962.14285714 1.3571806867000004e-13
977.14285714 1.661487025e-13
992.85714286 1.8011991689999998e-13
1008.5714286 1.762152903e-13
1024.2857143 1.5731839783000002e-13
1040.0 1.8409729351999996e-13
1055.7142857 1.903699238e-13
1072.1428571 2.0110012679999999e-13
1089.2857143 1.9372412039000006e-13
1106.4285714 1.3896448020000002e-13
1123.5714286 1.7117097493000002e-13
1140.7142857 1.7486944566e-13
1157.8571429 1.8038277163999997e-13
1175.7142857 1.972676825e-13
1194.2857143 1.8266015057999998e-13
1212.8571429 1.70176641e-13
1231.4285714 1.785543244e-13
1250.0 1.9753139647000001e-13
1269.2857143 1.722791868e-13
1289.2857143 1.5203411518e-13
1309.2857143 1.6136737559999998e-13
1329.2857143 2.106237789e-13
1349.2857143 2.0044131060000004e-13
1370.0 1.4836135053e-13
1391.4285714 1.7393760090000001e-13
1412.8571429 1.7602625140000002e-13
1434.2857143 1.5767947478999997e-13
1455.7142857 1.560955174e-13
1477.8571429 1.880455948e-13
1500.7142857 1.8283498410000002e-13
1523.5714286 1.5501212377e-13
1546.4285714 1.9432636830000003e-13
1570.0 1.8027168999999998e-13
1594.2857143 1.7042249729999998e-13
1618.5714286 1.6834971590000001e-13
1642.8571429 1.661624927e-13
1667.8571429 1.532333058e-13
1693.5714286 1.6192701539999997e-13
1719.2857143 1.6619196420000002e-13
1745.0 1.6941415059999999e-13
1771.4285714 1.634788804e-13
1798.5714286 1.5728494490000003e-13
1825.7142857 1.969889501e-13
1853.5714286 1.750480366e-13
1882.1428571 1.643667852e-13
1910.7142857 1.744312187e-13
1939.2857143 1.5588753370000002e-13
1968.5714286 1.708970337e-13
1998.5714286 1.99681384e-13
2028.5714286 1.650881167e-13
2059.2857143 1.7360584999999998e-13
2090.7142857 1.862083313e-13
2122.1428571 1.588027596e-13
2154.2857143 1.704290523e-13
2187.1428571 1.7487042029999998e-13
2220.0 1.7969136999999998e-13
2253.5714286 1.730600641e-13
2287.8571429 1.828276623e-13
2322.1428571 1.6834412069999999e-13
2357.1428571 1.8165412840000001e-13
2392.8571429 1.7015208380000002e-13
2429.2857143 1.9629993079999998e-13
2466.4285714 1.588780248e-13
2503.5714286 1.714895345e-13
2541.4285714 1.983478483e-13
2580.0 1.771441417e-13
2618.5714286 1.8458564409999997e-13
2657.8571429 1.605024783e-13
2697.8571429 1.6624361140000003e-13
2738.5714286 1.6277761939999998e-13
2780.0 1.54201885e-13
2822.1428571 1.6795225579999999e-13
2865.0 1.7387909559999996e-13
2907.8571429 1.688674841e-13
2951.4285714 1.662716186e-13
2995.7142857 1.850396074e-13
3040.7142857 1.821349816e-13
3086.4285714 1.872012412e-13
3132.8571429 1.688508551e-13
3180.0 1.819109877e-13
3227.8571429 1.657427851e-13
3276.4285714 1.6432833200000002e-13
3325.7142857 1.693319203e-13
3375.7142857 1.638630832e-13
3426.4285714 1.761081976e-13
3477.8571429 1.6352285660000002e-13
3530.0 1.762225825e-13
3582.8571429 1.614344832e-13
3636.4285714 1.7593140240000001e-13
3691.4285714 1.680775258e-13
3747.1428571 1.66176012e-13
3803.5714286 1.6154190490000002e-13
3860.7142857 1.675811872e-13
3918.5714286 1.686827975e-13
3977.1428571 2.2035060540000001e-13
4036.4285714 1.6625498040000002e-13
4097.1428571 1.664036705e-13
4158.5714286 1.8027476679999999e-13
4220.7142857 1.742500986e-13
4284.2857143 1.7808502870000002e-13
4348.5714286 1.6775744929999997e-13
4413.5714286 1.732616442e-13
4480.0 1.5987862899999998e-13
4547.1428571 1.6583673039999999e-13
4615.0 1.8252419260000002e-13
4684.2857143 1.780561225e-13
4754.2857143 1.7555856190000003e-13
4825.0 1.509674224e-13
4897.1428571 1.7457570080000002e-13
4970.7142857 1.698649935e-13
5045.0 1.637192463e-13
5120.0 1.66445074e-13
5196.4285714 1.7624077139999997e-13
5274.2857143 1.7632528400000003e-13
5353.5714286 1.713998112e-13
5433.5714286 1.724706372e-13
5514.2857143 1.76171365e-13
5596.4285714 1.7157505740000002e-13
5680.0 1.6411916150000001e-13
5765.0 1.682558655e-13
5851.4285714 1.715327362e-13
5939.2857143 1.667551322e-13
6028.5714286 1.8645977030000001e-13
6119.2857143 1.652289607e-13
6210.7142857 1.703863913e-13
6302.8571429 1.8079079740000002e-13
6396.4285714 1.760558765e-13
6491.4285714 1.725505072e-13
6587.8571429 1.713644006e-13
6685.7142857 1.713563474e-13
6785.0 1.798257697e-13
6885.7142857 1.663784967e-13
6987.8571429 1.707602783e-13
7092.1428571 1.6377596770000001e-13
7198.5714286 1.599204178e-13
7306.4285714 1.618409654e-13
7415.7142857 1.6792236179999998e-13
7526.4285714 1.739923549e-13
7638.5714286 1.746799085e-13
7752.1428571 1.795501552e-13
7867.8571429 1.7497792839999998e-13
7985.7142857 1.6687040159999998e-13
8105.0 1.7320320140000002e-13
8225.7142857 1.735024744e-13
8347.8571429 1.7810072270000003e-13
8472.1428571 1.6531346230000002e-13
8598.5714286 1.636525684e-13
8726.4285714 1.76114377e-13
8856.4285714 1.691440115e-13
8988.5714286 1.6406661139999997e-13
9122.1428571 1.675327951e-13
9257.8571429 1.7732523659999997e-13
9395.7142857 1.765801082e-13
9535.7142857 1.6516717969999998e-13
9677.8571429 1.658609853e-13
9822.1428571 1.749897922e-13
9968.5714286 1.7997111669999997e-13
10117.142857 1.767197619e-13
10267.857143 1.6967244799999999e-13
10420.714286 1.699750078e-13
10575.714286 1.747464352e-13
10732.857143 1.6879286849999998e-13
10892.857143 1.6095956789999998e-13
11055.0 1.677490193e-13
11219.285714 1.767700172e-13
11386.428571 1.65902609e-13
11556.428571 1.6848801199999998e-13
11728.571429 1.73695168e-13
11902.857143 1.7770056449999997e-13
12080.0 1.802164066e-13
12260.0 1.629492264e-13
12442.857143 1.684733304e-13
12628.571429 1.6876799890000004e-13
12817.142857 1.6916265330000002e-13
13007.857143 1.784818889e-13
13200.714286 1.7149559109999997e-13
13396.428571 1.7174404310000002e-13
13595.714286 1.7251085679999999e-13
13798.571429 1.7110774480000002e-13
14004.285714 1.668085591e-13
14212.857143 1.7071655389999998e-13
14424.285714 1.6893304470000003e-13
14638.571429 1.7231273999999999e-13
14856.428571 1.686789389e-13
15077.857143 1.634323023e-13
15302.142857 1.709889101e-13
15529.285714 1.748816607e-13
15760.0 1.692155097e-13
15994.285714 1.7232800140000002e-13
16232.142857 1.7326666590000001e-13
16473.571429 1.715835027e-13
16718.571429 1.7699939720000002e-13
16967.142857 1.7300208679999999e-13
17219.285714 1.7000071730000001e-13
17475.0 1.6239103269999997e-13
17734.285714 1.7101658570000002e-13
17997.857143 1.6638259429999996e-13
18265.714286 1.749821086e-13
18537.142857 1.649548532e-13
18812.142857 1.6946713270000005e-13
19091.428571 1.671682704e-13
19375.0 1.725951895e-13
19662.857143 1.706245258e-13
19955.0 1.7071154230000001e-13
20251.428571 1.624057153e-13
20552.142857 1.6926424620000003e-13
20857.142857 1.686624838e-13
21167.142857 1.724877444e-13
21482.142857 1.672828839e-13
21801.428571 1.674296334e-13
22125.0 1.662040954e-13
22453.571429 1.7165783139999998e-13
22787.142857 1.6250629539999999e-13
23125.714286 1.700275806e-13
23469.285714 1.694511256e-13
23817.857143 1.6740701620000002e-13
24171.428571 1.623499599e-13
24530.0 1.660082132e-13
24894.285714 1.750658389e-13
25264.285714 1.648855482e-13
25640.0 1.6419843390000002e-13
26021.428571 1.7245392029999998e-13
26408.571429 1.6763472619999998e-13
26801.428571 1.740850434e-13
27200.0 1.689896436e-13
27604.285714 1.6813546599999997e-13
28014.285714 1.669730169e-13
28430.0 1.690813955e-13
28852.142857 1.6539347690000002e-13
29280.714286 2.076374608e-13
29715.714286 1.6891638459999998e-13
30157.142857 1.6906720840000002e-13
30605.0 1.6549489759999999e-13
31059.285714 1.6544176620000004e-13
31520.0 1.6747135320000001e-13
31987.857143 1.661931086e-13
32462.857143 1.709318715e-13
32945.0 1.6616072160000002e-13
33434.285714 1.6695737579999998e-13
33930.714286 1.6730326150000003e-13
34434.285714 1.6792774279999996e-13
34945.0 1.7328840159999997e-13
35463.571429 1.7089059560000002e-13
35990.0 1.6717472860000002e-13
36524.285714 1.6766684480000002e-13
37066.428571 1.6956673599999999e-13
37616.428571 1.6922180569999996e-13
38175.0 1.71011077e-13
38742.142857 1.6980598970000002e-13
39317.142857 1.695920087e-13
39900.0 1.6817804960000002e-13
40492.142857 1.65437964e-13
41093.571429 1.6362193040000002e-13
41703.571429 1.742240409e-13
42322.142857 1.6601045319999997e-13
42950.0 1.664871328e-13
43587.142857 1.652704268e-13
44233.571429 1.732550925e-13
44890.0 1.641623852e-13
45556.428571 1.711993974e-13
46232.857143 1.6710420829999995e-13
46919.285714 1.6471120100000002e-13
47615.714286 1.688528167e-13
48322.142857 1.6594950120000002e-13
49039.285714 1.669382379e-13
49767.142857 1.640319982e-13
50505.714286 1.627141069e-13
51255.0 1.685073075e-13
52015.0 1.6433722159999998e-13
52786.428571 1.673633808e-13
53569.285714 1.70390163e-13
54363.571429 1.6676602259999998e-13
55170.0 1.6731190670000002e-13
55988.571429 1.6717985400000001e-13
56819.285714 1.6634153040000003e-13
57662.142857 1.640661812e-13
58517.142857 1.69621157e-13
59385.0 1.6506038380000002e-13
60265.714286 1.661720606e-13
61159.285714 1.664910465e-13
62066.428571 1.6376485810000002e-13
62987.142857 1.642293518e-13
63921.428571 1.672029808e-13
64870.0 1.64391845e-13
65832.857143 1.696167791e-13
66810.0 1.6751084290000002e-13
67801.428571 1.631010875e-13
68807.142857 1.6719802499999995e-13
69827.857143 1.6379167749999998e-13
70863.571429 1.677885771e-13
71914.285714 1.659654685e-13
72980.714286 1.685387801e-13
74062.857143 1.6835190869999997e-13
75161.428571 1.64625275e-13
76276.428571 1.6559787279999998e-13
77407.857143 1.6449670000000002e-13
78556.428571 1.6696324939999998e-13
79722.142857 1.6420993489999996e-13
80905.0 1.644555315e-13
82105.0 1.6146610479999999e-13
83322.857143 1.655088745e-13
84558.571429 1.6528257500000003e-13
85812.142857 1.606338958e-13
87084.285714 1.665728873e-13
88375.714286 1.6462344749999999e-13
89686.428571 1.6435257809999998e-13
91016.428571 1.643964513e-13
92366.428571 1.6408692079999998e-13
93736.428571 1.6357567509999997e-13
95126.428571 1.6336654539999999e-13
96537.142857 1.642544697e-13
97969.285714 1.5983744280000002e-13
99422.857143 1.606503194e-13
100897.85714 1.610818606e-13
102394.28571 1.5847198110000002e-13
103912.85714 1.588879174e-13
105454.28571 1.617539594e-13
107018.57143 1.607498451e-13
108605.71429 1.5649298979999998e-13
110216.42857 1.5973962390000003e-13
111851.42857 1.5892249870000001e-13
113510.71429 1.604797895e-13
115194.28571 1.608921875e-13
116902.85714 1.626391517e-13
118636.42857 1.569972693e-13
120395.71429 1.593460411e-13
122181.42857 1.544121605e-13
123993.57143 1.5660086600000002e-13
125832.85714 1.568486447e-13
127699.28571 1.5712207029999997e-13
129592.85714 1.5523100300000001e-13
131514.28571 1.5419465450000001e-13
133464.28571 1.5646178789999998e-13
135443.57143 1.5529905019999998e-13
137452.14286 1.534453808e-13
139490.0 1.5483611579999997e-13
141558.57143 1.5224457860000002e-13
143657.85714 1.5378997840000002e-13
145787.85714 1.5873145670000001e-13
147949.28571 1.523930401e-13
150142.85714 1.5287737850000002e-13
152369.28571 1.501844363e-13
154628.57143 1.4900583080000002e-13
156921.42857 1.5076410789999998e-13
159248.57143 1.509108202e-13
161610.0 1.48217064e-13
164006.42857 1.4868140049999996e-13
166438.57143 1.4711626170000002e-13
168906.42857 1.4695814870000002e-13
171410.71429 1.448748109e-13
173952.14286 1.462105854e-13
176531.42857 1.469161133e-13
179149.28571 1.4474829919999997e-13
181805.71429 1.4352488360000002e-13
184501.42857 1.4363976649999997e-13
187237.14286 1.4384887249999997e-13
190013.57143 1.4296282740000002e-13
192831.42857 1.409655936e-13
195690.71429 1.400409218e-13
198592.14286 1.374652138e-13
201536.42857 1.3914464229999998e-13
204524.28571 1.387305095e-13
207556.42857 1.374455814e-13
210633.57143 1.354823582e-13
213756.42857 1.351737026e-13
216925.71429 1.345411346e-13
220142.14286 1.3459759710000002e-13
223406.42857 1.3300115509999999e-13
226719.28571 1.334223822e-13
230080.71429 1.3219982999999997e-13
233492.14286 1.294408798e-13
236954.28571 1.286230431e-13
240467.14286 1.2795614920000002e-13
244032.14286 1.282352853e-13
247650.0 1.2566157839999999e-13
251321.42857 1.257972534e-13
255047.85714 1.2470971650000002e-13
258830.0 1.230169512e-13
262667.85714 1.22787429e-13
266562.14286 1.2188772050000001e-13
270514.28571 1.206026939e-13
274525.0 1.194432484e-13
278595.0 1.1707632400000002e-13
282725.71429 1.155338917e-13
286917.85714 1.158847825e-13
291172.14286 1.152389937e-13
295489.28571 1.1364921200000002e-13
299870.0 1.1180909540000001e-13
304315.71429 1.1158645620000001e-13
308827.85714 1.100688308e-13
313407.14286 1.0861816339999999e-13
318054.28571 1.079078565e-13
322770.0 1.067424846e-13
327555.0 1.0493217730000001e-13
332410.71429 1.0294580970000001e-13
337338.57143 1.0218542662000001e-13
342340.0 1.0055011826999999e-13
347415.71429 1.0005128045e-13
352566.42857 9.843759502e-14
357793.57143 9.596860548999999e-14
363098.57143 9.594909212e-14
368482.14286 9.415003724000001e-14
373945.0 9.223198111e-14
379488.57143 9.128956879e-14
385114.28571 8.965824698e-14
390823.57143 8.904300426e-14
396617.85714 8.720669878e-14
402497.85714 8.630903262e-14
408465.0 8.410268027000001e-14
414520.71429 8.273219931999999e-14
420666.42857 8.099594511e-14
426903.57143 7.979698682000001e-14
433232.85714 7.957110355e-14
439655.71429 7.722867641e-14
446173.57143 7.560248152999999e-14
452787.85714 7.468902689000001e-14
459500.71429 7.336780282e-14
466313.57143 7.159589103e-14
473227.14286 7.006432566999999e-14
480242.85714 6.884485635000001e-14
487362.85714 6.791618198999999e-14
494588.57143 6.612971636000001e-14
501920.71429 6.497760067e-14
509361.42857 6.316284257e-14
516912.85714 6.184845248e-14
524576.42857 6.078060465e-14
532353.57143 5.902005802e-14
540245.71429 5.833883442e-14
548255.0 5.667537087999999e-14
556382.85714 5.526588038000001e-14
564630.71429 5.4320638970000006e-14
573001.42857 5.288604813e-14
581496.42857 5.154970233e-14
590117.14286 5.0133515159999995e-14
598865.71429 4.8836828839999994e-14
607743.57143 4.786423187e-14
616752.85714 4.657686830999999e-14
625895.71429 4.4922321149999993e-14
635174.28571 4.3790287290000005e-14
644590.71429 4.281004257999999e-14
654146.42857 4.1250913319999994e-14
663843.57143 4.041571956e-14
673685.0 3.9257076880000004e-14
683672.85714 3.815238809e-14
693808.57143 3.716295313e-14
704094.28571 3.558153894e-14
714532.14286 3.474315102e-14
725125.0 3.352868898e-14
735875.0 3.276425362e-14
746784.28571 3.1642567049999995e-14
757855.71429 3.0498014720000007e-14
769090.71429 2.966526146e-14
780492.14286 2.8639250519999994e-14
792062.85714 2.771130301e-14
803805.0 2.66179936e-14
815721.42857 2.5740088699999996e-14
827814.28571 2.491883924e-14
840086.42857 2.4046330340000003e-14
852540.71429 2.318013191e-14
865179.28571 2.2244549149999998e-14
878005.0 2.1535190290000002e-14
891020.71429 2.065139325e-14
904229.28571 1.998354209e-14
917633.57143 1.9131800670000002e-14
931237.14286 1.850546672e-14
945042.85714 1.7642244109999996e-14
959052.85714 1.706741138e-14
973270.71429 1.6521992540000003e-14
987699.28571 1.5797242299999998e-14
1002341.4286 1.523936177e-14
1017200.7143 1.451037097e-14
1032280.0 1.4186351800000003e-14
1047582.8571 1.3477320040000001e-14
1063112.8571 1.2893163140000001e-14
1078872.8571 1.2580863720000001e-14
1094866.4286 1.1757471130000001e-14
1111097.1429 1.139837462e-14
1127568.5714 1.086096239e-14
1144284.2857 1.069707568e-14
1161247.8571 9.972663626000001e-15
1178462.8571 9.654558375999999e-15
1195932.8571 9.395479392e-15
1213662.1429 8.743456035e-15
1231654.2857 8.44351237e-15
1249912.8571 8.031083734e-15
1268442.1429 7.838379795e-15
1287246.4286 7.428913869e-15
1306329.2857 7.025369479999999e-15
1325695.0 6.899331658000001e-15
1345347.8571 6.516430566000001e-15
1365292.1429 6.1512612930000004e-15
1385532.1429 6.029833457e-15
1406072.1429 5.724455078999999e-15
1426916.4286 5.5283408240000005e-15
1448069.2857 5.1707525810000005e-15
1469535.7143 5.029592967e-15
1491320.7143 4.8627640729999996e-15
1513428.5714 4.602464201999999e-15
1535863.5714 4.337865015999999e-15
1558631.4286 4.285579259e-15
1581737.1429 4.061522159000001e-15
1605185.7143 3.962033677000001e-15
1628982.1429 3.672267933e-15
1653130.7143 3.578386853e-15
1677637.1429 3.5286087699999994e-15
1702507.1429 3.2882535900000003e-15
1727745.7143 3.2786202070000002e-15
1753358.5714 2.9886379669999998e-15
1779351.4286 3.0151265230000005e-15
1805729.2857 2.748796565e-15
1832497.8571 2.6033928809999997e-15
1859663.5714 2.68643322e-15
1887232.1429 2.4565737069999996e-15
1915209.2857 2.523750155e-15
1943600.7143 2.3063001960000003e-15
1972412.8571 2.3609799320000002e-15
2001652.1429 2.1481400820000005e-15
2031325.0 2.2129097369999998e-15
2061437.8571 2.009717194e-15
2091997.1429 2.047207466e-15
2123009.2857 1.868817002e-15
2154480.7143 2.063633132e-15
2186418.5714 1.833410852e-15
2218830.0 1.663800063e-15
2251722.1429 1.7169384270000004e-15
2285102.1429 1.5237041949999997e-15
2318977.1429 1.6402079069999997e-15
2353354.2857 1.406804108e-15
2388240.7143 1.7568971259999997e-15
2423644.2857 1.6982453660000001e-15
2459572.8571 1.2856859900000001e-15
2496034.2857 1.661624051e-15
2533036.4286 1.728987746e-15
2570587.1429 1.1692907959999999e-15
2608694.2857 1.396411253e-15
2647365.7143 1.084531693e-15
2686610.7143 1.377857163e-15
2726437.8571 1.190873416e-15
2766855.0 1.32858206e-15
2807871.4286 9.930929629e-16
2849495.7143 1.153751438e-15
2891737.1429 1.416861718e-15
2934605.0 9.550066338e-16
2978107.8571 1.455076412e-15
3022255.7143 1.333236031e-15
3067057.8571 1.7106602099999998e-15
3112524.2857 9.081988848999999e-16
3158665.0 2.023495664e-15
3205489.2857 2.435891313e-15
3253007.8571 2.2359752949999998e-15
3301230.7143 3.111394673e-15
3350168.5714 3.4481778449999996e-15
3399832.1429 1.507678939e-15
3450231.4286 3.696213894000001e-15
3501377.8571 3.690312789e-15
3553282.8571 3.0216717630000003e-15
3605957.1429 1.66489455e-15
3659412.1429 1.3388369790000001e-15
3713660.0 9.409428935e-16
3768712.1429 8.391545166e-16
3824580.0 7.811478919e-16
3881275.7143 6.704911014000001e-16
3938812.1429 5.963679129e-16
3997201.4286 5.565633234e-16
4056456.4286 5.417889304999999e-16
4116590.0 5.078152578999999e-16
4177615.0 4.831431668999999e-16
4239544.2857 4.577718751999999e-16
4302391.4286 4.247828628e-16
4366170.7143 4.2154329479999994e-16
4430895.0 3.916036422e-16
4496578.5714 3.732843264e-16
4563236.4286 3.636584782e-16
4630882.1429 3.9450860799999994e-16
4699530.0 3.508854357e-16
4769195.7143 3.2723627559999996e-16
4839894.2857 3.466702557e-16
4911640.7143 3.2411102760000007e-16
4973888.5714 3.33851236e-16
