# F_set      Vpp_set   F0           Vpp0   OVL0 RNG0  F1           Vpp1   OVL1 RNG1
1.000000e+03 0.454545  9.999787e+02 1.003260 0 1e+00  9.999786e+02 0.455016 0 1e+00
1.086477e+03 0.454545  1.086456e+03 1.003702 0 2e+00  1.086456e+03 0.455036 0 5e-01
1.180433e+03 0.454545  1.180419e+03 1.003718 0 2e+00  1.180419e+03 0.455044 0 5e-01
1.282513e+03 0.454545  1.282504e+03 1.003636 0 2e+00  1.282504e+03 0.454996 0 5e-01
1.393421e+03 0.454545  1.393386e+03 1.003570 0 2e+00  1.393386e+03 0.454952 0 5e-01
1.513920e+03 0.454545  1.513882e+03 1.003436 0 2e+00  1.513882e+03 0.454886 0 5e-01
1.644840e+03 0.454545  1.644791e+03 1.003446 0 2e+00  1.644791e+03 0.454872 0 5e-01
1.787081e+03 0.454545  1.787086e+03 1.003434 0 2e+00  1.787086e+03 0.454854 0 5e-01
1.941623e+03 0.454545  1.941581e+03 1.003294 0 2e+00  1.941582e+03 0.454770 0 5e-01
2.109529e+03 0.454545  2.109471e+03 1.003280 0 2e+00  2.109472e+03 0.454754 0 5e-01
2.291955e+03 0.454545  2.291891e+03 1.003328 0 2e+00  2.291891e+03 0.454750 0 5e-01
2.490156e+03 0.454545  2.490156e+03 1.003250 0 2e+00  2.490156e+03 0.454708 0 5e-01
2.705498e+03 0.454545  2.705490e+03 1.003254 0 2e+00  2.705490e+03 0.454672 0 5e-01
2.939462e+03 0.454545  2.939439e+03 1.003300 0 2e+00  2.939439e+03 0.454672 0 5e-01
3.193658e+03 0.454545  3.193660e+03 1.003182 0 2e+00  3.193660e+03 0.454584 0 5e-01
3.469836e+03 0.454545  3.469773e+03 1.003268 0 2e+00  3.469774e+03 0.454600 0 5e-01
3.769898e+03 0.454545  3.769870e+03 1.003280 0 2e+00  3.769871e+03 0.454584 0 5e-01
4.095908e+03 0.454545  4.095858e+03 1.003412 0 2e+00  4.095857e+03 0.454584 0 5e-01
4.450111e+03 0.454545  4.450102e+03 1.003470 0 2e+00  4.450101e+03 0.454588 0 5e-01
4.834943e+03 0.454545  4.834894e+03 1.003530 0 2e+00  4.834896e+03 0.454558 0 5e-01
5.253056e+03 0.454545  5.252960e+03 1.003674 0 2e+00  5.252958e+03 0.454556 0 5e-01
5.707325e+03 0.454545  5.707310e+03 1.003868 0 2e+00  5.707312e+03 0.454572 0 5e-01
6.200878e+03 0.454545  6.200831e+03 1.004004 0 2e+00  6.200833e+03 0.454574 0 5e-01
6.737112e+03 0.454545  6.736954e+03 1.004304 0 2e+00  6.736954e+03 0.454634 0 5e-01
7.319719e+03 0.454545  7.319522e+03 1.004456 0 2e+00  7.319522e+03 0.454574 0 5e-01
7.952707e+03 0.454545  7.952600e+03 1.004818 0 2e+00  7.952598e+03 0.454672 0 5e-01
8.640435e+03 0.454545  8.640382e+03 1.005162 0 2e+00  8.640377e+03 0.454678 0 5e-01
9.387635e+03 0.454545  9.387397e+03 1.005666 0 2e+00  9.387399e+03 0.454748 0 5e-01
1.019945e+04 0.454545  1.019935e+04 1.006184 0 2e+00  1.019936e+04 0.454818 0 5e-01
1.108147e+04 0.454545  1.108133e+04 1.006780 0 2e+00  1.108132e+04 0.454882 0 5e-01
1.203976e+04 0.454545  1.203949e+04 1.007418 0 2e+00  1.203949e+04 0.454914 0 5e-01
1.308093e+04 0.454545  1.308081e+04 1.008090 0 2e+00  1.308079e+04 0.454950 0 5e-01
1.421213e+04 0.454545  1.421180e+04 1.008894 0 2e+00  1.421180e+04 0.454998 0 5e-01
1.544116e+04 0.454545  1.544091e+04 1.009510 0 2e+00  1.544093e+04 0.454910 0 5e-01
1.677646e+04 0.454545  1.677640e+04 1.010172 0 2e+00  1.677638e+04 0.454804 0 5e-01
1.822724e+04 0.454545  1.822678e+04 1.011306 0 2e+00  1.822677e+04 0.454822 0 5e-01
1.980348e+04 0.454545  1.980310e+04 1.012176 0 2e+00  1.980313e+04 0.454654 0 5e-01
2.151603e+04 0.454545  2.151559e+04 1.013730 0 2e+00  2.151557e+04 0.454688 0 5e-01
2.337668e+04 0.454545  2.337619e+04 1.015310 0 2e+00  2.337616e+04 0.454654 0 5e-01
2.539823e+04 0.454545  2.539831e+04 1.017234 0 2e+00  2.539831e+04 0.454592 0 5e-01
2.759459e+04 0.454545  2.759459e+04 1.019528 0 2e+00  2.759461e+04 0.454650 0 5e-01
2.998090e+04 0.454545  2.998099e+04 1.022004 0 2e+00  2.998096e+04 0.454620 0 5e-01
3.257356e+04 0.454545  3.257311e+04 1.025124 0 2e+00  3.257317e+04 0.454624 0 5e-01
3.539043e+04 0.454545  3.539053e+04 1.028678 0 2e+00  3.539050e+04 0.454632 0 5e-01
3.845089e+04 0.454545  3.845067e+04 1.032728 0 2e+00  3.845058e+04 0.454676 0 5e-01
4.177601e+04 0.454545  4.177559e+04 1.037666 0 2e+00  4.177550e+04 0.454666 0 5e-01
4.538868e+04 0.454545  4.538836e+04 1.043250 0 2e+00  4.538825e+04 0.454714 0 5e-01
4.931377e+04 0.454545  4.931250e+04 1.049786 0 2e+00  4.931247e+04 0.454758 0 5e-01
5.357828e+04 0.454545  5.357692e+04 1.057448 0 2e+00  5.357701e+04 0.454762 0 5e-01
5.821158e+04 0.454545  5.821048e+04 1.066670 0 2e+00  5.821065e+04 0.454720 0 5e-01
6.324555e+04 0.454545  6.324404e+04 1.077312 0 2e+00  6.324418e+04 0.454872 0 5e-01
6.871485e+04 0.454545  6.871374e+04 1.089828 0 2e+00  6.871397e+04 0.454868 0 5e-01
7.465711e+04 0.454545  7.465712e+04 1.104240 0 2e+00  7.465691e+04 0.454820 0 5e-01
8.111325e+04 0.454545  8.111123e+04 1.121492 0 2e+00  8.111116e+04 0.454922 0 5e-01
8.812769e+04 0.454545  8.812638e+04 1.141840 0 2e+00  8.812603e+04 0.455026 0 5e-01
9.574872e+04 0.454545  9.574747e+04 1.165724 0 2e+00  9.574789e+04 0.454892 0 5e-01
1.040288e+05 0.454545  1.040285e+05 1.193924 0 2e+00  1.040289e+05 0.454780 0 5e-01
1.130249e+05 0.454545  1.130231e+05 1.228560 0 2e+00  1.130236e+05 0.454868 0 5e-01
1.227990e+05 0.454545  1.227964e+05 1.269354 0 2e+00  1.227970e+05 0.455034 0 5e-01
1.334183e+05 0.454545  1.334149e+05 1.317452 0 2e+00  1.334149e+05 0.455060 0 5e-01
1.449559e+05 0.454545  1.449528e+05 1.373420 0 2e+00  1.449535e+05 0.454932 0 5e-01
1.574913e+05 0.454545  1.574873e+05 1.442992 0 2e+00  1.574875e+05 0.454882 0 5e-01
1.711107e+05 0.454545  1.711097e+05 1.526854 0 2e+00  1.711104e+05 0.454836 0 5e-01
1.859079e+05 0.454545  1.859069e+05 1.633070 0 2e+00  1.859076e+05 0.454858 0 5e-01
2.019847e+05 0.454545  2.019851e+05 1.756906 0 2e+00  2.019854e+05 0.454690 0 5e-01
2.194517e+05 0.454545  2.194527e+05 1.913064 0 2e+00  2.194525e+05 0.454764 0 5e-01
2.384293e+05 0.454545  2.384233e+05 2.105820 0 2e+00  2.384231e+05 0.454746 0 5e-01
2.590480e+05 0.454545  2.590463e+05 2.336220 0 5e+00  2.590471e+05 0.454664 0 5e-01
2.814497e+05 0.454545  2.814501e+05 2.619820 0 5e+00  2.814490e+05 0.454526 0 5e-01
3.057887e+05 0.454545  3.057822e+05 2.925100 0 5e+00  3.057850e+05 0.454626 0 5e-01
3.322324e+05 0.454545  3.322296e+05 3.158960 0 5e+00  3.322343e+05 0.454388 0 5e-01
3.609629e+05 0.454545  3.609596e+05 3.162440 0 5e+00  3.609534e+05 0.454492 0 5e-01
3.921780e+05 0.454545  3.921705e+05 2.892200 0 5e+00  3.921712e+05 0.454376 0 5e-01
4.260924e+05 0.454545  4.260863e+05 2.481780 0 5e+00  4.260876e+05 0.454256 0 5e-01
4.629397e+05 0.454545  4.629293e+05 2.063320 0 5e+00  4.629406e+05 0.453990 0 5e-01
5.029734e+05 0.454545  5.029596e+05 1.698390 0 5e+00  5.029741e+05 0.453880 0 5e-01
5.464691e+05 0.454545  5.464699e+05 1.400122 0 2e+00  5.464586e+05 0.453874 0 5e-01
5.937262e+05 0.454545  5.937197e+05 1.165080 0 2e+00  5.937132e+05 0.453464 0 5e-01
6.450699e+05 0.454545  6.450520e+05 0.978630 0 2e+00  6.450695e+05 0.452910 0 5e-01
7.008537e+05 0.454545  7.008540e+05 0.838470 0 1e+00  7.008459e+05 0.452802 0 5e-01
7.614616e+05 0.454545  7.614528e+05 0.715968 0 1e+00  7.614622e+05 0.452038 0 5e-01
8.273106e+05 0.454545  8.273062e+05 0.613754 0 1e+00  8.272893e+05 0.451786 0 5e-01
8.988541e+05 0.454545  8.988353e+05 0.530824 0 1e+00  8.988431e+05 0.450984 0 5e-01
9.765844e+05 0.454545  9.765742e+05 0.458156 0 1e+00  9.765588e+05 0.450516 0 5e-01
1.061037e+06 0.454545  1.061042e+06 0.397658 0 5e-01  1.061015e+06 0.449510 0 5e-01
1.152792e+06 0.454545  1.152765e+06 0.345364 0 5e-01  1.152797e+06 0.447942 0 5e-01
1.252482e+06 0.454545  1.252477e+06 0.300634 0 5e-01  1.252481e+06 0.446686 0 5e-01
1.360793e+06 0.454545  1.360751e+06 0.265110 0 5e-01  1.360790e+06 0.444744 0 5e-01
1.478471e+06 0.454545  1.478471e+06 0.232872 0 5e-01  1.478474e+06 0.443542 0 5e-01
1.606325e+06 0.454545  1.606332e+06 0.204146 0 5e-01  1.606289e+06 0.441928 0 5e-01
1.745235e+06 0.454545  1.745222e+06 0.178893 0 5e-01  1.745248e+06 0.439134 0 5e-01
1.896158e+06 0.454545  1.896173e+06 0.156726 0 2e-01  1.896111e+06 0.436758 0 5e-01
2.060133e+06 0.454545  2.060114e+06 0.138560 0 2e-01  2.060154e+06 0.432548 0 5e-01
2.238287e+06 0.454545  2.238231e+06 0.121900 0 2e-01  2.238295e+06 0.428872 0 5e-01
2.431848e+06 0.454545  2.431873e+06 0.108820 0 2e-01  2.431782e+06 0.425410 0 5e-01
2.642147e+06 0.454545  2.642093e+06 0.094982 0 2e-01  2.642177e+06 0.419746 0 5e-01
2.870632e+06 0.454545  2.870647e+06 0.084065 0 1e-01  2.870665e+06 0.414808 0 5e-01
3.118877e+06 0.454545  3.118932e+06 0.073955 0 1e-01  3.118769e+06 0.409202 0 5e-01
3.388588e+06 0.454545  3.388493e+06 0.065748 0 1e-01  3.388451e+06 0.400512 0 5e-01
3.681624e+06 0.454545  3.681798e+06 0.058174 0 1e-01  3.681503e+06 0.393928 0 5e-01
4.000000e+06 0.454545  3.999966e+06 0.051091 0 1e-01  3.999728e+06 0.382742 0 5e-01
