# freq [Hz]  noise density [V^2/Hz]
1.4285714286 4.308103790000001e-9
4.2857142857 3.7727393755e-13
5.7142857143 5.507012378699999e-13
7.1428571429 3.2759321165000003e-13
8.5714285714 9.634942449700001e-14
10.0 1.7604157937999998e-13
11.428571429 9.964311285999999e-14
12.857142857 1.9746954819700002e-13
14.285714286 8.4905980394e-14
15.714285714 7.288092387099999e-14
17.142857143 5.3167537753000005e-14
18.571428571 3.3354618496999996e-14
20.0 1.22946155663e-13
21.428571429 8.058657148199999e-14
22.857142857 3.8022892037e-14
24.285714286 2.8246361397000008e-14
25.714285714 7.0303636845e-14
27.142857143 6.391854975750001e-14
28.571428571 5.772947231e-14
30.0 1.1239784660000001e-13
31.428571429 6.300534857210001e-14
32.857142857 2.7230813088000006e-14
34.285714286 5.155280717300001e-14
35.714285714 4.1650504782e-14
37.142857143 2.9274995475e-14
38.571428571 3.1424518460999996e-14
40.0 4.9368187319e-14
41.428571429 5.0988346371999994e-14
42.857142857 3.5621733136e-14
44.285714286 2.2558200168000002e-14
45.714285714 2.1463687102799998e-14
47.142857143 3.0821031447e-14
48.571428571 3.8426281672999996e-14
50.0 5.955015296e-11
51.428571429 2.48149318209e-14
52.857142857 2.3592218641999998e-14
54.285714286 4.2254412327e-14
55.714285714 1.80645510572e-14
57.142857143 2.43731298622e-14
58.571428571 2.6536410100999997e-14
60.0 1.8486619349999997e-10
61.428571429 3.313535614e-14
62.857142857 3.50307364e-14
64.285714286 4.044478342e-14
65.714285714 2.0286269624e-14
67.142857143 1.7091217453999998e-14
68.571428571 1.5168889641e-14
70.0 3.3310999490000007e-14
71.428571429 2.0033283523000003e-14
72.857142857 1.7268792398e-14
74.285714286 2.5086742917000003e-14
75.714285714 1.9713293529e-14
77.142857143 1.43364576605e-14
78.571428571 2.5733634424e-14
80.0 2.4257071375e-14
81.428571429 1.1781822041000001e-14
82.857142857 1.9708697418e-14
84.285714286 2.0411752946000002e-14
85.714285714 2.4460048023e-14
87.142857143 1.8962448529200002e-14
88.571428571 1.3943811495000001e-14
90.0 2.0315434329e-14
91.428571429 1.2913425350000002e-14
92.857142857 1.1594699504699999e-14
94.285714286 1.1198385854999999e-14
95.714285714 1.5897454187199998e-14
97.142857143 1.6605442319999998e-14
99.285714286 1.0562825111999999e-13
102.14285714 1.8999989559e-14
105.0 1.0349111934000002e-14
107.85714286 1.3711187963e-14
110.71428571 1.5145286339e-14
113.57142857 1.35587425303e-14
116.42857143 1.2479715165699998e-14
119.28571429 5.663767701e-11
122.14285714 1.1206667417599999e-14
125.0 7.390800083e-15
127.85714286 1.5617885408e-14
130.71428571 7.895742520099999e-15
133.57142857 1.3807422234999998e-14
136.42857143 1.3569823845999998e-14
139.28571429 1.67768603637e-14
142.14285714 1.6750969513000002e-14
145.0 1.73914353486e-14
147.85714286 1.2188598661e-14
150.71428571 1.0357659393e-12
153.57142857 1.5425923193e-14
156.42857143 1.6783212276e-14
159.28571429 1.1673520584999999e-14
162.14285714 1.3959529974e-14
165.0 7.902530639e-15
167.85714286 1.2386283545e-14
170.71428571 1.4879774724e-14
173.57142857 1.2128545390999999e-14
176.42857143 1.2902083065999998e-14
179.28571429 1.5116462590000002e-11
182.14285714 8.878631671129998e-15
185.0 1.3197430088600003e-14
187.85714286 1.3055633152000001e-14
190.71428571 1.3289194893999999e-14
193.57142857 1.5309468648000003e-14
197.14285714 1.0302925460000001e-14
201.42857143 2.1724487312000005e-14
205.71428571 1.1726650284000003e-14
210.0 1.3152333464e-14
214.28571429 1.2734684027e-14
218.57142857 1.6060931562000002e-14
222.85714286 9.520821972999999e-15
227.14285714 8.838916913e-15
231.42857143 1.163421352e-14
235.71428571 1.1408943349999998e-14
240.0 1.0108474058999998e-12
244.28571429 9.224022208e-15
248.57142857 2.3443986429999996e-14
252.85714286 1.1429501003999998e-14
257.14285714 1.0807545938e-14
261.42857143 9.35335444e-15
265.71428571 1.4506105951999998e-14
270.0 8.857201407e-15
274.28571429 8.804769907000002e-15
278.57142857 1.2445943484e-14
282.85714286 1.3118616317000001e-14
287.14285714 1.2637512751e-14
291.42857143 1.1291882217e-14
296.42857143 1.1951982441e-14
302.14285714 4.590595366e-13
307.85714286 1.2101567138e-14
313.57142857 1.0237944996999998e-14
319.28571429 1.1863886218999999e-14
325.0 1.0606319025999999e-14
330.71428571 1.1610161554e-14
336.42857143 1.0094368644e-14
342.14285714 1.0549375122999999e-14
347.85714286 2.952039429e-13
353.57142857 1.0847774829e-14
359.28571429 2.094811721e-13
365.0 1.0808623997e-14
370.71428571 9.277507808e-15
376.42857143 8.53795253e-15
382.14285714 1.0684762523e-14
387.85714286 9.754268726000001e-15
394.28571429 8.188403809e-15
401.42857143 1.1387104934000001e-14
408.57142857 1.1058644139999999e-14
415.71428571 8.306419238e-15
422.85714286 1.56993575e-13
430.0 1.2396254096e-14
437.14285714 1.2045328499999998e-14
444.28571429 7.671948042e-15
451.42857143 2.208757321e-14
458.57142857 9.538975944999999e-15
465.71428571 1.0333283407e-14
472.85714286 7.709719617e-15
480.0 3.9816841079999995e-13
487.85714286 1.1107200768e-14
496.42857143 8.705869327e-15
505.0 9.542264138e-15
513.57142857 1.1998933255e-14
522.14285714 9.544420196000001e-15
530.71428571 1.1966641997999998e-14
539.28571429 1.3375357060000003e-12
547.85714286 5.991983916e-14
556.42857143 1.0308279833e-14
565.0 1.062673549e-14
573.57142857 9.762140374e-15
582.14285714 1.1760120429e-14
591.42857143 1.0626349345e-14
601.42857143 1.0378995535999999e-12
611.42857143 9.532856559e-15
621.42857143 9.130157893e-15
631.42857143 9.20768242e-15
641.42857143 1.0126323827e-14
651.42857143 5.710367902e-14
661.42857143 5.639120124999999e-13
671.42857143 9.345550378000001e-15
682.14285714 1.1200035142000001e-14
693.57142857 8.533328133e-15
705.0 1.045707664e-14
716.42857143 1.2609264328e-13
727.85714286 9.155339974e-15
739.28571429 1.0147684886999998e-14
750.71428571 1.0256677662999999e-14
762.14285714 1.125416209e-14
773.57142857 9.782004466e-15
785.71428571 2.6997939416e-14
798.57142857 9.982498392e-15
811.42857143 1.0057963122e-14
824.28571429 9.991355567e-15
837.14285714 9.189131485e-14
850.0 1.6002738064e-14
862.85714286 9.673817885e-15
876.42857143 9.557552847999999e-15
890.71428571 9.050050299999999e-15
905.0 5.257392184e-14
919.28571429 8.127469933e-15
933.57142857 9.528418879e-15
947.85714286 1.675917673e-14
962.14285714 5.108524591000001e-14
977.14285714 1.2825111705e-14
992.85714286 9.995790950999998e-15
1008.5714286 9.523383644e-15
1024.2857143 9.786543490000001e-14
1040.0 8.735508756e-15
1055.7142857 1.1002497315e-14
1072.1428571 1.373466453e-13
1089.2857143 9.411743175999998e-15
1106.4285714 8.519235804999999e-15
1123.5714286 9.621192505000002e-15
1140.7142857 3.245730409999999e-14
1157.8571429 1.352144661e-14
1175.7142857 9.329070181e-15
1194.2857143 1.5476024627e-14
1212.8571429 8.126909665000001e-15
1231.4285714 9.356178081e-15
1250.0 1.750990045e-14
1269.2857143 3.022711969e-14
1289.2857143 9.625210172999999e-15
1309.2857143 1.0731763555000001e-14
1329.2857143 3.887240547999999e-14
1349.2857143 8.071041698e-15
1370.0 1.6187119389000003e-14
1391.4285714 8.24948484e-15
1412.8571429 8.822136417e-15
1434.2857143 9.388248407999998e-15
1455.7142857 8.740185198e-15
1477.8571429 8.544398150999999e-15
1500.7142857 1.322397424e-14
1523.5714286 8.964736527000001e-15
1546.4285714 1.1285868349000001e-14
1570.0 1.4484109817e-14
1594.2857143 7.625987040999999e-15
1618.5714286 1.0818195101e-14
1642.8571429 8.433655906e-15
1667.8571429 1.1125329005e-14
1693.5714286 8.633295748e-15
1719.2857143 8.486475846e-15
1745.0 1.6372520453e-14
1771.4285714 7.283893513e-15
1798.5714286 1.378110295e-14
1825.7142857 8.419446676999999e-15
1853.5714286 1.782031293e-14
1882.1428571 9.30605689e-15
1910.7142857 1.4568714140000002e-14
1939.2857143 7.632153051e-15
1968.5714286 1.5419014509e-14
1998.5714286 8.839838994e-15
2028.5714286 1.3207992670000001e-14
2059.2857143 7.485656829000001e-15
2090.7142857 1.093834331e-14
2122.1428571 8.030649343e-15
2154.2857143 8.668335345000002e-15
2187.1428571 8.407480191999999e-15
2220.0 8.900001081e-15
2253.5714286 8.373905958e-15
2287.8571429 8.741285231999999e-15
2322.1428571 8.48056704e-15
2357.1428571 1.564522586e-14
2392.8571429 1.3135075418999999e-14
2429.2857143 7.611762575999999e-15
2466.4285714 1.684151484e-14
2503.5714286 1.2924429210000003e-14
2541.4285714 8.597078988000001e-15
2580.0 7.942454527e-15
2618.5714286 7.428598155999998e-15
2657.8571429 8.278916455e-15
2697.8571429 7.001237591000002e-15
2738.5714286 8.475503908e-15
2780.0 7.378325926000001e-15
2822.1428571 7.523672494e-15
2865.0 9.973245285e-15
2907.8571429 7.502710432000001e-15
2951.4285714 8.365469408999999e-15
2995.7142857 9.294315378e-15
3040.7142857 8.234814363999999e-15
3086.4285714 7.207267541e-15
3132.8571429 1.0250777820999999e-14
3180.0 9.491815799e-15
3227.8571429 7.535747478e-15
3276.4285714 7.405144382e-15
3325.7142857 7.094171281e-15
3375.7142857 8.308457633e-15
3426.4285714 8.286298349e-15
3477.8571429 7.390407378e-15
3530.0 8.116968833999999e-15
3582.8571429 7.904226992e-15
3636.4285714 8.936983205999998e-15
3691.4285714 7.103651884000001e-15
3747.1428571 7.665395599e-15
3803.5714286 7.90180841e-15
3860.7142857 7.108407153e-15
3918.5714286 7.519131820999999e-15
3977.1428571 7.157664725999999e-15
4036.4285714 7.194369635000002e-15
4097.1428571 7.125485928e-15
4158.5714286 7.0489018190000015e-15
4220.7142857 9.901609129e-15
4284.2857143 1.0773833085e-14
4348.5714286 7.742625843e-15
4413.5714286 7.200964005e-15
4480.0 7.134833187000002e-15
4547.1428571 7.450897622e-15
4615.0 7.009474588000001e-15
4684.2857143 7.102549294000001e-15
4754.2857143 6.938875707e-15
4825.0 6.784630479e-15
4897.1428571 7.486838091e-15
4970.7142857 7.368789563000001e-15
5045.0 8.107438838999999e-15
5120.0 7.518002107999998e-15
5196.4285714 7.324346951000002e-15
5274.2857143 6.589417647000001e-15
5353.5714286 7.206227983999999e-15
5433.5714286 6.8919602479999994e-15
5514.2857143 6.6072503129999995e-15
5596.4285714 6.361253429999999e-15
5680.0 6.5078327229999996e-15
5765.0 6.678256414e-15
5851.4285714 6.828764891999999e-15
5939.2857143 6.424234695999999e-15
6028.5714286 6.947782801e-15
6119.2857143 6.50027434e-15
6210.7142857 6.7190692109999994e-15
6302.8571429 6.700437226e-15
6396.4285714 6.952539457000001e-15
6491.4285714 7.0206340339999996e-15
6587.8571429 6.182299619000002e-15
6685.7142857 6.385603283e-15
6785.0 6.618632324000001e-15
6885.7142857 6.571093821e-15
6987.8571429 6.635381373000001e-15
7092.1428571 6.655090970999999e-15
7198.5714286 6.652462969000001e-15
7306.4285714 6.629119999e-15
7415.7142857 6.396574893e-15
7526.4285714 6.462939695e-15
7638.5714286 6.881441095e-15
7752.1428571 6.398429943000001e-15
7867.8571429 6.2191827589999994e-15
7985.7142857 9.198199172999999e-15
8105.0 3.219274409e-14
8225.7142857 9.053679824999999e-14
8347.8571429 2.3470988900000002e-14
8472.1428571 7.762056598e-15
8598.5714286 6.236714105e-15
8726.4285714 6.352218432e-15
8856.4285714 6.053441972e-15
8988.5714286 6.4284615259999996e-15
9122.1428571 6.216169583999999e-15
9257.8571429 6.8789495980000005e-15
9395.7142857 7.04123806e-15
9535.7142857 6.529937439000001e-15
9677.8571429 6.690963653999999e-15
9822.1428571 7.515195885e-15
9968.5714286 2.449915793e-11
10117.142857 9.790083811e-15
10267.857143 6.8861544979999994e-15
10420.714286 6.390879123e-15
10575.714286 6.215457458e-15
10732.857143 6.359973818000001e-15
10892.857143 6.3477803770000005e-15
11055.0 6.891297871e-15
11219.285714 6.0329335260000005e-15
11386.428571 6.3934087590000006e-15
11556.428571 6.0483650490000015e-15
11728.571429 6.661605235999999e-15
11902.857143 6.659384399000001e-15
12080.0 6.292523189999999e-15
12260.0 6.1919021939999996e-15
12442.857143 6.240881740999999e-15
12628.571429 6.658826758999999e-15
12817.142857 6.3898414930000004e-15
13007.857143 5.993279284e-15
13200.714286 6.639816848999999e-15
13396.428571 6.4276746100000005e-15
13595.714286 6.397224907000001e-15
13798.571429 6.551551185999999e-15
14004.285714 6.572167998e-15
14212.857143 6.497424515e-15
14424.285714 6.336677739999999e-15
14638.571429 6.195568427000001e-15
14856.428571 6.386374312999999e-15
15077.857143 6.340266744e-15
15302.142857 6.600065788e-15
15529.285714 6.293465478e-15
15760.0 6.437066454999999e-15
15994.285714 7.248959489e-15
16232.142857 3.4777802889999994e-14
16473.571429 5.998419347e-14
16718.571429 2.4004071819999998e-14
16967.142857 6.490070437000001e-15
17219.285714 6.513538422e-15
17475.0 6.2693917919999994e-15
17734.285714 6.310310593999999e-15
17997.857143 6.3660350350000005e-15
18265.714286 6.371513893000001e-15
18537.142857 6.4599160660000005e-15
18812.142857 6.388771571e-15
19091.428571 6.574243342e-15
19375.0 6.606053033e-15
19662.857143 6.642951261e-15
19955.0 6.830642723999999e-15
20251.428571 6.437677038e-15
20552.142857 6.327805219999999e-15
20857.142857 6.845018362e-15
21167.142857 6.4628081410000004e-15
21482.142857 6.361129557e-15
21801.428571 6.5326675010000005e-15
22125.0 6.4710921000000004e-15
22453.571429 6.2121010300000015e-15
22787.142857 6.342304193e-15
23125.714286 6.518441853e-15
23469.285714 6.5145850129999995e-15
23817.857143 6.4814289969999985e-15
24171.428571 1.2791410301000001e-14
24530.0 4.3604994569999994e-14
24894.285714 3.125320581e-14
25264.285714 7.82409348e-15
25640.0 6.51651159e-15
26021.428571 6.6117175769999996e-15
26408.571429 6.614154664999999e-15
26801.428571 6.613043001e-15
27200.0 6.596834479e-15
27604.285714 6.8145865379999986e-15
28014.285714 6.866655381000001e-15
28430.0 6.724501933e-15
28852.142857 6.960193669999999e-15
29280.714286 1.6332022299999997e-13
29715.714286 6.91887254e-15
30157.142857 6.960495655999999e-15
30605.0 6.95333072e-15
31059.285714 6.884302211e-15
31520.0 6.729508984999999e-15
31987.857143 6.789224341999999e-15
32462.857143 1.810528261e-14
32945.0 2.947997199e-14
33434.285714 1.668786967e-14
33930.714286 6.643126812000001e-15
34434.285714 6.7667715189999995e-15
34945.0 6.6410800599999994e-15
35463.571429 7.009035375e-15
35990.0 7.115869496000001e-15
36524.285714 7.136116476999999e-15
37066.428571 7.15030268e-15
37616.428571 7.031078266e-15
38175.0 7.257752776000001e-15
38742.142857 6.961589032e-15
39317.142857 7.163235916999999e-15
39900.0 7.000387930999999e-15
40492.142857 1.300231926e-14
41093.571429 2.141715336e-14
41703.571429 1.5362456460000003e-14
42322.142857 7.416774206e-15
42950.0 7.136538937e-15
43587.142857 7.21561824e-15
44233.571429 7.448801549999999e-15
44890.0 7.343161338e-15
45556.428571 7.348213905e-15
46232.857143 7.204916356e-15
46919.285714 7.111464602999999e-15
47615.714286 7.156614215999999e-15
48322.142857 8.808744527e-15
49039.285714 1.5684535789999998e-14
49767.142857 1.3567587789999998e-14
50505.714286 7.338898945000002e-15
51255.0 7.43697465e-15
52015.0 7.43612423e-15
52786.428571 7.519633037e-15
53569.285714 7.579265646999999e-15
54363.571429 7.490001367000001e-15
55170.0 7.367870374e-15
55988.571429 7.519981709e-15
56819.285714 1.0129830872999999e-14
57662.142857 1.2370455799999999e-14
58517.142857 1.25982495e-13
59385.0 7.78869074e-15
60265.714286 7.722182785e-15
61159.285714 7.818888041000001e-15
62066.428571 7.892397746000003e-15
62987.142857 1.157121008e-14
63921.428571 8.123416401999999e-15
64870.0 9.035064289000001e-15
65832.857143 1.0266652526e-14
66810.0 8.773720420000001e-15
67801.428571 8.145820703e-15
68807.142857 7.819070494000001e-15
69827.857143 8.015814057000001e-15
70863.571429 7.900228645999998e-15
71914.285714 7.925064510000001e-15
72980.714286 8.893738607999999e-15
74062.857143 1.1692608152e-14
75161.428571 1.391375323e-14
76276.428571 1.2083354118e-14
77407.857143 9.842499686e-15
78556.428571 8.305152847e-15
79722.142857 8.151742179e-15
80905.0 8.717720214e-15
82105.0 8.876202116000002e-15
83322.857143 1.3208076319999999e-14
84558.571429 1.2999182734e-14
85812.142857 1.2936775142000002e-14
87084.285714 2.3662588730000003e-14
88375.714286 1.2947394289999998e-13
89686.428571 8.952923182e-15
91016.428571 8.739849997999999e-15
92366.428571 8.651838949999998e-15
93736.428571 9.002697454e-15
95126.428571 9.017651336e-15
96537.142857 9.122694742e-15
97969.285714 9.221887759000002e-15
99422.857143 9.478667444999999e-15
100897.85714 9.201807432000001e-15
102394.28571 9.620569970999999e-15
103912.85714 1.1736005969999999e-14
105454.28571 1.480858633e-14
107018.57143 1.0166363313e-14
108605.71429 9.574318302e-15
110216.42857 9.710771164e-15
111851.42857 9.887985586e-15
113510.71429 1.057907738e-14
115194.28571 1.0140661599000001e-14
116902.85714 1.8894282829999999e-13
118636.42857 1.0514146482e-14
120395.71429 1.0268820225000002e-14
122181.42857 1.0676454730000001e-14
123993.57143 1.081349704e-14
125832.85714 1.79913828e-14
127699.28571 1.194982651e-14
129592.85714 1.135634518e-14
131514.28571 1.117726048e-14
133464.28571 1.1352633950000001e-14
135443.57143 1.1795995440000002e-14
137452.14286 1.1732517789999999e-14
139490.0 1.204072855e-14
141558.57143 1.22446778e-14
143657.85714 1.2466827670000003e-14
145787.85714 4.5123952699999997e-13
147949.28571 1.80381064e-14
150142.85714 1.331705622e-14
152369.28571 1.3397979709999998e-14
154628.57143 1.3640393360000001e-14
156921.42857 1.3999781079999999e-14
159248.57143 1.4136840950000003e-14
161610.0 1.472907876e-14
164006.42857 1.47243794e-14
166438.57143 1.7833914299999997e-14
168906.42857 1.779378658e-14
171410.71429 1.604824898e-14
173952.14286 1.779315332e-14
176531.42857 2.868295563e-13
179149.28571 1.7276171970000003e-14
181805.71429 1.750620069e-14
184501.42857 1.77986215e-14
187237.14286 2.004476949e-14
190013.57143 2.0573662099999998e-14
192831.42857 1.9686579069999998e-14
195690.71429 2.018579968e-14
198592.14286 2.052827555e-14
201536.42857 2.157904489e-14
204524.28571 7.205873310999999e-13
207556.42857 2.3865583750000005e-14
210633.57143 2.6054611470000004e-14
213756.42857 2.419193764e-14
216925.71429 2.502569585e-14
220142.14286 2.594626346e-14
223406.42857 2.669345133e-14
226719.28571 2.81292605e-14
230080.71429 3.216940385e-14
233492.14286 5.751357495999999e-13
236954.28571 3.158172912e-14
240467.14286 3.235478066e-14
244032.14286 3.3766927569999994e-14
247650.0 3.460095383e-14
251321.42857 4.2125819989999996e-14
255047.85714 3.8703374300000003e-14
258830.0 4.011248558e-14
262667.85714 1.442601258e-12
266562.14286 4.362122582e-14
270514.28571 5.0999620999999996e-14
274525.0 5.201944085e-14
278595.0 5.0208530879999995e-14
282725.71429 5.939393693e-14
286917.85714 5.466512757e-14
291172.14286 1.4913441419999998e-12
295489.28571 7.317746855e-14
299870.0 6.432596283e-14
304315.71429 6.946961344999999e-14
308827.85714 7.097367799e-14
313407.14286 1.1274588179999999e-13
318054.28571 8.994397709e-14
322770.0 6.8012625259999994e-12
327555.0 8.950729101e-14
332410.71429 9.682738894000001e-14
337338.57143 1.099414799e-13
342340.0 1.329782763e-13
347415.71429 1.286425991e-13
352566.42857 2.0086703460000005e-12
357793.57143 1.214674441e-13
363098.57143 1.1300181619999998e-13
368482.14286 1.148906008e-13
373945.0 1.5592886859999998e-13
379488.57143 3.03979884e-12
385114.28571 1.222007188e-13
390823.57143 1.154032969e-13
396617.85714 1.254417712e-13
402497.85714 1.184230706e-13
408465.0 4.628474983e-13
414520.71429 1.0876101149999998e-13
420666.42857 1.178850049e-13
426903.57143 1.0017971495e-13
433232.85714 9.551062009000002e-14
439655.71429 1.878564339e-13
446173.57143 8.773611978e-14
452787.85714 8.130053499e-14
459500.71429 8.332937132999998e-14
466313.57143 8.062506907000001e-14
473227.14286 6.743571367999999e-14
480242.85714 6.612913013e-14
487362.85714 5.957261606e-14
494588.57143 5.820295689999999e-14
501920.71429 5.2120100560000004e-14
509361.42857 4.857596612e-14
516912.85714 4.378138856e-14
524576.42857 4.362604517e-14
532353.57143 3.920984032e-14
540245.71429 3.620088205e-14
548255.0 3.375959531e-14
556382.85714 4.05285283e-14
564630.71429 3.0610456919999995e-14
573001.42857 2.794847708e-14
581496.42857 3.0181833639999995e-14
590117.14286 2.5613712790000003e-14
598865.71429 2.302740754e-14
607743.57143 2.30027145e-14
616752.85714 3.530671921e-14
625895.71429 2.0564677829999995e-14
635174.28571 1.994785349e-14
644590.71429 3.324894233e-14
654146.42857 1.87921158e-14
663843.57143 1.755612062e-14
673685.0 6.093657122999999e-14
683672.85714 1.5923510970000004e-14
693808.57143 1.7881859069999997e-14
704094.28571 3.2547298360000004e-14
714532.14286 1.2794728750000002e-14
725125.0 1.432433076e-14
735875.0 3.007045619e-14
746784.28571 9.914217232e-15
757855.71429 1.5963498110000002e-14
769090.71429 8.162623415e-15
780492.14286 8.897876183000001e-15
792062.85714 1.445891177e-14
803805.0 6.791598714e-15
815721.42857 9.82497298e-15
827814.28571 6.078768394e-15
840086.42857 5.828818078e-15
852540.71429 9.744205691999999e-15
865179.28571 5.2440380510000006e-15
878005.0 6.065504814e-15
891020.71429 4.775145839e-15
904229.28571 6.538703874999999e-15
917633.57143 4.298509989e-15
931237.14286 4.546401264e-15
945042.85714 3.916620634e-15
959052.85714 3.734724675000001e-15
973270.71429 4.835368172999999e-15
987699.28571 3.3765809629999997e-15
1002341.4286 3.463160385e-15
1017200.7143 3.0363353639999997e-15
1032280.0 4.001911196e-15
1047582.8571 3.0828821359999996e-15
1063112.8571 2.6521562890000004e-15
1078872.8571 3.42839057e-15
1094866.4286 2.4098706369999996e-15
1111097.1429 2.5985092919999997e-15
1127568.5714 2.2202329960000004e-15
1144284.2857 2.85593103e-15
1161247.8571 1.9960115870000002e-15
1178462.8571 2.16497504e-15
1195932.8571 2.435268136e-15
1213662.1429 1.757069012e-15
1231654.2857 1.862041605e-15
1249912.8571 2.0372989129999998e-15
1268442.1429 1.543647008e-15
1287246.4286 1.621695571e-15
1306329.2857 1.4060060679999998e-15
1325695.0 1.648220997e-15
1345347.8571 1.389376751e-15
1365292.1429 1.243889371e-15
1385532.1429 1.4012166870000002e-15
1406072.1429 1.2342410759999998e-15
1426916.4286 1.282443334e-15
1448069.2857 1.0459699209999999e-15
1469535.7143 1.091730633e-15
1491320.7143 1.1565673469999997e-15
1513428.5714 1.020205254e-15
1535863.5714 8.845702068999999e-16
1558631.4286 1.0596183970000002e-15
1581737.1429 9.106984674e-16
1605185.7143 1.01481601e-15
1628982.1429 8.300163659000001e-16
1653130.7143 7.236281232000001e-16
1677637.1429 9.297339137999999e-16
1702507.1429 7.258496319e-16
1727745.7143 8.600427223e-16
1753358.5714 6.693906717e-16
1779351.4286 7.995914204000001e-16
1805729.2857 6.213068818e-16
1832497.8571 7.422507613e-16
1859663.5714 5.311764449e-16
1887232.1429 5.737814476e-16
1915209.2857 6.773162436e-16
1943600.7143 5.493388299e-16
1972412.8571 6.394458735999999e-16
2001652.1429 5.259196161e-16
2031325.0 6.05472649e-16
2061437.8571 4.974891088000001e-16
2091997.1429 5.574646864000001e-16
2123009.2857 6.128122205000001e-16
2154480.7143 4.339139265e-16
2186418.5714 4.884975025e-16
2218830.0 3.956877727e-16
2251722.1429 4.808792217999999e-16
2285102.1429 3.64179751e-16
2318977.1429 4.664527250000001e-16
2353354.2857 3.358490346e-16
2388240.7143 5.09033728e-16
2423644.2857 4.717359701e-16
2459572.8571 3.099630397e-16
2496034.2857 4.576013511e-16
2533036.4286 4.768017609e-16
2570587.1429 2.9610659370000004e-16
2608694.2857 3.8427618259999995e-16
2647365.7143 4.18422475e-16
2686610.7143 2.797534478e-16
2726437.8571 3.49357173e-16
2766855.0 4.259545321e-16
2807871.4286 2.693071648e-16
2849495.7143 4.3123292639999995e-16
2891737.1429 3.7121713210000006e-16
2934605.0 2.429140479e-16
2978107.8571 4.3824977210000005e-16
3022255.7143 3.9003201429999997e-16
3067057.8571 4.642754616e-16
3112524.2857 5.036621336000001e-16
3158665.0 2.3998977509999997e-16
3205489.2857 6.179003985000001e-16
3253007.8571 5.459540489e-16
3301230.7143 8.106453309e-16
3350168.5714 9.780784999e-16
3399832.1429 4.358743789e-16
3450231.4286 1.183445306e-15
3501377.8571 1.360894936e-15
3553282.8571 1.3686350740000003e-15
3605957.1429 1.1295019489999998e-15
3659412.1429 6.4513475e-16
3713660.0 5.815257554000001e-16
3768712.1429 3.9114395530000006e-16
3824580.0 2.7695427719999996e-16
3881275.7143 2.0318814069999998e-16
3938812.1429 1.6386679169999996e-16
3997201.4286 1.409484562e-16
4056456.4286 1.276787892e-16
4116590.0 1.177091811e-16
4177615.0 1.0796108190000001e-16
4239544.2857 1.0045809376e-16
4302391.4286 9.714824325e-17
4366170.7143 8.913971412e-17
4430895.0 8.563460744e-17
4496578.5714 8.318980665000001e-17
4563236.4286 8.195624461e-17
4630882.1429 8.011513681e-17
4699530.0 7.702122735999999e-17
4769195.7143 7.530027546e-17
4839894.2857 7.400028641e-17
4911640.7143 7.376397027000001e-17
4973888.5714 7.388332557000001e-17
