# freq [Hz]  noise density [V^2/Hz]
1.4285714286 5.907480503000001e-9
4.2857142857 1.1562114287999999e-12
5.7142857143 7.879836507e-13
7.1428571429 6.299191631299999e-13
8.5714285714 2.6948428055e-13
10.0 3.8266343781000004e-13
11.428571429 3.6341043099000004e-13
12.857142857 5.8789963585e-13
14.285714286 3.4772610837e-13
15.714285714 1.9153374227e-13
17.142857143 3.1490582483999996e-13
18.571428571 1.1279785142e-13
20.0 2.0540958739000004e-13
21.428571429 1.64819491209e-13
22.857142857 1.13815367128e-13
24.285714286 9.940175072e-14
25.714285714 5.8994819603e-14
27.142857143 1.37574935585e-13
28.571428571 1.7914748611000004e-13
30.0 3.1486474245999997e-13
31.428571429 1.4306384372999999e-13
32.857142857 1.2949881706e-13
34.285714286 1.4846523651599997e-13
35.714285714 1.2961583158999998e-13
37.142857143 1.30320251382e-13
38.571428571 5.960494240929999e-14
40.0 8.299482142800001e-14
41.428571429 3.5506910137e-14
42.857142857 6.552438971e-14
44.285714286 1.0667815415399998e-13
45.714285714 5.27827889529e-14
47.142857143 4.4576686460000004e-14
48.571428571 4.4236249477e-14
50.0 9.060165414e-12
51.428571429 3.5891442914e-14
52.857142857 5.759128731000001e-14
54.285714286 6.8041657485e-14
55.714285714 6.8951264058e-14
57.142857143 4.2712957244e-14
58.571428571 7.1148624507e-14
60.0 3.6890025499999993e-10
61.428571429 7.3477770124e-14
62.857142857 1.9487678534000003e-13
64.285714286 2.1100432658e-13
65.714285714 6.8492439304e-14
67.142857143 3.83065215e-14
68.571428571 5.2280051159999996e-14
70.0 1.7771361897999998e-13
71.428571429 5.6044100072e-14
72.857142857 7.095867827000001e-14
74.285714286 4.0113512229e-14
75.714285714 4.046825273399999e-14
77.142857143 5.7266561146e-14
78.571428571 4.937536020700001e-14
80.0 9.092471349300001e-14
81.428571429 3.3633002936e-14
82.857142857 5.0884044345999995e-14
84.285714286 2.1447443691e-14
85.714285714 5.0304575959999994e-14
87.142857143 6.265711512999999e-14
88.571428571 7.0577976924e-14
90.0 7.7644634277e-14
91.428571429 5.728216135400001e-14
92.857142857 3.7651722116000003e-14
94.285714286 1.4677016736e-14
95.714285714 8.253498690210001e-14
97.142857143 3.8340401301999994e-14
99.285714286 1.9036628039000002e-13
102.14285714 5.037691465300001e-14
105.0 4.7361015886e-14
107.85714286 3.5143564289999996e-14
110.71428571 4.2324643561e-14
113.57142857 5.298438329e-14
116.42857143 2.6707191242e-14
119.28571429 9.776969636999999e-11
122.14285714 4.4667968220000003e-14
125.0 2.824688751e-14
127.85714286 3.7950051950000003e-14
130.71428571 3.989062007e-14
133.57142857 4.3232950620000004e-14
136.42857143 3.678824349e-14
139.28571429 3.8550245965e-14
142.14285714 2.7760544244000007e-14
145.0 5.1124243788e-14
147.85714286 4.257335664199999e-14
150.71428571 2.534907513e-12
153.57142857 2.2197363778000002e-14
156.42857143 4.6582187588999997e-14
159.28571429 4.234615779e-14
162.14285714 3.370021805e-14
165.0 3.9814105049999994e-14
167.85714286 2.5783739372e-14
170.71428571 3.5455961467e-14
173.57142857 4.1795001869999995e-14
176.42857143 2.2338164846000002e-14
179.28571429 2.947226065e-11
182.14285714 3.1680493936999993e-14
185.0 5.618707950999999e-14
187.85714286 2.4876925816e-14
190.71428571 3.257895791e-14
193.57142857 4.630228849700001e-14
197.14285714 2.6100811323999998e-14
201.42857143 4.370123202e-14
205.71428571 2.9010947743000004e-14
210.0 3.9652662639e-14
214.28571429 3.8746711882e-14
218.57142857 2.5586540774e-14
222.85714286 2.984154809e-14
227.14285714 4.3288851969999995e-14
231.42857143 2.5462949276e-14
235.71428571 2.9270640338e-14
240.0 1.24977996e-11
244.28571429 3.472716298e-14
248.57142857 7.181139739999999e-14
252.85714286 2.5442133507999997e-14
257.14285714 3.1233710724e-14
261.42857143 2.3168318707000002e-14
265.71428571 3.515400284e-14
270.0 3.202191441e-14
274.28571429 4.016456747e-14
278.57142857 3.3434291330000004e-14
282.85714286 3.378411987e-14
287.14285714 4.7066748050000005e-14
291.42857143 3.7576731720000004e-14
296.42857143 3.58430332e-14
302.14285714 6.199612751e-13
307.85714286 2.7586312560000007e-14
313.57142857 2.8018450639999998e-14
319.28571429 3.2371324012e-14
325.0 3.5431582721000004e-14
330.71428571 3.2797915610000004e-14
336.42857143 2.7715296109999997e-14
342.14285714 3.374388898e-14
347.85714286 2.311794464e-13
353.57142857 3.329045e-14
359.28571429 1.738621698e-13
365.0 3.217600908e-14
370.71428571 3.787974787e-14
376.42857143 3.397489237e-14
382.14285714 3.0160128860000006e-14
387.85714286 3.505465658e-14
394.28571429 2.8879197130000003e-14
401.42857143 3.7689109699999995e-14
408.57142857 2.838885263e-14
415.71428571 3.1382545086e-14
422.85714286 6.257728200000001e-14
430.0 3.633047547999999e-14
437.14285714 2.440584016e-14
444.28571429 3.005173743e-14
451.42857143 6.066901105e-14
458.57142857 2.9462402480000004e-14
465.71428571 3.356404084e-14
472.85714286 3.152722775e-14
480.0 6.855489979000001e-13
487.85714286 2.114628286e-14
496.42857143 3.305262546e-14
505.0 2.780494629e-14
513.57142857 2.6151780360000002e-14
522.14285714 3.3708437646e-14
530.71428571 2.808140821e-14
539.28571429 2.660577195e-12
547.85714286 5.37169586e-14
556.42857143 3.496237887e-14
565.0 2.394257449e-14
573.57142857 2.894818647e-14
582.14285714 3.008273289e-14
591.42857143 3.3097723068999996e-14
601.42857143 3.5426901370000002e-12
611.42857143 2.830054443e-14
621.42857143 2.7933110380000005e-14
631.42857143 3.0794988640000005e-14
641.42857143 3.0540301120000004e-14
651.42857143 7.330654129e-14
661.42857143 1.7765866720000002e-12
671.42857143 2.879473497e-14
682.14285714 2.986645903e-14
693.57142857 2.693109334e-14
705.0 2.628390572e-14
716.42857143 1.711238973e-13
727.85714286 2.885738802e-14
739.28571429 3.237610628e-14
750.71428571 2.8259154569999997e-14
762.14285714 2.7278935529999996e-14
773.57142857 2.31673017e-14
785.71428571 1.5876094307e-13
798.57142857 3.309746809e-14
811.42857143 2.5616065739999997e-14
824.28571429 2.4422066700000002e-14
837.14285714 3.057777842e-13
850.0 3.890207696000001e-14
862.85714286 2.564018199e-14
876.42857143 2.999816959e-14
890.71428571 2.833236993e-14
905.0 1.2656149483e-13
919.28571429 3.158892295000001e-14
933.57142857 2.8675603420000003e-14
947.85714286 2.940928744e-14
962.14285714 1.0417193451999999e-13
977.14285714 2.999999501e-14
992.85714286 2.5107884960000002e-14
1008.5714286 2.816005093e-14
1024.2857143 1.5856688759999997e-13
1040.0 3.211145668e-14
1055.7142857 3.404212874e-14
1072.1428571 1.2104280470999996e-13
1089.2857143 3.0023524569999996e-14
1106.4285714 2.3956538259999998e-14
1123.5714286 3.141834547e-14
1140.7142857 2.757822444e-13
1157.8571429 3.0409593390000005e-14
1175.7142857 2.24471614e-14
1194.2857143 1.8152776444e-13
1212.8571429 2.938933783e-14
1231.4285714 2.64609738e-14
1250.0 2.936291075e-14
1269.2857143 5.1153916689999995e-14
1289.2857143 2.6323358440000003e-14
1309.2857143 2.664919386e-14
1329.2857143 4.5670279359999996e-14
1349.2857143 2.961833055e-14
1370.0 7.905867441e-14
1391.4285714 2.8070181589999998e-14
1412.8571429 2.252581866e-14
1434.2857143 4.143288916e-14
1455.7142857 2.677355736e-14
1477.8571429 2.7602982849999998e-14
1500.7142857 4.842079187e-14
1523.5714286 3.04718751e-14
1546.4285714 2.6302006630000005e-14
1570.0 1.2002340848999997e-13
1594.2857143 2.7402330999999996e-14
1618.5714286 2.1618611959999998e-14
1642.8571429 2.7479589330000003e-14
1667.8571429 6.284258186999999e-14
1693.5714286 2.6855717740000003e-14
1719.2857143 2.5363298319999998e-14
1745.0 3.993077201e-14
1771.4285714 2.3896794980000004e-14
1798.5714286 3.380122177e-14
1825.7142857 2.497901143e-14
1853.5714286 4.2526068129999996e-14
1882.1428571 2.687397773e-14
1910.7142857 1.0650763677999999e-13
1939.2857143 2.7840149140000003e-14
1968.5714286 6.427319169e-14
1998.5714286 2.5064393830000002e-14
2028.5714286 3.020221136e-14
2059.2857143 2.756793242e-14
2090.7142857 4.50066148e-14
2122.1428571 2.421358878e-14
2154.2857143 3.410719682e-14
2187.1428571 2.3185836490000003e-14
2220.0 3.964324455e-14
2253.5714286 2.587511682e-14
2287.8571429 3.673543683e-14
2322.1428571 2.1864965470000002e-14
2357.1428571 2.9733577540000006e-14
2392.8571429 3.640843850999999e-14
2429.2857143 2.359992156e-14
2466.4285714 5.146450683e-14
2503.5714286 5.2491309399999997e-14
2541.4285714 2.7130721250000005e-14
2580.0 2.359351338e-14
2618.5714286 2.531149007e-14
2657.8571429 2.926874114e-14
2697.8571429 2.8029001970000003e-14
2738.5714286 2.786952006e-14
2780.0 2.8380792080000004e-14
2822.1428571 3.196308842e-14
2865.0 3.03699063e-14
2907.8571429 2.3852048320000004e-14
2951.4285714 3.006844518e-14
2995.7142857 2.879177927e-14
3040.7142857 2.86406199e-14
3086.4285714 2.3063239309999997e-14
3132.8571429 3.339286358e-14
3180.0 4.2591100230000004e-14
3227.8571429 3.149291928e-14
3276.4285714 2.5425870970000002e-14
3325.7142857 2.3972229869999996e-14
3375.7142857 2.406662572e-14
3426.4285714 2.836398989e-14
3477.8571429 3.2647668500000005e-14
3530.0 2.5247610120000004e-14
3582.8571429 2.6356327929999998e-14
3636.4285714 2.7876839669999997e-14
3691.4285714 2.4801902340000004e-14
3747.1428571 2.9345392939999996e-14
3803.5714286 2.504300544e-14
3860.7142857 2.2311771619999995e-14
3918.5714286 2.3333075740000002e-14
3977.1428571 2.874171779000001e-14
4036.4285714 2.529152559e-14
4097.1428571 2.8107222400000004e-14
4158.5714286 2.7845469460000004e-14
4220.7142857 3.133835737e-14
4284.2857143 3.553909112e-14
4348.5714286 2.8949987149999997e-14
4413.5714286 2.467591668e-14
4480.0 2.354955513e-14
4547.1428571 2.359154794e-14
4615.0 2.4366752869999997e-14
4684.2857143 2.6179407090000006e-14
4754.2857143 2.3670327219999996e-14
4825.0 2.4174233649999996e-14
4897.1428571 2.4869753430000004e-14
4970.7142857 2.465316676e-14
5045.0 2.5184484e-14
5120.0 2.5408113499999998e-14
5196.4285714 2.257482644e-14
5274.2857143 2.405970273e-14
5353.5714286 2.381962606e-14
5433.5714286 2.2576405510000002e-14
5514.2857143 2.335348594e-14
5596.4285714 2.4810933400000006e-14
5680.0 2.343876058e-14
5765.0 2.3480503740000005e-14
5851.4285714 2.3852771739999997e-14
5939.2857143 2.348899532e-14
6028.5714286 2.251597078e-14
6119.2857143 2.4065040460000002e-14
6210.7142857 2.4005478050000002e-14
6302.8571429 2.207041758e-14
6396.4285714 2.329906298e-14
6491.4285714 2.2347264679999998e-14
6587.8571429 2.2310400700000002e-14
6685.7142857 2.3157442140000002e-14
6785.0 2.3108692160000004e-14
6885.7142857 2.153082806e-14
6987.8571429 2.4964179550000002e-14
7092.1428571 2.4092888480000002e-14
7198.5714286 2.2206169840000002e-14
7306.4285714 2.286888833e-14
7415.7142857 2.360271619e-14
7526.4285714 2.366257281e-14
7638.5714286 2.3506969200000002e-14
7752.1428571 2.185809152e-14
7867.8571429 2.2876751130000002e-14
7985.7142857 2.873269996999999e-14
8105.0 2.2839081070000003e-14
8225.7142857 2.3563666609999997e-14
8347.8571429 2.2944616500000003e-14
8472.1428571 2.4372996699999995e-14
8598.5714286 2.283340151e-14
8726.4285714 2.246267561e-14
8856.4285714 2.1456239760000003e-14
8988.5714286 2.1790316439999998e-14
9122.1428571 2.152048937e-14
9257.8571429 2.2224178300000004e-14
9395.7142857 2.296558171e-14
9535.7142857 2.287699676e-14
9677.8571429 2.1893737759999998e-14
9822.1428571 2.2974520140000002e-14
9968.5714286 2.7331390789999993e-11
10117.142857 2.6800034320000003e-14
10267.857143 2.2310836080000003e-14
10420.714286 2.266310618e-14
10575.714286 2.237577196e-14
10732.857143 2.23293801e-14
10892.857143 2.165113479e-14
11055.0 2.2326371890000003e-14
11219.285714 2.213095097e-14
11386.428571 2.286646949e-14
11556.428571 2.355219306e-14
11728.571429 2.148783366e-14
11902.857143 2.2760019249999997e-14
12080.0 2.1695273359999997e-14
12260.0 2.311352956e-14
12442.857143 2.131047358e-14
12628.571429 2.214255818e-14
12817.142857 2.3121091790000004e-14
13007.857143 2.205102288e-14
13200.714286 2.2570257150000005e-14
13396.428571 2.207501006e-14
13595.714286 2.308387514e-14
13798.571429 2.133038599e-14
14004.285714 2.259288945e-14
14212.857143 2.126172553e-14
14424.285714 2.296479811e-14
14638.571429 2.2818261259999998e-14
14856.428571 2.1994016160000002e-14
15077.857143 2.090247393e-14
15302.142857 2.254972508e-14
15529.285714 2.141127707e-14
15760.0 2.1534609250000002e-14
15994.285714 2.3139067390000002e-14
16232.142857 2.202836113e-14
16473.571429 2.23651859e-14
16718.571429 2.2324771260000002e-14
16967.142857 2.2238921029999996e-14
17219.285714 2.131173268e-14
17475.0 2.281798134e-14
17734.285714 2.249599436e-14
17997.857143 2.252717306e-14
18265.714286 2.17780966e-14
18537.142857 2.204241708e-14
18812.142857 2.167053093e-14
19091.428571 2.238024596e-14
19375.0 2.194029772e-14
19662.857143 2.2050119740000002e-14
19955.0 2.1855110639999998e-14
20251.428571 2.227382861e-14
20552.142857 2.227212429e-14
20857.142857 2.312157236e-14
21167.142857 2.277744277e-14
21482.142857 2.2329104179999998e-14
21801.428571 2.214559143e-14
22125.0 2.2257292629999995e-14
22453.571429 2.2010876979999996e-14
22787.142857 2.2449154319999996e-14
23125.714286 2.2589011880000003e-14
23469.285714 2.2381249480000004e-14
23817.857143 2.251695995e-14
24171.428571 2.278790081e-14
24530.0 2.2895487070000002e-14
24894.285714 2.233282304e-14
25264.285714 2.245629556e-14
25640.0 2.228029265e-14
26021.428571 2.190287783e-14
26408.571429 2.2860480560000002e-14
26801.428571 2.190439155e-14
27200.0 2.199590118e-14
27604.285714 2.2789238549999997e-14
28014.285714 2.2964169350000006e-14
28430.0 2.206642347e-14
28852.142857 2.2776383589999998e-14
29280.714286 7.273813142000001e-13
29715.714286 2.2744164249999996e-14
30157.142857 2.238545459e-14
30605.0 2.262201073e-14
31059.285714 2.3001080759999998e-14
31520.0 2.3002665429999998e-14
31987.857143 2.2650413129999997e-14
32462.857143 2.3170757489999998e-14
32945.0 2.22968193e-14
33434.285714 2.296555864e-14
33930.714286 2.301699898e-14
34434.285714 2.321932086e-14
34945.0 2.3824043779999994e-14
35463.571429 2.331234519e-14
35990.0 2.3670258140000002e-14
36524.285714 2.366411569e-14
37066.428571 2.3304081660000003e-14
37616.428571 2.3088877459999996e-14
38175.0 2.3721581759999998e-14
38742.142857 2.3279723969999997e-14
39317.142857 2.4124633140000004e-14
39900.0 2.4035343529999995e-14
40492.142857 2.358892114e-14
41093.571429 2.380847693e-14
41703.571429 2.607708678e-14
42322.142857 2.484058951e-14
42950.0 2.379252503e-14
43587.142857 2.37611449e-14
44233.571429 2.368451429e-14
44890.0 2.4100162809999997e-14
45556.428571 2.34657206e-14
46232.857143 2.4256598519999996e-14
46919.285714 2.4107502869999995e-14
47615.714286 2.4314082360000003e-14
48322.142857 2.4535582580000002e-14
49039.285714 2.466946813e-14
49767.142857 2.4154056849999997e-14
50505.714286 2.47029981e-14
51255.0 2.437814525e-14
52015.0 2.4793736150000002e-14
52786.428571 2.498622469e-14
53569.285714 2.460748994e-14
54363.571429 2.5013225669999994e-14
55170.0 2.496930464e-14
55988.571429 2.603831598e-14
56819.285714 2.5216417400000003e-14
57662.142857 2.5704373709999997e-14
58517.142857 7.63681837e-13
59385.0 2.572063481e-14
60265.714286 2.5316982189999996e-14
61159.285714 2.660419328e-14
62066.428571 2.6597381780000003e-14
62987.142857 3.3487632839999995e-14
63921.428571 2.717723772e-14
64870.0 2.670521586e-14
65832.857143 2.667776534e-14
66810.0 2.7004256980000005e-14
67801.428571 2.915592867e-14
68807.142857 2.7462820100000004e-14
69827.857143 2.678359199e-14
70863.571429 2.771402255e-14
71914.285714 2.7852979020000003e-14
72980.714286 2.881034402e-14
74062.857143 2.9939145370000004e-14
75161.428571 3.22366829e-14
76276.428571 3.107425714e-14
77407.857143 2.963600925e-14
78556.428571 2.967541861000001e-14
79722.142857 2.942010569e-14
80905.0 2.997003366e-14
82105.0 3.026915166e-14
83322.857143 3.881188777e-14
84558.571429 4.5772235240000005e-14
85812.142857 5.115703973e-14
87084.285714 6.526384425e-14
88375.714286 4.561573915e-13
89686.428571 3.2276498580000005e-14
91016.428571 3.226226321e-14
92366.428571 3.1994795859999996e-14
93736.428571 3.249083414e-14
95126.428571 3.287703381e-14
96537.142857 3.388610989e-14
97969.285714 3.457997272e-14
99422.857143 3.4562858459999993e-14
100897.85714 3.4753407599999996e-14
102394.28571 3.4852522080000005e-14
103912.85714 3.8157166009999996e-14
105454.28571 4.635606627000001e-14
107018.57143 3.6574739549999996e-14
108605.71429 3.6318225e-14
110216.42857 3.663701745000001e-14
111851.42857 3.7361339139999994e-14
113510.71429 3.7788422359999996e-14
115194.28571 3.855591859e-14
116902.85714 1.0782065510000001e-12
118636.42857 3.895557959e-14
120395.71429 3.955659236e-14
122181.42857 4.063473486e-14
123993.57143 4.09201346e-14
125832.85714 5.2759260050000006e-14
127699.28571 4.382710549e-14
129592.85714 4.261222309e-14
131514.28571 4.306367529e-14
133464.28571 4.38758711e-14
135443.57143 4.479692232000001e-14
137452.14286 4.498020568e-14
139490.0 4.5851775649999996e-14
141558.57143 4.711054301e-14
143657.85714 4.728557656999999e-14
145787.85714 8.928094112e-13
147949.28571 5.57142989e-14
150142.85714 4.9615503119999996e-14
152369.28571 5.0974024929999996e-14
154628.57143 5.139527083e-14
156921.42857 5.341359082000001e-14
159248.57143 5.3996336640000007e-14
161610.0 5.485676669e-14
164006.42857 5.611190724e-14
166438.57143 5.925213411999999e-14
168906.42857 6.067822849e-14
171410.71429 5.866080974000001e-14
173952.14286 6.05611596e-14
176531.42857 4.898633832e-13
179149.28571 6.279545449000001e-14
181805.71429 6.380049042999999e-14
184501.42857 6.465323046000001e-14
187237.14286 6.651622234000001e-14
190013.57143 6.729308447e-14
192831.42857 6.760561537999999e-14
195690.71429 6.937039300000001e-14
198592.14286 6.96267419e-14
201536.42857 7.174577697000002e-14
204524.28571 4.2114302879999997e-13
207556.42857 7.453435165e-14
210633.57143 7.504753222999999e-14
213756.42857 7.564404806e-14
216925.71429 7.672460807000001e-14
220142.14286 7.761664464000001e-14
223406.42857 7.905904097e-14
226719.28571 7.960024093e-14
230080.71429 8.21927461e-14
233492.14286 4.653011069000001e-13
236954.28571 8.245467713999999e-14
240467.14286 8.264522812e-14
244032.14286 8.367795571000001e-14
247650.0 8.367826136999999e-14
251321.42857 8.632234523e-14
255047.85714 8.439288061999998e-14
258830.0 8.471159118000001e-14
262667.85714 3.7983489669999996e-13
266562.14286 8.420444947e-14
270514.28571 8.473548025000001e-14
274525.0 8.608055367999999e-14
278595.0 8.495878241999999e-14
282725.71429 9.123402341e-14
286917.85714 8.218251671e-14
291172.14286 3.2801555899999997e-13
295489.28571 8.143620740999999e-14
299870.0 7.85168793e-14
304315.71429 7.77236683e-14
308827.85714 7.565847111000001e-14
313407.14286 7.849630245999999e-14
318054.28571 7.360432197999999e-14
322770.0 5.615265483e-13
327555.0 7.007658021e-14
332410.71429 6.764249572e-14
337338.57143 6.738139325000001e-14
342340.0 6.665676563999999e-14
347415.71429 6.403568478000001e-14
352566.42857 1.434325123e-13
357793.57143 5.832224366e-14
363098.57143 5.604902623999999e-14
368482.14286 5.4108110150000003e-14
373945.0 5.405487261e-14
379488.57143 1.358452263e-13
385114.28571 4.903761482e-14
390823.57143 4.666611567e-14
396617.85714 4.5695675939999996e-14
402497.85714 4.3461993179999996e-14
408465.0 6.018659022e-14
414520.71429 3.9695787030000007e-14
420666.42857 3.869396875e-14
426903.57143 3.6522480730000005e-14
433232.85714 3.456963866e-14
439655.71429 4.573958531000001e-14
446173.57143 3.256305004000001e-14
452787.85714 3.039937352999999e-14
459500.71429 2.966196692e-14
466313.57143 3.1880866359999994e-14
473227.14286 2.6784930760000003e-14
480242.85714 2.567653364e-14
487362.85714 2.444965898e-14
494588.57143 2.6223479329999998e-14
501920.71429 2.237066094e-14
509361.42857 2.141515729e-14
516912.85714 2.027640914e-14
524576.42857 2.007273032e-14
532353.57143 1.8487863300000002e-14
540245.71429 1.7744776700000003e-14
548255.0 1.686385451e-14
556382.85714 1.8150970849999997e-14
564630.71429 1.5785341900000004e-14
573001.42857 1.4999306190000003e-14
581496.42857 1.465061652e-14
590117.14286 1.3569737040000001e-14
598865.71429 1.2895956110000001e-14
607743.57143 1.236584083e-14
616752.85714 1.283262405e-14
625895.71429 1.1223887829999999e-14
635174.28571 1.087033492e-14
644590.71429 1.1253235079999999e-14
654146.42857 1.0033556690999999e-14
663843.57143 9.552400754999999e-15
673685.0 1.0918652249999999e-14
683672.85714 8.760929347999998e-15
693808.57143 8.597657491e-15
704094.28571 8.926211383999998e-15
714532.14286 7.607267134e-15
725125.0 7.444655159000001e-15
735875.0 8.386011053e-15
746784.28571 6.578326244e-15
757855.71429 6.977588991999999e-15
769090.71429 5.9377974859999996e-15
780492.14286 5.787234008e-15
792062.85714 6.676034037e-15
803805.0 5.157017687999999e-15
815721.42857 5.565842707e-15
827814.28571 4.7607269779999995e-15
840086.42857 4.579947200999999e-15
852540.71429 5.470594085e-15
865179.28571 4.162882287e-15
878005.0 4.298554199e-15
891020.71429 3.796033635e-15
904229.28571 4.498919204e-15
917633.57143 3.5085116139999997e-15
931237.14286 3.5422363499999996e-15
945042.85714 3.1983488249999994e-15
959052.85714 3.81976533e-15
973270.71429 2.9447052570000004e-15
987699.28571 2.8368445880000007e-15
1002341.4286 2.839327132e-15
1017200.7143 3.289718198e-15
1032280.0 2.4938346510000004e-15
1047582.8571 2.584710323e-15
1063112.8571 2.288042821e-15
1078872.8571 2.823858351e-15
1094866.4286 2.097177939e-15
1111097.1429 2.2249226780000003e-15
1127568.5714 1.9507151689999996e-15
1144284.2857 2.430960133e-15
1161247.8571 1.783997729e-15
1178462.8571 1.902194662e-15
1195932.8571 2.1208321859999997e-15
1213662.1429 1.569125593e-15
1231654.2857 1.6649040489999998e-15
1249912.8571 1.812204674e-15
1268442.1429 1.392211774e-15
1287246.4286 1.4676129960000004e-15
1306329.2857 1.284498574e-15
1325695.0 1.5021625180000002e-15
1345347.8571 1.27633458e-15
1365292.1429 1.14129643e-15
1385532.1429 1.2742806599999998e-15
1406072.1429 1.1321273999999998e-15
1426916.4286 1.165678174e-15
1448069.2857 9.756182819e-16
1469535.7143 1.001239647e-15
1491320.7143 1.0568123710000002e-15
1513428.5714 9.347452846000001e-16
1535863.5714 8.268420418e-16
1558631.4286 9.704515979000001e-16
1581737.1429 8.366162812000001e-16
1605185.7143 9.173150717e-16
1628982.1429 7.723686832000001e-16
1653130.7143 6.826910275999999e-16
1677637.1429 8.394018235e-16
1702507.1429 6.821388315000002e-16
1727745.7143 7.821974244999999e-16
1753358.5714 6.306923771e-16
1779351.4286 7.277210933e-16
1805729.2857 5.836042788000001e-16
1832497.8571 6.703512638e-16
1859663.5714 5.073610693000001e-16
1887232.1429 5.365153835000001e-16
1915209.2857 6.070607794e-16
1943600.7143 5.096298009000001e-16
1972412.8571 5.722856033e-16
2001652.1429 4.858199934999999e-16
2031325.0 5.395349912e-16
2061437.8571 4.561394062999999e-16
2091997.1429 4.968147497e-16
2123009.2857 5.302437678999999e-16
2154480.7143 3.9766893140000003e-16
2186418.5714 4.3410206779999997e-16
2218830.0 3.6420252269999998e-16
2251722.1429 4.1793523e-16
2285102.1429 3.340283715e-16
2318977.1429 4.0155747219999997e-16
2353354.2857 3.119319945e-16
2388240.7143 4.210337552e-16
2423644.2857 3.895495179e-16
2459572.8571 2.8426084160000004e-16
2496034.2857 3.704653029e-16
2533036.4286 3.8128001489999995e-16
2570587.1429 2.643056732e-16
2608694.2857 3.1796524609999996e-16
2647365.7143 3.417483377e-16
2686610.7143 2.484218553e-16
2726437.8571 2.928127624e-16
2766855.0 3.405961731e-16
2807871.4286 2.363377765e-16
2849495.7143 3.4387966830000005e-16
2891737.1429 3.020822477e-16
2934605.0 2.1607255240000004e-16
2978107.8571 3.4159605720000003e-16
3022255.7143 3.4010411879999997e-16
3067057.8571 3.1464709060000004e-16
3112524.2857 3.651128462e-16
3158665.0 1.991432026e-16
3205489.2857 4.245237789e-16
3253007.8571 3.767771787e-16
3301230.7143 5.285273155e-16
3350168.5714 6.279504170999999e-16
3399832.1429 3.1595322800000006e-16
3450231.4286 7.369588246999999e-16
3501377.8571 8.526780796e-16
3553282.8571 8.623671171999999e-16
3605957.1429 7.247859328000001e-16
3659412.1429 4.313721398000001e-16
3713660.0 3.837205208e-16
3768712.1429 2.645656545e-16
3824580.0 1.9369013700000001e-16
3881275.7143 1.505318252e-16
3938812.1429 1.2722165189999999e-16
3997201.4286 1.1398957449999997e-16
4056456.4286 1.0591716269999998e-16
4116590.0 9.936292033000001e-17
4177615.0 9.384957728999999e-17
4239544.2857 8.941147513e-17
4302391.4286 8.685971728e-17
4366170.7143 8.275489984e-17
4430895.0 8.074196201000001e-17
4496578.5714 7.939518259e-17
4563236.4286 7.831996238e-17
4630882.1429 7.559621564999999e-17
4699530.0 7.447345709999999e-17
4769195.7143 7.325391853e-17
4839894.2857 7.29007095e-17
4911640.7143 7.253580677999999e-17
4973888.5714 7.181092586e-17
