# F_set      Vpp_set   F0           Vpp0   OVL0 RNG0  F1           Vpp1   OVL1 RNG1
1.000000e+03 0.196078  1.000004e+03 0.985658 0 1e+00  1.000004e+03 0.193151 0 1e+00
1.086477e+03 0.196078  1.086474e+03 0.985682 0 1e+00  1.086474e+03 0.193114 0 2e-01
1.180433e+03 0.196078  1.180423e+03 0.985540 0 1e+00  1.180423e+03 0.193085 0 2e-01
1.282513e+03 0.196078  1.282504e+03 0.985264 0 1e+00  1.282504e+03 0.193027 0 2e-01
1.393421e+03 0.196078  1.393385e+03 0.985350 0 1e+00  1.393385e+03 0.193040 0 2e-01
1.513920e+03 0.196078  1.513917e+03 0.985290 0 1e+00  1.513917e+03 0.193030 0 2e-01
1.644840e+03 0.196078  1.644808e+03 0.985214 0 1e+00  1.644808e+03 0.193008 0 2e-01
1.787081e+03 0.196078  1.787082e+03 0.985238 0 1e+00  1.787082e+03 0.193009 0 2e-01
1.941623e+03 0.196078  1.941606e+03 0.985368 0 1e+00  1.941606e+03 0.193027 0 2e-01
2.109529e+03 0.196078  2.109527e+03 0.985156 0 1e+00  2.109528e+03 0.192984 0 2e-01
2.291955e+03 0.196078  2.291920e+03 0.985072 0 1e+00  2.291920e+03 0.192955 0 2e-01
2.490156e+03 0.196078  2.490121e+03 0.984994 0 1e+00  2.490121e+03 0.192935 0 2e-01
2.705498e+03 0.196078  2.705499e+03 0.985100 0 1e+00  2.705499e+03 0.192949 0 2e-01
2.939462e+03 0.196078  2.939464e+03 0.984998 0 1e+00  2.939464e+03 0.192922 0 2e-01
3.193658e+03 0.196078  3.193593e+03 0.985136 0 1e+00  3.193593e+03 0.192930 0 2e-01
3.469836e+03 0.196078  3.469837e+03 0.985128 0 1e+00  3.469837e+03 0.192920 0 2e-01
3.769898e+03 0.196078  3.769793e+03 0.985348 0 1e+00  3.769793e+03 0.192949 0 2e-01
4.095908e+03 0.196078  4.095803e+03 0.985204 0 1e+00  4.095803e+03 0.192904 0 2e-01
4.450111e+03 0.196078  4.450084e+03 0.985270 0 1e+00  4.450084e+03 0.192895 0 2e-01
4.834943e+03 0.196078  4.834816e+03 0.985326 0 1e+00  4.834816e+03 0.192883 0 2e-01
5.253056e+03 0.196078  5.252975e+03 0.985646 0 1e+00  5.252975e+03 0.192925 0 2e-01
5.707325e+03 0.196078  5.707244e+03 0.985720 0 1e+00  5.707244e+03 0.192904 0 2e-01
6.200878e+03 0.196078  6.200892e+03 0.985750 0 1e+00  6.200891e+03 0.192873 0 2e-01
6.737112e+03 0.196078  6.737040e+03 0.986180 0 1e+00  6.737041e+03 0.192925 0 2e-01
7.319719e+03 0.196078  7.319552e+03 0.986882 0 1e+00  7.319552e+03 0.193017 0 2e-01
7.952707e+03 0.196078  7.952684e+03 0.987032 0 1e+00  7.952684e+03 0.193000 0 2e-01
8.640435e+03 0.196078  8.640349e+03 0.987102 0 1e+00  8.640348e+03 0.192964 0 2e-01
9.387635e+03 0.196078  9.387489e+03 0.987596 0 1e+00  9.387487e+03 0.192993 0 2e-01
1.019945e+04 0.196078  1.019928e+04 0.988250 0 1e+00  1.019928e+04 0.193050 0 2e-01
1.108147e+04 0.196078  1.108150e+04 0.988760 0 1e+00  1.108150e+04 0.193069 0 2e-01
1.203976e+04 0.196078  1.203976e+04 0.989536 0 1e+00  1.203976e+04 0.193128 0 2e-01
1.308093e+04 0.196078  1.308059e+04 0.990340 0 1e+00  1.308059e+04 0.193184 0 2e-01
1.421213e+04 0.196078  1.421214e+04 0.991092 0 1e+00  1.421214e+04 0.193188 0 2e-01
1.544116e+04 0.196078  1.544119e+04 0.991726 0 1e+00  1.544119e+04 0.193160 0 2e-01
1.677646e+04 0.196078  1.677620e+04 0.992412 0 1e+00  1.677620e+04 0.193137 0 2e-01
1.822724e+04 0.196078  1.822731e+04 0.993452 0 1e+00  1.822730e+04 0.193071 0 2e-01
1.980348e+04 0.196078  1.980307e+04 0.994632 0 1e+00  1.980307e+04 0.193068 0 2e-01
2.151603e+04 0.196078  2.151550e+04 0.996038 0 1e+00  2.151550e+04 0.193052 0 2e-01
2.337668e+04 0.196078  2.337673e+04 0.997504 0 1e+00  2.337673e+04 0.193013 0 2e-01
2.539823e+04 0.196078  2.539826e+04 0.999588 0 1e+00  2.539825e+04 0.193057 0 2e-01
2.759459e+04 0.196078  2.759454e+04 1.001790 0 1e+00  2.759451e+04 0.193052 0 2e-01
2.998090e+04 0.196078  2.998023e+04 1.002626 0 2e+00  2.998024e+04 0.193048 0 2e-01
3.257356e+04 0.196078  3.257350e+04 1.005162 0 2e+00  3.257350e+04 0.193112 0 2e-01
3.539043e+04 0.196078  3.538972e+04 1.008610 0 2e+00  3.538975e+04 0.193143 0 2e-01
3.845089e+04 0.196078  3.845054e+04 1.012214 0 2e+00  3.845051e+04 0.193138 0 2e-01
4.177601e+04 0.196078  4.177561e+04 1.016252 0 2e+00  4.177571e+04 0.193143 0 2e-01
4.538868e+04 0.196078  4.538873e+04 1.020970 0 2e+00  4.538869e+04 0.193150 0 2e-01
4.931377e+04 0.196078  4.931332e+04 1.026646 0 2e+00  4.931339e+04 0.193209 0 2e-01
5.357828e+04 0.196078  5.357699e+04 1.033188 0 2e+00  5.357696e+04 0.193205 0 2e-01
5.821158e+04 0.196078  5.821171e+04 1.040980 0 2e+00  5.821177e+04 0.193260 0 2e-01
6.324555e+04 0.196078  6.324425e+04 1.049910 0 2e+00  6.324404e+04 0.193325 0 2e-01
6.871485e+04 0.196078  6.871355e+04 1.060406 0 2e+00  6.871336e+04 0.193339 0 2e-01
7.465711e+04 0.196078  7.465524e+04 1.072516 0 2e+00  7.465534e+04 0.193358 0 2e-01
8.111325e+04 0.196078  8.111204e+04 1.086378 0 2e+00  8.111232e+04 0.193358 0 2e-01
8.812769e+04 0.196078  8.812672e+04 1.101886 0 2e+00  8.812695e+04 0.193461 0 2e-01
9.574872e+04 0.196078  9.574820e+04 1.120956 0 2e+00  9.574855e+04 0.193422 0 2e-01
1.040288e+05 0.196078  1.040262e+05 1.142782 0 2e+00  1.040266e+05 0.193465 0 2e-01
1.130249e+05 0.196078  1.130252e+05 1.167180 0 2e+00  1.130248e+05 0.193336 0 2e-01
1.227990e+05 0.196078  1.227995e+05 1.194968 0 2e+00  1.227993e+05 0.193531 0 2e-01
1.334183e+05 0.196078  1.334151e+05 1.225868 0 2e+00  1.334157e+05 0.193528 0 2e-01
1.449559e+05 0.196078  1.449535e+05 1.259102 0 2e+00  1.449530e+05 0.193540 0 2e-01
1.574913e+05 0.196078  1.574878e+05 1.294172 0 2e+00  1.574894e+05 0.193523 0 2e-01
1.711107e+05 0.196078  1.711108e+05 1.328604 0 2e+00  1.711116e+05 0.193577 0 2e-01
1.859079e+05 0.196078  1.859073e+05 1.359302 0 2e+00  1.859084e+05 0.193551 0 2e-01
2.019847e+05 0.196078  2.019845e+05 1.381562 0 2e+00  2.019807e+05 0.193644 0 2e-01
2.194517e+05 0.196078  2.194520e+05 1.386680 0 2e+00  2.194476e+05 0.193602 0 2e-01
2.384293e+05 0.196078  2.384296e+05 1.370688 0 2e+00  2.384262e+05 0.193583 0 2e-01
2.590480e+05 0.196078  2.590492e+05 1.325036 0 2e+00  2.590430e+05 0.193524 0 2e-01
2.814497e+05 0.196078  2.814482e+05 1.252052 0 2e+00  2.814429e+05 0.193514 0 2e-01
3.057887e+05 0.196078  3.057819e+05 1.155678 0 2e+00  3.057893e+05 0.193533 0 2e-01
3.322324e+05 0.196078  3.322256e+05 1.045272 0 2e+00  3.322343e+05 0.193448 0 2e-01
3.609629e+05 0.196078  3.609639e+05 0.930648 0 2e+00  3.609538e+05 0.193469 0 2e-01
3.921780e+05 0.196078  3.921677e+05 0.831202 0 1e+00  3.921796e+05 0.193333 0 2e-01
4.260924e+05 0.196078  4.260884e+05 0.726210 0 1e+00  4.260867e+05 0.193335 0 2e-01
4.629397e+05 0.196078  4.629405e+05 0.632082 0 1e+00  4.629314e+05 0.193233 0 2e-01
5.029734e+05 0.196078  5.029605e+05 0.550092 0 1e+00  5.029754e+05 0.193163 0 2e-01
5.464691e+05 0.196078  5.464606e+05 0.478198 0 1e+00  5.464611e+05 0.193016 0 2e-01
5.937262e+05 0.196078  5.937105e+05 0.414692 0 5e-01  5.937288e+05 0.192902 0 2e-01
6.450699e+05 0.196078  6.450701e+05 0.361226 0 5e-01  6.450535e+05 0.192706 0 2e-01
7.008537e+05 0.196078  7.008487e+05 0.315506 0 5e-01  7.008368e+05 0.192602 0 2e-01
7.614616e+05 0.196078  7.614525e+05 0.276036 0 5e-01  7.614488e+05 0.192341 0 2e-01
8.273106e+05 0.196078  8.273167e+05 0.241726 0 5e-01  8.272923e+05 0.192266 0 2e-01
8.988541e+05 0.196078  8.988507e+05 0.212668 0 5e-01  8.988475e+05 0.191814 0 2e-01
9.765844e+05 0.196078  9.765646e+05 0.187725 0 5e-01  9.765689e+05 0.191375 0 2e-01
1.061037e+06 0.196078  1.061014e+06 0.165481 0 2e-01  1.061025e+06 0.190915 0 2e-01
1.152792e+06 0.196078  1.152783e+06 0.146439 0 2e-01  1.152760e+06 0.190608 0 2e-01
1.252482e+06 0.196078  1.252459e+06 0.130053 0 2e-01  1.252487e+06 0.189712 0 2e-01
1.360793e+06 0.196078  1.360756e+06 0.115661 0 2e-01  1.360798e+06 0.188839 0 2e-01
1.478471e+06 0.196078  1.478450e+06 0.103090 0 2e-01  1.478440e+06 0.188352 0 2e-01
1.606325e+06 0.196078  1.606335e+06 0.092009 0 2e-01  1.606283e+06 0.187516 0 2e-01
1.745235e+06 0.196078  1.745222e+06 0.082111 0 1e-01  1.745220e+06 0.186490 0 2e-01
1.896158e+06 0.196078  1.896107e+06 0.073621 0 1e-01  1.896134e+06 0.184745 0 2e-01
2.060133e+06 0.196078  2.060142e+06 0.065973 0 1e-01  2.060077e+06 0.183521 0 2e-01
2.238287e+06 0.196078  2.238252e+06 0.059268 0 1e-01  2.238224e+06 0.181280 0 2e-01
2.431848e+06 0.196078  2.431823e+06 0.052997 0 1e-01  2.431879e+06 0.179350 0 2e-01
2.642147e+06 0.196078  2.642078e+06 0.047603 0 1e-01  2.642101e+06 0.176698 0 2e-01
2.870632e+06 0.196078  2.870524e+06 0.042046 0 5e-02  2.870608e+06 0.174087 0 2e-01
3.118877e+06 0.196078  3.118830e+06 0.037510 0 5e-02  3.118765e+06 0.171040 0 2e-01
3.388588e+06 0.196078  3.388443e+06 0.033427 0 5e-02  3.388521e+06 0.167481 0 2e-01
3.681624e+06 0.196078  3.681728e+06 0.029401 0 5e-02  3.681553e+06 0.164384 0 2e-01
4.000000e+06 0.196078  3.999790e+06 0.026015 0 5e-02  3.999780e+06 0.158892 0 2e-01
