# freq [Hz]  noise density [V^2/Hz]
1.4285714286 5.773699525e-9
4.2857142857 2.4673227147e-12
5.7142857143 1.6247692200700002e-12
7.1428571429 6.9873486928e-13
8.5714285714 1.38312190125e-12
10.0 1.0250070699100003e-12
11.428571429 1.3936342975000001e-12
12.857142857 6.546304158999999e-13
14.285714286 6.585610286999999e-13
15.714285714 4.5714012888e-13
17.142857143 5.035690865800001e-13
18.571428571 1.2627304170099996e-12
20.0 7.921558214099999e-13
21.428571429 4.5463871006999997e-13
22.857142857 7.416240575599999e-13
24.285714286 2.42936232903e-13
25.714285714 4.4925963862999994e-13
27.142857143 4.0256727221999996e-13
28.571428571 2.4111419894e-13
30.0 3.5858190512000006e-13
31.428571429 3.5441105039e-13
32.857142857 2.2539883824900002e-13
34.285714286 2.5503516609000003e-13
35.714285714 4.557193443e-13
37.142857143 3.662677291e-13
38.571428571 2.3601262076e-13
40.0 3.348127901e-13
41.428571429 2.4286163021420005e-13
42.857142857 2.51541019467e-13
44.285714286 2.5071144203999995e-13
45.714285714 1.9777902882000002e-13
47.142857143 4.2472285487999995e-13
48.571428571 3.0856546090099997e-13
50.0 2.259182154e-9
51.428571429 3.00410356832e-13
52.857142857 3.3670092350999997e-13
54.285714286 1.34335844724e-13
55.714285714 2.6508690144000004e-13
57.142857143 1.5964347627300002e-13
58.571428571 2.1201865370589992e-13
60.0 6.826153291e-11
61.428571429 2.8083049856e-13
62.857142857 2.5842791996e-13
64.285714286 2.4897666591000003e-13
65.714285714 1.3566906015000003e-13
67.142857143 2.3378974534000003e-13
68.571428571 1.02858796909e-13
70.0 1.8177280955999997e-13
71.428571429 1.5959376447000003e-13
72.857142857 1.9213332612e-13
74.285714286 1.7527747778e-13
75.714285714 1.285084516117e-13
77.142857143 7.580326517e-14
78.571428571 1.9503441427500002e-13
80.0 1.9855737267e-13
81.428571429 1.1691126240400002e-13
82.857142857 1.4413413148000003e-13
84.285714286 7.4052778717e-14
85.714285714 1.5935308832e-13
87.142857143 1.0995307620000001e-13
88.571428571 1.1198824948120001e-13
90.0 1.0531499652500001e-13
91.428571429 2.6121441606e-13
92.857142857 1.2442757699e-13
94.285714286 2.6767968313999995e-13
95.714285714 1.1002256486799999e-13
97.142857143 1.7268832585e-13
99.285714286 7.315492618e-13
102.14285714 1.3998101088999997e-13
105.0 1.5511848439e-13
107.85714286 1.4854188013e-13
110.71428571 1.4568371677099999e-13
113.57142857 8.954030688e-14
116.42857143 1.8025442431e-13
119.28571429 1.3137784050000001e-11
122.14285714 1.0791988588999999e-13
125.0 1.4032200791e-13
127.85714286 1.6487106835999999e-13
130.71428571 1.4386392319000003e-13
133.57142857 6.057206600000001e-14
136.42857143 1.5749198844e-13
139.28571429 1.442114767e-13
142.14285714 1.2647154610000002e-13
145.0 1.0846406363000001e-13
147.85714286 1.2181177402000002e-13
150.71428571 4.309417159e-13
153.57142857 9.476149544999999e-14
156.42857143 1.2167674777999997e-13
159.28571429 1.0612875459999999e-13
162.14285714 1.1923479996000001e-13
165.0 1.2477754265e-13
167.85714286 1.0882793481999999e-13
170.71428571 1.3906445676999998e-13
173.57142857 5.892603938000001e-14
176.42857143 1.032845284e-13
179.28571429 1.7321283226000001e-12
182.14285714 9.02996919e-14
185.0 1.4738897419e-13
187.85714286 9.607616478e-14
190.71428571 9.107864377999999e-14
193.57142857 8.844483165e-14
197.14285714 8.145044192e-14
201.42857143 1.1086759786999999e-13
205.71428571 1.0370164122e-13
210.0 9.982511169e-14
214.28571429 1.0518568537999998e-13
218.57142857 8.961385148e-14
222.85714286 1.2029147287999999e-13
227.14285714 1.0539656222e-13
231.42857143 1.43055692e-13
235.71428571 8.112204175e-14
240.0 1.755780652e-12
244.28571429 1.3511872749e-13
248.57142857 1.348015931e-13
252.85714286 8.537503256999999e-14
257.14285714 8.833339492000001e-14
261.42857143 7.84944348e-14
265.71428571 5.960300224999999e-14
270.0 8.190988752000001e-14
274.28571429 6.702460499000001e-14
278.57142857 7.668357166000001e-14
282.85714286 1.1927263176e-13
287.14285714 1.1760337286e-13
291.42857143 7.501783124e-14
296.42857143 8.735674282e-14
302.14285714 4.4132070839999997e-13
307.85714286 1.1366183914e-13
313.57142857 9.612178068999999e-14
319.28571429 9.182399522e-14
325.0 9.164285763e-14
330.71428571 7.042107111e-14
336.42857143 7.601323495e-14
342.14285714 8.737700256999999e-14
347.85714286 5.159189816e-12
353.57142857 1.1955949798e-13
359.28571429 5.7368665501e-13
365.0 9.191429864e-14
370.71428571 7.153311671e-14
376.42857143 5.6431254749999996e-14
382.14285714 9.097658223e-14
387.85714286 9.00478675e-14
394.28571429 1.0084753550999999e-13
401.42857143 8.746057907e-14
408.57142857 8.172959591999999e-14
415.71428571 7.842513698e-14
422.85714286 1.7814427543999999e-13
430.0 6.502890210000001e-14
437.14285714 9.118374818e-14
444.28571429 8.811574671999999e-14
451.42857143 7.022437142e-13
458.57142857 7.831784721e-14
465.71428571 9.554592445e-14
472.85714286 7.27037086e-14
480.0 1.7939119034e-13
487.85714286 7.415265889e-14
496.42857143 8.947938759e-14
505.0 9.541741829999999e-14
513.57142857 9.002800349e-14
522.14285714 7.901185989999999e-14
530.71428571 7.683819234e-14
539.28571429 3.1973829025e-13
547.85714286 7.712146574999999e-13
556.42857143 9.112646134999999e-14
565.0 8.204689647000001e-14
573.57142857 8.739827762e-14
582.14285714 6.713399575e-14
591.42857143 7.407950235e-14
601.42857143 1.1019393193e-12
611.42857143 7.768993943e-14
621.42857143 7.48831203e-14
631.42857143 9.236996584000001e-14
641.42857143 7.294550643e-14
651.42857143 9.475467035e-13
661.42857143 3.7529727370000006e-13
671.42857143 7.906820301000002e-14
682.14285714 8.822054425000001e-14
693.57142857 7.002814934999999e-14
705.0 7.162413595e-14
716.42857143 1.2499168933e-13
727.85714286 8.588274026e-14
739.28571429 7.444499511999999e-14
750.71428571 2.0605572979999996e-13
762.14285714 7.163484206999999e-14
773.57142857 7.352224391e-14
785.71428571 9.575203125e-14
798.57142857 8.330143209999999e-14
811.42857143 7.459416048e-14
824.28571429 6.158970197000001e-14
837.14285714 9.190787754000001e-14
850.0 8.888944544999999e-14
862.85714286 9.131181928e-14
876.42857143 6.259439329e-14
890.71428571 7.182949353e-14
905.0 1.0380264309e-13
919.28571429 7.365050838e-14
933.57142857 8.770406697e-14
947.85714286 4.1699160899999995e-13
962.14285714 1.1579777358e-13
977.14285714 8.259852485999999e-14
992.85714286 8.804234508e-14
1008.5714286 7.057707099999999e-14
1024.2857143 9.784401662e-14
1040.0 7.486321211e-14
1055.7142857 8.801208576e-14
1072.1428571 1.4411948160000001e-13
1089.2857143 7.493280142e-14
1106.4285714 7.643797075000001e-14
1123.5714286 8.905089058000001e-14
1140.7142857 9.647168329000001e-14
1157.8571429 1.3089309230000003e-13
1175.7142857 6.792507738000001e-14
1194.2857143 8.868969350000001e-14
1212.8571429 6.666345160000001e-14
1231.4285714 7.480802116000001e-14
1250.0 3.142265408e-13
1269.2857143 8.276266497999999e-14
1289.2857143 7.812301927000001e-14
1309.2857143 6.983430568e-14
1329.2857143 8.085915187999999e-14
1349.2857143 8.273949163999999e-14
1370.0 8.523072669e-14
1391.4285714 7.01915418e-14
1412.8571429 7.32107432e-14
1434.2857143 7.956585031e-14
1455.7142857 7.984310679999999e-14
1477.8571429 7.300464206e-14
1500.7142857 7.269758903000001e-14
1523.5714286 7.21385148e-14
1546.4285714 1.2165944868999998e-13
1570.0 7.494967751e-14
1594.2857143 7.668059265e-14
1618.5714286 6.92133195e-14
1642.8571429 8.346477462e-14
1667.8571429 7.719330782000001e-14
1693.5714286 7.378607094999999e-14
1719.2857143 7.110183807999999e-14
1745.0 8.420392074e-14
1771.4285714 6.154662188000001e-14
1798.5714286 7.032909716000001e-14
1825.7142857 6.922231268000001e-14
1853.5714286 1.0411325265e-13
1882.1428571 6.878198577e-14
1910.7142857 7.099878963e-14
1939.2857143 8.188310553000001e-14
1968.5714286 7.478075164000001e-14
1998.5714286 7.078151181000002e-14
2028.5714286 7.370001356000001e-14
2059.2857143 6.174764706e-14
2090.7142857 7.147252924e-14
2122.1428571 6.887076866e-14
2154.2857143 7.233896406000001e-14
2187.1428571 7.632577414e-14
2220.0 7.287090114e-14
2253.5714286 7.463108726e-14
2287.8571429 7.505524622e-14
2322.1428571 6.471329295e-14
2357.1428571 7.502186210000001e-14
2392.8571429 6.882316409999999e-14
2429.2857143 6.239715312e-14
2466.4285714 7.040426442e-14
2503.5714286 7.868350595e-14
2541.4285714 8.415025728000002e-14
2580.0 7.152015553000001e-14
2618.5714286 7.500982166e-14
2657.8571429 7.909978322e-14
2697.8571429 7.064890714e-14
2738.5714286 6.815469628e-14
2780.0 7.239443126e-14
2822.1428571 7.759905577e-14
2865.0 7.191331038000001e-14
2907.8571429 7.383366074e-14
2951.4285714 7.358850815e-14
2995.7142857 6.973422237e-14
3040.7142857 7.315469146e-14
3086.4285714 7.01364049e-14
3132.8571429 6.618480928e-14
3180.0 6.887930065999999e-14
3227.8571429 7.097916029e-14
3276.4285714 6.458521312e-14
3325.7142857 6.73834274e-14
3375.7142857 7.046135874e-14
3426.4285714 7.306583873000001e-14
3477.8571429 6.659673878000001e-14
3530.0 7.288025653e-14
3582.8571429 7.350745057e-14
3636.4285714 6.843915863e-14
3691.4285714 6.472649149e-14
3747.1428571 7.079433725999999e-14
3803.5714286 6.874460825999999e-14
3860.7142857 6.789846745000001e-14
3918.5714286 7.237896207e-14
3977.1428571 7.478378239e-14
4036.4285714 7.169036179e-14
4097.1428571 7.063039474e-14
4158.5714286 7.287309326e-14
4220.7142857 6.784319331999999e-14
4284.2857143 6.787239246e-14
4348.5714286 7.375861581000001e-14
4413.5714286 6.844189718e-14
4480.0 6.41997456e-14
4547.1428571 7.157607029000001e-14
4615.0 6.326498371e-14
4684.2857143 6.598717725000001e-14
4754.2857143 6.550850074e-14
4825.0 7.1126908e-14
4897.1428571 6.558868865e-14
4970.7142857 7.062129799000001e-14
5045.0 8.095611686999999e-14
5120.0 6.553793617e-14
5196.4285714 6.282700257e-14
5274.2857143 6.78984625e-14
5353.5714286 7.17149289e-14
5433.5714286 7.620306009e-14
5514.2857143 7.487320131999999e-14
5596.4285714 7.083220550000001e-14
5680.0 6.182218175000001e-14
5765.0 6.897478945e-14
5851.4285714 6.899201337e-14
5939.2857143 6.88334562e-14
6028.5714286 6.878908652e-14
6119.2857143 6.367992125e-14
6210.7142857 6.913899572999999e-14
6302.8571429 6.760126443999999e-14
6396.4285714 6.864510905e-14
6491.4285714 7.078441601000001e-14
6587.8571429 6.455659701000001e-14
6685.7142857 6.395701276e-14
6785.0 6.819967123999999e-14
6885.7142857 7.340242486e-14
6987.8571429 7.126550069000001e-14
7092.1428571 6.322699458999999e-14
7198.5714286 6.449880498e-14
7306.4285714 7.027262881e-14
7415.7142857 6.754385966e-14
7526.4285714 6.663008601e-14
7638.5714286 7.707010871e-14
7752.1428571 6.599296696000001e-14
7867.8571429 6.963418382000001e-14
7985.7142857 6.995697942e-14
8105.0 1.2889611687e-13
8225.7142857 1.590987848e-13
8347.8571429 8.942858598000001e-14
8472.1428571 7.105233674999998e-14
8598.5714286 6.831041601000001e-14
8726.4285714 6.73476519e-14
8856.4285714 7.032848650999999e-14
8988.5714286 6.620776023e-14
9122.1428571 6.354181821e-14
9257.8571429 6.970158575e-14
9395.7142857 6.35591764e-14
9535.7142857 7.1859091e-14
9677.8571429 7.564537917e-14
9822.1428571 8.933983583e-14
9968.5714286 4.821847164e-10
10117.142857 1.4370070559999998e-13
10267.857143 7.237870412e-14
10420.714286 7.263215182000001e-14
10575.714286 6.884276502000001e-14
10732.857143 6.888775245e-14
10892.857143 6.935334515e-14
11055.0 7.057035544e-14
11219.285714 6.548631312000001e-14
11386.428571 6.861042849e-14
11556.428571 7.071288441e-14
11728.571429 6.648518037e-14
11902.857143 6.647365850000001e-14
12080.0 6.746340063e-14
12260.0 6.911907139e-14
12442.857143 7.147790829e-14
12628.571429 6.985753471e-14
12817.142857 6.414132907e-14
13007.857143 6.731100522999999e-14
13200.714286 6.918648867999999e-14
13396.428571 6.622332586e-14
13595.714286 6.663487955999999e-14
13798.571429 6.367455063e-14
14004.285714 6.667456776999999e-14
14212.857143 6.716820244e-14
14424.285714 7.042749279000001e-14
14638.571429 6.128549133999999e-14
14856.428571 6.543758829000001e-14
15077.857143 7.128296242e-14
15302.142857 7.254190239e-14
15529.285714 6.776070414e-14
15760.0 6.671834135000001e-14
15994.285714 7.145724410999999e-14
16232.142857 1.0089849403e-13
16473.571429 1.2920506620000002e-13
16718.571429 7.753148675e-14
16967.142857 6.835768059e-14
17219.285714 6.969800132e-14
17475.0 6.733042665e-14
17734.285714 6.934538497e-14
17997.857143 6.653757043e-14
18265.714286 6.812870340000001e-14
18537.142857 6.874596001999999e-14
18812.142857 6.475586263e-14
19091.428571 6.786798337000001e-14
19375.0 6.775701433e-14
19662.857143 6.580532516e-14
19955.0 6.641364954999999e-14
20251.428571 6.74342251e-14
20552.142857 6.633800798000001e-14
20857.142857 7.087279872e-14
21167.142857 7.005257236e-14
21482.142857 6.858997652999999e-14
21801.428571 6.876895742000001e-14
22125.0 6.828341474999999e-14
22453.571429 6.607796800999999e-14
22787.142857 6.906568483000001e-14
23125.714286 6.963895091000001e-14
23469.285714 6.58078883e-14
23817.857143 6.673038890999999e-14
24171.428571 7.481914952e-14
24530.0 1.073126761e-13
24894.285714 8.754829521999999e-14
25264.285714 7.082896374e-14
25640.0 6.872724718e-14
26021.428571 6.925976726000001e-14
26408.571429 7.05186264e-14
26801.428571 6.61889235e-14
27200.0 6.901756802000001e-14
27604.285714 7.027110692999999e-14
28014.285714 6.948452244e-14
28430.0 7.11025145e-14
28852.142857 6.936473426e-14
29280.714286 1.9984642280000003e-12
29715.714286 7.260906681e-14
30157.142857 7.121773693000001e-14
30605.0 6.886811269e-14
31059.285714 6.806007528999999e-14
31520.0 6.990191559e-14
31987.857143 7.043052266000001e-14
32462.857143 7.914762665999999e-14
32945.0 8.983888268e-14
33434.285714 7.892909194000002e-14
33930.714286 7.113322434e-14
34434.285714 6.961789091e-14
34945.0 6.997577644999998e-14
35463.571429 7.006421694000001e-14
35990.0 7.379018128999999e-14
36524.285714 7.001453276000001e-14
37066.428571 6.981426593999999e-14
37616.428571 7.033148328e-14
38175.0 6.957814763000001e-14
38742.142857 6.72617486e-14
39317.142857 6.954213153000001e-14
39900.0 6.996517786000001e-14
40492.142857 7.693747495000001e-14
41093.571429 8.106772498e-14
41703.571429 9.324009222999999e-14
42322.142857 7.638268439e-14
42950.0 7.3175065e-14
43587.142857 7.068848452999999e-14
44233.571429 7.092217247000001e-14
44890.0 7.264006368e-14
45556.428571 7.533683916e-14
46232.857143 7.244637897e-14
46919.285714 7.067978991e-14
47615.714286 7.286736059e-14
48322.142857 7.684139677e-14
49039.285714 7.790526481e-14
49767.142857 7.741441691999999e-14
50505.714286 7.096828892e-14
51255.0 7.508196099e-14
52015.0 7.195565743e-14
52786.428571 7.299667541e-14
53569.285714 7.385387523e-14
54363.571429 7.385845014e-14
55170.0 7.176078729e-14
55988.571429 7.60852087e-14
56819.285714 7.604792701000001e-14
57662.142857 7.848581903e-14
58517.142857 2.021263936e-12
59385.0 7.548784141000001e-14
60265.714286 7.353348948e-14
61159.285714 7.515064611000001e-14
62066.428571 7.691432929e-14
62987.142857 1.3376841400000001e-13
63921.428571 8.002053357999999e-14
64870.0 8.025272168000001e-14
65832.857143 7.9135131e-14
66810.0 7.708950936e-14
67801.428571 7.981812871999999e-14
68807.142857 7.796425398999999e-14
69827.857143 7.754041799000001e-14
70863.571429 7.826598905999999e-14
71914.285714 7.816011019e-14
72980.714286 1.2195965205e-13
74062.857143 2.9675083335999996e-13
75161.428571 6.389827738399999e-13
76276.428571 4.4457008673e-13
77407.857143 2.3830475944e-13
78556.428571 9.379897368e-14
79722.142857 8.074244726e-14
80905.0 8.304125022000001e-14
82105.0 8.578296682e-14
83322.857143 1.522770967e-13
84558.571429 1.313150349e-13
85812.142857 1.7144718495e-13
87084.285714 5.186992457000001e-13
88375.714286 1.6582987199999997e-12
89686.428571 8.681207784999998e-14
91016.428571 8.384065659000001e-14
92366.428571 8.345691569000001e-14
93736.428571 8.314469532e-14
95126.428571 8.507856128999999e-14
96537.142857 8.648500492e-14
97969.285714 8.796672136e-14
99422.857143 8.899163300999999e-14
100897.85714 8.647245431e-14
102394.28571 8.674154264e-14
103912.85714 1.1261049655999997e-13
105454.28571 1.638440182e-13
107018.57143 9.206136695000002e-14
108605.71429 8.691884394e-14
110216.42857 8.665882137000001e-14
111851.42857 8.93761316e-14
113510.71429 9.529521716e-14
115194.28571 9.002083496e-14
116902.85714 2.326081304e-12
118636.42857 9.138803148000001e-14
120395.71429 8.828326104999999e-14
122181.42857 8.806919511e-14
123993.57143 8.878783387999999e-14
125832.85714 1.7233994329999998e-13
127699.28571 9.958659452999999e-14
129592.85714 8.852485864000001e-14
131514.28571 8.804477746e-14
133464.28571 8.804391653e-14
135443.57143 8.864569934e-14
137452.14286 8.821188101999999e-14
139490.0 8.913622744000001e-14
141558.57143 8.895485737e-14
143657.85714 9.001593018e-14
145787.85714 4.330268642e-12
147949.28571 1.3835719059999997e-13
150142.85714 9.030576013999999e-14
152369.28571 8.974635897000001e-14
154628.57143 8.902950694e-14
156921.42857 8.744380148999999e-14
159248.57143 8.882027360999999e-14
161610.0 8.907924567999998e-14
164006.42857 8.832318533e-14
166438.57143 1.0585915673000002e-13
168906.42857 1.0603703733000001e-13
171410.71429 8.948689469e-14
173952.14286 9.718593863e-14
176531.42857 1.9415706999999998e-12
179149.28571 8.758123361e-14
181805.71429 8.602101975e-14
184501.42857 8.617084008e-14
187237.14286 9.435951297999998e-14
190013.57143 9.512995019e-14
192831.42857 8.627572509000001e-14
195690.71429 8.516532637e-14
198592.14286 8.396511106e-14
201536.42857 8.412989125000001e-14
204524.28571 3.297208324e-12
207556.42857 8.615276383000001e-14
210633.57143 9.295423355999999e-14
213756.42857 8.044909943000001e-14
216925.71429 7.989976118999999e-14
220142.14286 7.846618346000001e-14
223406.42857 7.735364554e-14
226719.28571 7.743189279e-14
230080.71429 8.716381637e-14
233492.14286 1.699260884e-12
236954.28571 7.563409841e-14
240467.14286 7.355950759000001e-14
244032.14286 7.33427078e-14
247650.0 7.014158561000001e-14
251321.42857 8.43448427e-14
255047.85714 6.978421609000001e-14
258830.0 6.847180847999999e-14
262667.85714 2.6282650959999998e-12
266562.14286 6.67376978e-14
270514.28571 7.276462888e-14
274525.0 7.144571365e-14
278595.0 6.280670525e-14
282725.71429 7.055199766e-14
286917.85714 5.886810389e-14
291172.14286 1.6540893760000003e-12
295489.28571 7.092607011e-14
299870.0 5.574172986e-14
304315.71429 5.667679354e-14
308827.85714 5.2844153799999996e-14
313407.14286 8.164064681000002e-14
318054.28571 5.874139152e-14
322770.0 4.614805261e-12
327555.0 5.073611352e-14
332410.71429 5.056072128000001e-14
337338.57143 5.4697076130000004e-14
342340.0 6.194866504999998e-14
347415.71429 5.748538665e-14
352566.42857 8.997910833999999e-13
357793.57143 4.626750641e-14
363098.57143 3.984821100000001e-14
368482.14286 3.8198501519999996e-14
373945.0 4.996970373000001e-14
379488.57143 9.724869430000001e-13
385114.28571 3.5973427619999995e-14
390823.57143 3.295958977e-14
396617.85714 3.565910327e-14
402497.85714 3.2041353280000004e-14
408465.0 1.296793225e-13
414520.71429 2.882929406e-14
420666.42857 3.159559577e-14
426903.57143 2.6694707800000002e-14
433232.85714 2.5471882179999997e-14
439655.71429 5.2333845480000005e-14
446173.57143 2.4174527790000006e-14
452787.85714 2.27500587e-14
459500.71429 2.4117627279999997e-14
466313.57143 2.418849995e-14
473227.14286 2.0586352150000003e-14
480242.85714 2.086294085e-14
487362.85714 1.9290632969999997e-14
494588.57143 1.986414762e-14
501920.71429 1.800902622e-14
509361.42857 1.723001157e-14
516912.85714 1.6192578410000003e-14
524576.42857 1.678876313e-14
532353.57143 1.529212628e-14
540245.71429 1.48023677e-14
548255.0 1.4269569e-14
556382.85714 1.7602141010000003e-14
564630.71429 1.370060707e-14
573001.42857 1.2880406559999999e-14
581496.42857 1.4552777670000002e-14
590117.14286 1.241067471e-14
598865.71429 1.150453846e-14
607743.57143 1.169892599e-14
616752.85714 1.8985572620000002e-14
625895.71429 1.1074089709999998e-14
635174.28571 1.107884028e-14
644590.71429 1.9270485939999997e-14
654146.42857 1.096545315e-14
663843.57143 1.0476972102000001e-14
673685.0 3.807103293e-14
683672.85714 9.745441965e-15
693808.57143 1.126128155e-14
704094.28571 2.1321816549999997e-14
714532.14286 8.247980968e-15
725125.0 9.558776081e-15
735875.0 2.032935478e-14
746784.28571 6.613222676999999e-15
757855.71429 1.109642787e-14
769090.71429 5.590055761e-15
780492.14286 6.3023096350000005e-15
792062.85714 1.0470046480000001e-14
803805.0 4.867362701e-15
815721.42857 7.303153191000001e-15
827814.28571 4.4448752289999995e-15
840086.42857 4.331388809e-15
852540.71429 7.364674126e-15
865179.28571 3.947295238e-15
878005.0 4.687024637e-15
891020.71429 3.677942291000001e-15
904229.28571 5.153649401e-15
917633.57143 3.38482029e-15
931237.14286 3.622157096999999e-15
945042.85714 3.1585010719999996e-15
959052.85714 4.114446472e-15
973270.71429 2.927359308e-15
987699.28571 2.7659212750000003e-15
1002341.4286 2.867115775e-15
1017200.7143 3.4882141460000003e-15
1032280.0 2.476014221e-15
1047582.8571 2.6215100600000003e-15
1063112.8571 2.254805788e-15
1078872.8571 2.9343190589999994e-15
1094866.4286 2.0837650859999996e-15
1111097.1429 2.253086429e-15
1127568.5714 1.9283601560000003e-15
1144284.2857 2.4991259179999998e-15
1161247.8571 1.744642886e-15
1178462.8571 1.91981547e-15
1195932.8571 2.1638672479999997e-15
1213662.1429 1.5509069639999998e-15
1231654.2857 1.6605982800000001e-15
1249912.8571 1.8273437450000003e-15
1268442.1429 1.3871954649999998e-15
1287246.4286 1.4641673230000001e-15
1306329.2857 1.267764249e-15
1325695.0 1.503636975e-15
1345347.8571 1.2613235529999999e-15
1365292.1429 1.1339943509999998e-15
1385532.1429 1.273329892e-15
1406072.1429 1.1275854580000002e-15
1426916.4286 1.1867951709999999e-15
1448069.2857 9.667539524000001e-16
1469535.7143 1.0089220705e-15
1491320.7143 1.072876492e-15
1513428.5714 9.508689435000001e-16
1535863.5714 8.284436897e-16
1558631.4286 9.95788562e-16
1581737.1429 8.536856393e-16
1605185.7143 9.480304910000002e-16
1628982.1429 7.830621317000001e-16
1653130.7143 6.827684931e-16
1677637.1429 8.824649922999999e-16
1702507.1429 6.888223964e-16
1727745.7143 8.205386439e-16
1753358.5714 6.382883808000001e-16
1779351.4286 7.626731377e-16
1805729.2857 5.932057661e-16
1832497.8571 7.091691719999999e-16
1859663.5714 5.063806704e-16
1887232.1429 5.512155317e-16
1915209.2857 6.528698031e-16
1943600.7143 5.291361160999999e-16
1972412.8571 6.160584325e-16
2001652.1429 5.067327109000001e-16
2031325.0 5.842104238e-16
2061437.8571 4.815487578e-16
2091997.1429 5.381468776e-16
2123009.2857 5.9559624810000015e-16
2154480.7143 4.2298249400000005e-16
2186418.5714 4.760762366000001e-16
2218830.0 3.8596964069999997e-16
2251722.1429 4.652690874e-16
2285102.1429 3.545934379e-16
2318977.1429 4.554149111e-16
2353354.2857 3.280197465e-16
2388240.7143 4.983052145e-16
2423644.2857 4.631981943000001e-16
2459572.8571 3.0384862539999996e-16
2496034.2857 4.48258335e-16
2533036.4286 4.702173092e-16
2570587.1429 2.9064667049999997e-16
2608694.2857 3.7780752530000003e-16
2647365.7143 4.123966036e-16
2686610.7143 2.752843138e-16
2726437.8571 3.435336738e-16
2766855.0 4.1972837620000004e-16
2807871.4286 2.65737701e-16
2849495.7143 4.2448926470000005e-16
2891737.1429 3.6489880280000005e-16
2934605.0 2.404604285e-16
2978107.8571 4.3259598440000004e-16
3022255.7143 4.0742355340000004e-16
3067057.8571 4.3881010030000006e-16
3112524.2857 4.993623394999999e-16
3158665.0 2.364401865e-16
3205489.2857 6.122897801e-16
3253007.8571 5.407155303e-16
3301230.7143 8.01539203e-16
3350168.5714 9.697661520999999e-16
3399832.1429 4.4041316890000004e-16
3450231.4286 1.167009965e-15
3501377.8571 1.350137179e-15
3553282.8571 1.354197454e-15
3605957.1429 1.1215071e-15
3659412.1429 6.421222202e-16
3713660.0 5.790849447999999e-16
3768712.1429 3.906969119e-16
3824580.0 2.7718390369999996e-16
3881275.7143 2.0306590920000002e-16
3938812.1429 1.638127939e-16
3997201.4286 1.402658804e-16
4056456.4286 1.2721586170000001e-16
4116590.0 1.167891095e-16
4177615.0 1.0756199749999999e-16
4239544.2857 9.986974252e-17
4302391.4286 9.649775502000002e-17
4366170.7143 8.863204011999999e-17
4430895.0 8.513475274000001e-17
4496578.5714 8.303920079e-17
4563236.4286 8.330304511000001e-17
4630882.1429 7.758357364999999e-17
4699530.0 7.678625893000001e-17
4769195.7143 7.462091374e-17
4839894.2857 7.355456369e-17
4911640.7143 7.403619415e-17
4973888.5714 7.278285612e-17
