# F_set      Vpp_set   F0           Vpp0   OVL0 RNG0  F1           Vpp1   OVL1 RNG1
1.000000e+03 1.000000  9.999766e+02 5.068980e-01 -2.644350e-04 0  9.999766e+02 5.069590e-01 6.098450e-05 0
1.088904e+03 1.000000  1.088874e+03 5.068930e-01 -3.853910e-04 0  1.088874e+03 5.069530e-01 -3.413660e-05 0
1.185713e+03 1.000000  1.185685e+03 5.068540e-01 -3.077210e-04 0  1.185685e+03 5.069170e-01 6.895170e-05 0
1.291127e+03 1.000000  1.291113e+03 5.067800e-01 -4.659800e-04 0  1.291113e+03 5.068390e-01 -5.805400e-05 0
1.405914e+03 1.000000  1.405891e+03 5.067530e-01 -3.691330e-04 0  1.405891e+03 5.068130e-01 7.068880e-05 0
1.530906e+03 1.000000  1.530880e+03 5.067460e-01 -4.037050e-04 0  1.530880e+03 5.068080e-01 7.087000e-05 0
1.667010e+03 1.000000  1.666999e+03 5.066580e-01 -5.534040e-04 0  1.666999e+03 5.067160e-01 -4.198400e-05 0
1.815214e+03 1.000000  1.815162e+03 5.066520e-01 -5.385910e-04 0  1.815162e+03 5.067070e-01 1.547830e-05 0
1.976595e+03 1.000000  1.976590e+03 5.065790e-01 -6.411720e-04 0  1.976590e+03 5.066360e-01 -3.938810e-05 0
2.152322e+03 1.000000  2.152270e+03 5.065980e-01 -5.899820e-04 0  2.152270e+03 5.066640e-01 6.049080e-05 0
2.343673e+03 1.000000  2.343665e+03 5.065060e-01 -7.555840e-04 0  2.343665e+03 5.065630e-01 -4.865540e-05 0
2.552035e+03 1.000000  2.551982e+03 5.065080e-01 -6.917150e-04 0  2.551982e+03 5.065590e-01 7.438320e-05 0
2.778922e+03 1.000000  2.778891e+03 5.064990e-01 -7.655200e-04 0  2.778891e+03 5.065520e-01 6.518390e-05 0
3.025980e+03 1.000000  3.025946e+03 5.064010e-01 -8.377550e-04 0  3.025946e+03 5.064670e-01 6.661680e-05 0
3.295003e+03 1.000000  3.295009e+03 5.063940e-01 -9.787150e-04 0  3.295009e+03 5.064540e-01 6.524600e-07 0
3.587943e+03 1.000000  3.587951e+03 5.063550e-01 -1.073330e-03 0  3.587951e+03 5.064110e-01 -7.013460e-06 0
3.906926e+03 1.000000  3.906829e+03 5.063560e-01 -1.201450e-03 0  3.906829e+03 5.064190e-01 -4.064460e-05 0
4.254269e+03 1.000000  4.254171e+03 5.063750e-01 -1.314940e-03 0  4.254171e+03 5.064160e-01 -5.598770e-05 0
4.632491e+03 1.000000  4.632472e+03 5.063450e-01 -1.329250e-03 0  4.632472e+03 5.063840e-01 4.181740e-05 0
5.044339e+03 1.000000  5.044268e+03 5.063700e-01 -1.556250e-03 0  5.044268e+03 5.064130e-01 -6.782600e-05 0
5.492803e+03 1.000000  5.492657e+03 5.063920e-01 -1.622460e-03 0  5.492657e+03 5.064350e-01 -4.061810e-06 0
5.981136e+03 1.000000  5.981125e+03 5.063640e-01 -1.737570e-03 0  5.981125e+03 5.063940e-01 2.857750e-05 0
6.512885e+03 1.000000  6.512715e+03 5.063470e-01 -1.875120e-03 0  6.512715e+03 5.063700e-01 4.213870e-05 0
7.091908e+03 1.000000  7.091768e+03 5.064390e-01 -2.153480e-03 0  7.091768e+03 5.064730e-01 -6.192370e-05 0
7.722409e+03 1.000000  7.722424e+03 5.064230e-01 -2.293220e-03 0  7.722424e+03 5.064390e-01 -1.780360e-05 0
8.408964e+03 1.000000  8.408987e+03 5.064540e-01 -2.486110e-03 0  8.408987e+03 5.064610e-01 -8.092770e-06 0
9.156557e+03 1.000000  9.156469e+03 5.065170e-01 -2.762870e-03 0  9.156469e+03 5.065050e-01 -6.406760e-05 0
9.970614e+03 1.000000  9.970552e+03 5.066130e-01 -2.891230e-03 0  9.970552e+03 5.065820e-01 4.773320e-05 0
1.085704e+04 1.000000  1.085681e+04 5.066930e-01 -3.252580e-03 0  1.085681e+04 5.066450e-01 -5.406140e-05 0
1.182228e+04 1.000000  1.182199e+04 5.068010e-01 -3.429660e-03 0  1.182199e+04 5.067370e-01 5.320920e-05 0
1.287333e+04 1.000000  1.287325e+04 5.068660e-01 -3.849310e-03 0  1.287325e+04 5.067870e-01 -5.159430e-05 0
1.401783e+04 1.000000  1.401751e+04 5.069260e-01 -4.173180e-03 0  1.401751e+04 5.068280e-01 -4.036650e-05 0
1.526407e+04 1.000000  1.526387e+04 5.069610e-01 -4.434810e-03 0  1.526387e+04 5.068350e-01 6.972060e-05 0
1.662111e+04 1.000000  1.662113e+04 5.068410e-01 -4.939610e-03 0  1.662113e+04 5.066660e-01 -3.280310e-05 0
1.809880e+04 1.000000  1.809880e+04 5.068200e-01 -5.385950e-03 0  1.809880e+04 5.066120e-01 -3.963010e-05 0
1.970786e+04 1.000000  1.970792e+04 5.068010e-01 -5.834010e-03 0  1.970792e+04 5.065290e-01 -1.021370e-05 0
2.145997e+04 1.000000  2.145996e+04 5.067970e-01 -6.326010e-03 0  2.145996e+04 5.064680e-01 2.298310e-05 0
2.336786e+04 1.000000  2.336764e+04 5.068740e-01 -6.976380e-03 0  2.336764e+04 5.064800e-01 -5.628520e-05 0
2.544536e+04 1.000000  2.544544e+04 5.068480e-01 -7.545370e-03 0  2.544544e+04 5.063770e-01 -6.757100e-06 0
2.770756e+04 1.000000  2.770764e+04 5.069800e-01 -8.222390e-03 0  2.770764e+04 5.063980e-01 1.395830e-06 0
3.017088e+04 1.000000  3.017009e+04 5.071750e-01 -8.940960e-03 0  3.017009e+04 5.064700e-01 2.822160e-05 0
3.285320e+04 1.000000  3.285323e+04 5.072860e-01 -9.774840e-03 0  3.285323e+04 5.064510e-01 1.390110e-05 0
3.577399e+04 1.000000  3.577407e+04 5.074060e-01 -1.070890e-02 0  3.577407e+04 5.064090e-01 -2.820480e-05 0
3.895445e+04 1.000000  3.895344e+04 5.076480e-01 -1.166880e-02 0  3.895344e+04 5.064660e-01 -6.196320e-06 0
4.241767e+04 1.000000  4.241674e+04 5.078350e-01 -1.278460e-02 0  4.241674e+04 5.064220e-01 -5.102870e-05 0
4.618878e+04 1.000000  4.618857e+04 5.081860e-01 -1.387140e-02 0  4.618857e+04 5.065150e-01 4.424590e-05 0
5.029516e+04 1.000000  5.029477e+04 5.084950e-01 -1.526480e-02 0  5.029477e+04 5.065240e-01 -5.137260e-05 0
5.476662e+04 1.000000  5.476654e+04 5.089620e-01 -1.667790e-02 0  5.476654e+04 5.066280e-01 -4.090670e-05 0
5.963560e+04 1.000000  5.963409e+04 5.092720e-01 -1.821170e-02 0  5.963409e+04 5.065090e-01 -1.068120e-05 0
6.493746e+04 1.000000  6.493671e+04 5.097790e-01 -1.998060e-02 0  6.493671e+04 5.065170e-01 -5.040180e-05 0
7.071068e+04 1.000000  7.071031e+04 5.104120e-01 -2.190430e-02 0  7.071031e+04 5.065680e-01 -5.061790e-05 0
7.699716e+04 1.000000  7.699513e+04 5.111930e-01 -2.397950e-02 0  7.699513e+04 5.066660e-01 1.099630e-05 0
8.384254e+04 1.000000  8.384064e+04 5.119830e-01 -2.629220e-02 0  8.384064e+04 5.066360e-01 6.593400e-05 0
9.129649e+04 1.000000  9.129611e+04 5.128890e-01 -2.904770e-02 0  9.129611e+04 5.066120e-01 -4.207410e-05 0
9.941314e+04 1.000000  9.941294e+04 5.140830e-01 -3.201370e-02 0  9.941294e+04 5.067190e-01 -5.073990e-05 0
1.082514e+05 1.000000  1.082492e+05 5.152790e-01 -3.530380e-02 0  1.082492e+05 5.066510e-01 -2.333770e-05 0
1.178754e+05 1.000000  1.178745e+05 5.169090e-01 -3.902530e-02 0  1.178745e+05 5.067970e-01 2.568830e-05 0
1.283550e+05 1.000000  1.283519e+05 5.186900e-01 -4.331060e-02 0  1.283519e+05 5.069010e-01 1.185970e-05 0
1.397663e+05 1.000000  1.397657e+05 5.204490e-01 -4.817800e-02 0  1.397657e+05 5.067200e-01 -9.147600e-06 0
1.521922e+05 1.000000  1.521887e+05 5.226080e-01 -5.367380e-02 0  1.521887e+05 5.066700e-01 3.132030e-05 0
1.657227e+05 1.000000  1.657187e+05 5.252870e-01 -6.008170e-02 0  1.657187e+05 5.068850e-01 5.230660e-05 0
1.804562e+05 1.000000  1.804539e+05 5.280560e-01 -6.753680e-02 0  1.804539e+05 5.068960e-01 1.231160e-05 0
1.964995e+05 1.000000  1.964995e+05 5.307790e-01 -7.618110e-02 0  1.964995e+05 5.066760e-01 -4.130600e-05 0
2.139691e+05 1.000000  2.139694e+05 5.341740e-01 -8.626840e-02 0  2.139694e+05 5.068460e-01 -1.546320e-05 0
2.329919e+05 1.000000  2.329925e+05 5.372370e-01 -9.807440e-02 0  2.329925e+05 5.066330e-01 9.929690e-07 0
2.537059e+05 1.000000  2.537007e+05 5.406810e-01 -1.120210e-01 0  2.537007e+05 5.068750e-01 3.023790e-05 0
2.762614e+05 1.000000  2.762541e+05 5.434250e-01 -1.285600e-01 0  2.762541e+05 5.067920e-01 4.839910e-05 0
3.008222e+05 1.000000  3.008143e+05 5.452300e-01 -1.485690e-01 0  3.008143e+05 5.066980e-01 3.418750e-05 0
3.275666e+05 1.000000  3.275611e+05 5.452490e-01 -1.733250e-01 0  3.275611e+05 5.070240e-01 5.345840e-05 0
3.566887e+05 1.000000  3.566889e+05 5.390860e-01 -2.055180e-01 0  3.566889e+05 5.068030e-01 1.322360e-05 0
3.883998e+05 1.000000  3.884011e+05 5.187180e-01 -2.478730e-01 0  3.884011e+05 5.065080e-01 -5.032910e-05 0
4.229302e+05 1.000000  4.229289e+05 4.796100e-01 -2.955830e-01 0  4.229289e+05 5.065650e-01 -9.107210e-05 0
4.605305e+05 1.000000  4.605314e+05 4.225620e-01 -3.410430e-01 0  4.605314e+05 5.067190e-01 1.275160e-05 0
5.014736e+05 1.000000  5.014607e+05 3.508400e-01 -3.773450e-01 0  5.014607e+05 5.067610e-01 2.261230e-05 0
5.460568e+05 1.000000  5.460530e+05 2.697560e-01 -3.991700e-01 0  5.460530e+05 5.068350e-01 -3.252610e-07 0
5.946036e+05 1.000000  5.945932e+05 1.878190e-01 -4.031140e-01 0  5.945932e+05 5.068130e-01 -4.558520e-05 0
6.474664e+05 1.000000  6.474667e+05 1.111230e-01 -3.914540e-01 0  6.474667e+05 5.064440e-01 3.812710e-05 0
7.050289e+05 1.000000  7.050257e+05 2.259620e-02 -3.681400e-01 0  7.050257e+05 5.064810e-01 6.338530e-05 0
7.677089e+05 1.000000  7.676996e+05 -4.741970e-02 -3.311100e-01 0  7.676996e+05 5.061960e-01 -1.135890e-04 0
8.359616e+05 1.000000  8.359598e+05 -2.740050e-01 -1.182290e-01 0  8.359598e+05 5.064150e-01 2.466990e-05 0
9.102821e+05 1.000000  9.102808e+05 -2.598860e-01 -4.962990e-02 0  9.102808e+05 5.058710e-01 -1.824870e-04 0
9.912101e+05 1.000000  9.912144e+05 -2.335960e-01 7.977840e-04 0  9.912144e+05 5.057680e-01 -3.013900e-04 0
1.079333e+06 1.000000  1.079328e+06 -2.024430e-01 3.633950e-02 0  1.079328e+06 5.056400e-01 -2.800400e-04 0
1.175290e+06 1.000000  1.175292e+06 -1.694010e-01 6.059590e-02 0  1.175292e+06 5.045470e-01 -2.282350e-04 0
1.279778e+06 1.000000  1.279771e+06 -1.324600e-01 8.297170e-02 0  1.279771e+06 5.044280e-01 2.036820e-04 0
1.393556e+06 1.000000  1.393562e+06 -1.006810e-01 9.018560e-02 0  1.393562e+06 5.034350e-01 -8.613210e-05 0
1.517449e+06 1.000000  1.517443e+06 -7.157490e-02 9.097950e-02 0  1.517443e+06 5.032980e-01 -1.290990e-04 0
1.652357e+06 1.000000  1.652313e+06 -4.582360e-02 8.651880e-02 0  1.652313e+06 5.025890e-01 2.024560e-04 0
1.799259e+06 1.000000  1.799261e+06 -2.161270e-02 7.855910e-02 0  1.799261e+06 5.014810e-01 -6.822060e-04 0
1.959220e+06 1.000000  1.959207e+06 -5.284000e-03 6.649980e-02 0  1.959207e+06 4.995150e-01 3.156710e-04 0
2.133404e+06 1.000000  2.133423e+06 4.631030e-03 5.364640e-02 0  2.133423e+06 4.977750e-01 -3.243590e-04 0
2.323072e+06 1.000000  2.323096e+06 1.303190e-02 4.074960e-02 0  2.323096e+06 4.958000e-01 2.144720e-04 0
2.529603e+06 1.000000  2.529613e+06 1.516460e-02 3.038590e-02 0  2.529613e+06 4.943160e-01 8.682940e-05 0
2.754496e+06 1.000000  2.754536e+06 1.572170e-02 2.180830e-02 0  2.754536e+06 4.920320e-01 1.900470e-04 0
2.999382e+06 1.000000  2.999431e+06 1.514660e-02 1.477620e-02 0  2.999431e+06 4.892840e-01 -1.542390e-03 0
3.266040e+06 1.000000  3.265915e+06 1.393360e-02 9.223430e-03 0  3.265915e+06 4.863390e-01 1.078570e-04 0
3.556405e+06 1.000000  3.556239e+06 1.212650e-02 1.803040e-03 0  3.556239e+06 4.815970e-01 9.154990e-04 0
3.872585e+06 1.000000  3.872615e+06 9.488580e-03 -9.909930e-04 0  3.872615e+06 4.750400e-01 8.912230e-04 0
4.216874e+06 1.000000  4.216490e+06 7.020270e-03 -2.700790e-03 0  4.216490e+06 4.721570e-01 1.524470e-03 0
4.591772e+06 1.000000  4.591674e+06 2.982000e-03 -3.865830e-03 0  4.591674e+06 4.642280e-01 1.826150e-03 0
5.000000e+06 1.000000  0.000000e+00 0.000000e+00 0.000000e+00 0  0.000000e+00 0.000000e+00 0.000000e+00 0
