# F_set      Vpp_set   F0           Vpp0   OVL0 RNG0  F1           Vpp1   OVL1 RNG1
1.000000e+03 0.308642  9.999817e+02 2.487310e+00 -8.633360e-03 0  9.999817e+02 1.536580e-01 -1.867260e-05 0
1.088904e+03 0.308642  1.088892e+03 2.486900e+00 -8.789260e-03 0  1.088892e+03 1.536330e-01 1.604520e-05 0
1.185713e+03 0.308642  1.185708e+03 2.487170e+00 -1.005110e-02 0  1.185708e+03 1.536490e-01 -1.308490e-05 0
1.291127e+03 0.308642  1.291124e+03 2.486800e+00 -1.071200e-02 0  1.291124e+03 1.536280e-01 -1.477000e-06 0
1.405914e+03 0.308642  1.405901e+03 2.486740e+00 -1.136950e-02 0  1.405901e+03 1.536250e-01 1.608600e-05 0
1.530906e+03 0.308642  1.530866e+03 2.486300e+00 -1.231400e-02 0  1.530866e+03 1.535980e-01 1.950670e-05 0
1.667010e+03 0.308642  1.666959e+03 2.486050e+00 -1.388850e-02 0  1.666959e+03 1.535840e-01 -9.153640e-06 0
1.815214e+03 0.308642  1.815210e+03 2.485820e+00 -1.514960e-02 0  1.815210e+03 1.535720e-01 -1.306670e-05 0
1.976595e+03 0.308642  1.976588e+03 2.485410e+00 -1.612130e-02 0  1.976588e+03 1.535480e-01 8.333020e-06 0
2.152322e+03 0.308642  2.152301e+03 2.485260e+00 -1.737970e-02 0  2.152301e+03 1.535350e-01 1.837570e-05 0
2.343673e+03 0.308642  2.343622e+03 2.485240e+00 -1.888340e-02 0  2.343622e+03 1.535380e-01 2.149840e-05 0
2.552035e+03 0.308642  2.551975e+03 2.485140e+00 -2.057800e-02 0  2.551975e+03 1.535320e-01 2.125150e-05 0
2.778922e+03 0.308642  2.778848e+03 2.485210e+00 -2.262530e-02 0  2.778848e+03 1.535420e-01 8.459850e-06 0
3.025980e+03 0.308642  3.025940e+03 2.484650e+00 -2.440630e-02 0  3.025940e+03 1.535080e-01 2.214710e-05 0
3.295003e+03 0.308642  3.294944e+03 2.484870e+00 -2.660000e-02 0  3.294944e+03 1.535280e-01 2.251730e-05 0
3.587943e+03 0.308642  3.587854e+03 2.484400e+00 -2.906910e-02 0  3.587854e+03 1.535020e-01 1.696340e-05 0
3.906926e+03 0.308642  3.906852e+03 2.484360e+00 -3.156740e-02 0  3.906852e+03 1.535040e-01 2.265800e-05 0
4.254269e+03 0.308642  4.254273e+03 2.484400e+00 -3.475310e-02 0  4.254273e+03 1.535110e-01 -6.927810e-07 0
4.632491e+03 0.308642  4.632489e+03 2.484210e+00 -3.771780e-02 0  4.632489e+03 1.535050e-01 6.646760e-06 0
5.044339e+03 0.308642  5.044317e+03 2.484060e+00 -4.142030e-02 0  5.044317e+03 1.535050e-01 -1.537530e-05 0
5.492803e+03 0.308642  5.492794e+03 2.484430e+00 -4.465320e-02 0  5.492794e+03 1.535310e-01 8.939600e-06 0
5.981136e+03 0.308642  5.980977e+03 2.484040e+00 -4.856760e-02 0  5.980977e+03 1.535170e-01 1.187980e-05 0
6.512885e+03 0.308642  6.512774e+03 2.483960e+00 -5.273120e-02 0  6.512774e+03 1.535230e-01 2.193060e-05 0
7.091908e+03 0.308642  7.091716e+03 2.483840e+00 -5.780340e-02 0  7.091716e+03 1.535240e-01 -1.724260e-06 0
7.722409e+03 0.308642  7.722420e+03 2.483900e+00 -6.290130e-02 0  7.722420e+03 1.535430e-01 -1.084680e-07 0
8.408964e+03 0.308642  8.408982e+03 2.483570e+00 -6.845800e-02 0  8.408982e+03 1.535430e-01 -3.586870e-07 0
9.156557e+03 0.308642  9.156580e+03 2.483170e+00 -7.456850e-02 0  9.156580e+03 1.535350e-01 -4.722390e-06 0
9.970614e+03 0.308642  9.970620e+03 2.483350e+00 -8.103490e-02 0  9.970620e+03 1.535720e-01 4.636400e-06 0
1.085704e+04 0.308642  1.085683e+04 2.483340e+00 -8.788880e-02 0  1.085683e+04 1.536000e-01 2.253840e-05 0
1.182228e+04 0.308642  1.182198e+04 2.483400e+00 -9.615860e-02 0  1.182198e+04 1.536340e-01 -5.163720e-06 0
1.287333e+04 0.308642  1.287300e+04 2.482940e+00 -1.045240e-01 0  1.287300e+04 1.536480e-01 5.319900e-08 0
1.401783e+04 0.308642  1.401786e+04 2.482020e+00 -1.137550e-01 0  1.401786e+04 1.536360e-01 -2.784190e-07 0
1.526407e+04 0.308642  1.526386e+04 2.481070e+00 -1.240820e-01 0  1.526386e+04 1.536310e-01 -2.056800e-05 0
1.662111e+04 0.308642  1.662104e+04 2.479870e+00 -1.343840e-01 0  1.662104e+04 1.536140e-01 1.452650e-05 0
1.809880e+04 0.308642  1.809839e+04 2.478230e+00 -1.466380e-01 0  1.809839e+04 1.535930e-01 -1.338860e-05 0
1.970786e+04 0.308642  1.970757e+04 2.476690e+00 -1.589090e-01 0  1.970757e+04 1.535790e-01 2.131190e-05 0
2.145997e+04 0.308642  2.145989e+04 2.474740e+00 -1.733990e-01 0  2.145989e+04 1.535620e-01 -1.412040e-05 0
2.336786e+04 0.308642  2.336728e+04 2.472830e+00 -1.880720e-01 0  2.336728e+04 1.535570e-01 1.589810e-05 0
2.544536e+04 0.308642  2.544469e+04 2.470550e+00 -2.046720e-01 0  2.544469e+04 1.535580e-01 4.875190e-06 0
2.770756e+04 0.308642  2.770713e+04 2.467760e+00 -2.228840e-01 0  2.770713e+04 1.535550e-01 -2.054390e-05 0
3.017088e+04 0.308642  3.017072e+04 2.465020e+00 -2.421490e-01 0  3.017072e+04 1.535730e-01 -1.362700e-05 0
3.285320e+04 0.308642  3.285244e+04 2.461600e+00 -2.626160e-01 0  3.285244e+04 1.535820e-01 1.759660e-05 0
3.577399e+04 0.308642  3.577311e+04 2.457590e+00 -2.857170e-01 0  3.577311e+04 1.535880e-01 -7.995560e-06 0
3.895445e+04 0.308642  3.895367e+04 2.452940e+00 -3.098600e-01 0  3.895367e+04 1.535970e-01 2.170950e-05 0
4.241767e+04 0.308642  4.241689e+04 2.447450e+00 -3.371830e-01 0  4.241689e+04 1.536120e-01 -1.916360e-05 0
4.618878e+04 0.308642  4.618763e+04 2.441190e+00 -3.658090e-01 0  4.618763e+04 1.536310e-01 -6.385650e-06 0
5.029516e+04 0.308642  5.029448e+04 2.433410e+00 -3.965520e-01 0  5.029448e+04 1.536140e-01 2.043150e-05 0
5.476662e+04 0.308642  5.476528e+04 2.425120e+00 -4.305260e-01 0  5.476528e+04 1.536480e-01 1.591450e-05 0
5.963560e+04 0.308642  5.963570e+04 2.414780e+00 -4.676150e-01 0  5.963570e+04 1.536530e-01 -6.959580e-06 0
6.493746e+04 0.308642  6.493624e+04 2.402920e+00 -5.070750e-01 0  6.493624e+04 1.536470e-01 1.938290e-05 0
7.071068e+04 0.308642  7.071063e+04 2.388860e+00 -5.512610e-01 0  7.071063e+04 1.536710e-01 -1.125960e-05 0
7.699716e+04 0.308642  7.699728e+04 2.371930e+00 -6.000720e-01 0  7.699728e+04 1.536710e-01 1.523800e-06 0
8.384254e+04 0.308642  8.384280e+04 2.346390e+00 -6.622540e-01 0  8.384280e+04 1.537110e-01 -2.743930e-06 0
9.129649e+04 0.308642  9.129589e+04 2.292250e+00 -7.490350e-01 0  9.129589e+04 1.537140e-01 1.357460e-05 0
9.941314e+04 0.308642  9.941340e+04 2.205250e+00 -8.502800e-01 0  9.941340e+04 1.537440e-01 -6.980210e-06 0
1.082514e+05 0.308642  1.082505e+05 2.089740e+00 -9.527780e-01 0  1.082505e+05 1.537420e-01 8.181810e-06 0
1.178754e+05 0.308642  1.178744e+05 1.949770e+00 -1.050530e+00 0  1.178744e+05 1.537830e-01 -7.975220e-06 0
1.283550e+05 0.308642  1.283536e+05 1.792250e+00 -1.137770e+00 0  1.283536e+05 1.537950e-01 6.648340e-07 0
1.397663e+05 0.308642  1.397629e+05 1.618460e+00 -1.213490e+00 0  1.397629e+05 1.537760e-01 2.559620e-06 0
1.521922e+05 0.308642  1.521888e+05 1.428490e+00 -1.280670e+00 0  1.521888e+05 1.537920e-01 9.195520e-07 0
1.657227e+05 0.308642  1.657215e+05 1.210740e+00 -1.340960e+00 0  1.657215e+05 1.538030e-01 -1.065520e-05 0
1.804562e+05 0.308642  1.804567e+05 9.654360e-01 -1.379040e+00 0  1.804567e+05 1.537730e-01 -2.605790e-06 0
1.964995e+05 0.308642  1.964977e+05 7.131020e-01 -1.381180e+00 0  1.964977e+05 1.537670e-01 2.576240e-05 0
2.139691e+05 0.308642  2.139651e+05 4.729210e-01 -1.351430e+00 0  2.139651e+05 1.537800e-01 1.422540e-06 0
2.329919e+05 0.308642  2.329875e+05 2.730390e-01 -1.284590e+00 0  2.329875e+05 1.537950e-01 3.076120e-06 0
2.537059e+05 0.308642  2.537052e+05 1.061210e-01 -1.198500e+00 0  2.537052e+05 1.537400e-01 -9.614680e-06 0
2.762614e+05 0.308642  2.762543e+05 -3.025890e-02 -1.100350e+00 0  2.762543e+05 1.537950e-01 8.081300e-06 0
3.008222e+05 0.308642  3.008230e+05 -1.402250e-01 -9.968630e-01 0  3.008230e+05 1.537170e-01 2.743980e-06 0
3.275666e+05 0.308642  3.275612e+05 -2.276840e-01 -8.911230e-01 0  3.275612e+05 1.537090e-01 1.604420e-05 0
3.566887e+05 0.308642  3.566897e+05 -2.944360e-01 -7.861600e-01 0  3.566897e+05 1.536200e-01 -1.001740e-06 0
3.883998e+05 0.308642  3.883925e+05 -3.449980e-01 -6.828930e-01 0  3.883925e+05 1.536670e-01 -9.099170e-06 0
4.229302e+05 0.308642  4.229191e+05 -3.536730e-01 -6.121670e-01 0  4.229191e+05 1.535960e-01 1.583110e-05 0
4.605305e+05 0.308642  4.605186e+05 -3.817710e-01 -5.175450e-01 0  4.605186e+05 1.535390e-01 1.134840e-05 0
5.014736e+05 0.308642  5.014712e+05 -4.005400e-01 -4.251960e-01 0  5.014712e+05 1.534140e-01 1.474790e-05 0
5.460568e+05 0.308642  5.460586e+05 -4.122740e-01 -3.334420e-01 0  5.460586e+05 1.533010e-01 1.475660e-06 0
5.946036e+05 0.308642  5.946055e+05 -4.555990e-01 -1.498720e-01 0  5.946055e+05 1.532530e-01 -1.328660e-06 0
6.474664e+05 0.308642  6.474687e+05 -4.291160e-01 -4.613650e-02 0  6.474687e+05 1.531260e-01 -2.521500e-05 0
7.050289e+05 0.308642  7.050101e+05 -3.867360e-01 2.816070e-02 0  7.050101e+05 1.530720e-01 2.509590e-05 0
7.677089e+05 0.308642  7.677107e+05 -3.306230e-01 1.008850e-01 0  7.677107e+05 1.528020e-01 -3.704670e-05 0
8.359616e+05 0.308642  8.359639e+05 -2.773100e-01 1.360050e-01 0  8.359639e+05 1.526380e-01 7.510780e-06 0
9.102821e+05 0.308642  9.102859e+05 -2.261340e-01 1.577920e-01 0  9.102859e+05 1.523490e-01 -2.379220e-05 0
9.912101e+05 0.308642  9.912001e+05 -1.796470e-01 1.679790e-01 0  9.912001e+05 1.521720e-01 -1.061000e-04 0
1.079333e+06 0.308642  1.079314e+06 -1.388750e-01 1.694750e-01 0  1.079314e+06 1.518350e-01 -3.833710e-05 0
1.175290e+06 0.308642  1.175259e+06 -1.043240e-01 1.644460e-01 0  1.175259e+06 1.513660e-01 1.551950e-04 0
1.279778e+06 0.308642  1.279780e+06 -7.818030e-02 1.549760e-01 0  1.279780e+06 1.507510e-01 5.701420e-05 0
1.393556e+06 0.308642  1.393554e+06 -5.788240e-02 1.434880e-01 0  1.393554e+06 1.501850e-01 -1.181280e-04 0
1.517449e+06 0.308642  1.517454e+06 -3.250960e-02 1.332590e-01 0  1.517454e+06 1.495190e-01 -7.411200e-06 0
1.652357e+06 0.308642  1.652314e+06 -1.892340e-02 1.205080e-01 0  1.652314e+06 1.487230e-01 5.136670e-05 0
1.799259e+06 0.308642  1.799271e+06 -7.502890e-03 1.081840e-01 0  1.799271e+06 1.476930e-01 -2.203380e-04 0
1.959220e+06 0.308642  1.959206e+06 2.406610e-03 9.592930e-02 0  1.959206e+06 1.466560e-01 -1.362450e-04 0
2.133404e+06 0.308642  2.133348e+06 1.083410e-02 8.370800e-02 0  2.133348e+06 1.455450e-01 1.666130e-04 0
2.323072e+06 0.308642  2.323004e+06 2.103750e-02 7.054630e-02 0  2.323004e+06 1.439400e-01 1.469440e-04 0
2.529603e+06 0.308642  2.529610e+06 2.625670e-02 5.767400e-02 0  2.529610e+06 1.419150e-01 1.589100e-04 0
2.754496e+06 0.308642  2.754499e+06 2.813280e-02 4.455420e-02 0  2.754499e+06 1.399610e-01 2.853740e-05 0
2.999382e+06 0.308642  2.999408e+06 2.780180e-02 3.234550e-02 0  2.999408e+06 1.378450e-01 -4.167780e-04 0
3.266040e+06 0.308642  3.266106e+06 2.737550e-02 1.932280e-02 0  3.266106e+06 1.349120e-01 -2.583340e-04 0
3.556405e+06 0.308642  3.556230e+06 2.379980e-02 1.141790e-02 0  3.556230e+06 1.319560e-01 2.307110e-04 0
3.872585e+06 0.308642  3.872361e+06 1.985740e-02 5.327330e-03 0  3.872361e+06 1.287220e-01 1.433880e-04 0
4.216874e+06 0.308642  4.216943e+06 1.581240e-02 9.186550e-04 0  4.216943e+06 1.245060e-01 -5.839490e-04 0
4.591772e+06 0.308642  4.591313e+06 1.195080e-02 -1.966450e-03 0  4.591313e+06 1.191160e-01 -8.476340e-04 0
5.000000e+06 0.308642  0.000000e+00 0.000000e+00 0.000000e+00 0  0.000000e+00 0.000000e+00 0.000000e+00 0
