# F_set      Vpp_set   F0           Vpp0   OVL0 RNG0  F1           Vpp1   OVL1 RNG1
1.000000e+03 0.030864  1.000003e+03 2.427260e-01 -8.044800e-04 0  1.000003e+03 1.500060e-02 -4.919560e-08 0
1.088904e+03 0.030864  1.088895e+03 2.427120e-01 -8.855970e-04 0  1.088895e+03 1.500000e-02 -1.480780e-06 0
1.185713e+03 0.030864  1.185712e+03 2.426640e-01 -9.280300e-04 0  1.185712e+03 1.499770e-02 3.853480e-07 0
1.291127e+03 0.030864  1.291122e+03 2.426540e-01 -9.972710e-04 0  1.291122e+03 1.499720e-02 4.489680e-07 0
1.405914e+03 0.030864  1.405910e+03 2.426080e-01 -1.103220e-03 0  1.405910e+03 1.499510e-02 -1.268810e-06 0
1.530906e+03 0.030864  1.530902e+03 2.425820e-01 -1.164790e-03 0  1.530902e+03 1.499420e-02 4.513200e-07 0
1.667010e+03 0.030864  1.666962e+03 2.425810e-01 -1.287270e-03 0  1.666962e+03 1.499440e-02 -1.374920e-06 0
1.815214e+03 0.030864  1.815214e+03 2.425510e-01 -1.366540e-03 0  1.815214e+03 1.499290e-02 3.071180e-07 0
1.976595e+03 0.030864  1.976538e+03 2.425330e-01 -1.474340e-03 0  1.976538e+03 1.499210e-02 3.660360e-07 0
2.152322e+03 0.030864  2.152309e+03 2.425150e-01 -1.574380e-03 0  2.152309e+03 1.499230e-02 1.395270e-06 0
2.343673e+03 0.030864  2.343656e+03 2.424640e-01 -1.757780e-03 0  2.343656e+03 1.498850e-02 -1.753380e-06 0
2.552035e+03 0.030864  2.551995e+03 2.424880e-01 -1.908360e-03 0  2.551995e+03 1.499050e-02 -2.044740e-06 0
2.778922e+03 0.030864  2.778876e+03 2.424660e-01 -1.993330e-03 0  2.778876e+03 1.498970e-02 2.225220e-06 0
3.025980e+03 0.030864  3.025958e+03 2.424310e-01 -2.228630e-03 0  3.025958e+03 1.498810e-02 -1.880110e-06 0
3.295003e+03 0.030864  3.294993e+03 2.424320e-01 -2.366950e-03 0  3.294993e+03 1.498810e-02 1.052400e-06 0
3.587943e+03 0.030864  3.587900e+03 2.424110e-01 -2.617190e-03 0  3.587900e+03 1.498730e-02 -2.028290e-06 0
3.906926e+03 0.030864  3.906843e+03 2.423930e-01 -2.768740e-03 0  3.906843e+03 1.498690e-02 2.065870e-06 0
4.254269e+03 0.030864  4.254177e+03 2.423960e-01 -3.015130e-03 0  4.254177e+03 1.498720e-02 2.137870e-06 0
4.632491e+03 0.030864  4.632440e+03 2.423740e-01 -3.284160e-03 0  4.632440e+03 1.498630e-02 1.784470e-06 0
5.044339e+03 0.030864  5.044311e+03 2.423760e-01 -3.620980e-03 0  5.044311e+03 1.498690e-02 -1.457320e-06 0
5.492803e+03 0.030864  5.492702e+03 2.424140e-01 -3.872530e-03 0  5.492702e+03 1.498960e-02 2.109730e-06 0
5.981136e+03 0.030864  5.981089e+03 2.423820e-01 -4.279270e-03 0  5.981089e+03 1.498820e-02 -1.865120e-06 0
6.512885e+03 0.030864  6.512829e+03 2.423690e-01 -4.656500e-03 0  6.512829e+03 1.498750e-02 -1.726080e-06 0
7.091908e+03 0.030864  7.091878e+03 2.424090e-01 -5.007040e-03 0  7.091878e+03 1.499160e-02 1.270330e-06 0
7.722409e+03 0.030864  7.722365e+03 2.423660e-01 -5.449040e-03 0  7.722365e+03 1.498930e-02 1.626120e-06 0
8.408964e+03 0.030864  8.408982e+03 2.423690e-01 -5.963160e-03 0  8.408982e+03 1.499040e-02 -3.278950e-07 0
9.156557e+03 0.030864  9.156310e+03 2.424450e-01 -6.485210e-03 0  9.156310e+03 1.499620e-02 2.656540e-07 0
9.970614e+03 0.030864  9.970410e+03 2.424330e-01 -7.077250e-03 0  9.970410e+03 1.499690e-02 -1.705860e-06 0
1.085704e+04 0.030864  1.085706e+04 2.424530e-01 -7.674970e-03 0  1.085706e+04 1.499990e-02 3.032100e-07 0
1.182228e+04 0.030864  1.182201e+04 2.424710e-01 -8.327570e-03 0  1.182201e+04 1.500270e-02 1.798870e-06 0
1.287333e+04 0.030864  1.287311e+04 2.424750e-01 -9.114560e-03 0  1.287311e+04 1.500510e-02 -1.665750e-06 0
1.401783e+04 0.030864  1.401786e+04 2.424230e-01 -9.900500e-03 0  1.401786e+04 1.500370e-02 3.249980e-08 0
1.526407e+04 0.030864  1.526380e+04 2.423850e-01 -1.073930e-02 0  1.526380e+04 1.500410e-02 2.398800e-06 0
1.662111e+04 0.030864  1.662116e+04 2.423180e-01 -1.173650e-02 0  1.662116e+04 1.500410e-02 -3.287470e-07 0
1.809880e+04 0.030864  1.809880e+04 2.422110e-01 -1.277300e-02 0  1.809880e+04 1.500080e-02 3.956370e-07 0
1.970786e+04 0.030864  1.970760e+04 2.420840e-01 -1.394020e-02 0  1.970760e+04 1.499860e-02 -2.145570e-06 0
2.145997e+04 0.030864  2.145995e+04 2.419390e-01 -1.515570e-02 0  2.145995e+04 1.499500e-02 -1.294070e-06 0
2.336786e+04 0.030864  2.336724e+04 2.418080e-01 -1.647990e-02 0  2.336724e+04 1.499430e-02 -1.871680e-07 0
2.544536e+04 0.030864  2.544478e+04 2.417020e-01 -1.796330e-02 0  2.544478e+04 1.499640e-02 -1.034720e-06 0
2.770756e+04 0.030864  2.770690e+04 2.415430e-01 -1.954340e-02 0  2.770690e+04 1.499650e-02 -7.653620e-07 0
3.017088e+04 0.030864  3.017051e+04 2.413600e-01 -2.123670e-02 0  3.017051e+04 1.499660e-02 1.920300e-06 0
3.285320e+04 0.030864  3.285261e+04 2.411630e-01 -2.310250e-02 0  3.285261e+04 1.499890e-02 2.132270e-06 0
3.577399e+04 0.030864  3.577305e+04 2.409200e-01 -2.519090e-02 0  3.577305e+04 1.500140e-02 8.129290e-09 0
3.895445e+04 0.030864  3.895447e+04 2.406460e-01 -2.743390e-02 0  3.895447e+04 1.500470e-02 -9.484740e-07 0
4.241767e+04 0.030864  4.241656e+04 2.402890e-01 -2.979440e-02 0  4.241656e+04 1.500520e-02 8.764790e-07 0
4.618878e+04 0.030864  4.618821e+04 2.398630e-01 -3.245550e-02 0  4.618821e+04 1.500710e-02 -1.946590e-06 0
5.029516e+04 0.030864  5.029398e+04 2.394150e-01 -3.522770e-02 0  5.029398e+04 1.501070e-02 1.719710e-06 0
5.476662e+04 0.030864  5.476553e+04 2.388390e-01 -3.836420e-02 0  5.476553e+04 1.501330e-02 -1.759000e-06 0
5.963560e+04 0.030864  5.963561e+04 2.381210e-01 -4.165080e-02 0  5.963561e+04 1.500910e-02 4.550910e-07 0
6.493746e+04 0.030864  6.493656e+04 2.373070e-01 -4.535660e-02 0  6.493656e+04 1.502700e-02 1.852260e-06 0
7.071068e+04 0.030864  7.071062e+04 2.363470e-01 -4.924740e-02 0  7.071062e+04 1.502810e-02 -9.955300e-07 0
7.699716e+04 0.030864  7.699721e+04 2.352040e-01 -5.344750e-02 0  7.699721e+04 1.503100e-02 -5.807070e-07 0
8.384254e+04 0.030864  8.384085e+04 2.338670e-01 -5.801770e-02 0  8.384085e+04 1.503560e-02 -1.368980e-06 0
9.129649e+04 0.030864  9.129562e+04 2.322340e-01 -6.284590e-02 0  9.129562e+04 1.503570e-02 1.615140e-06 0
9.941314e+04 0.030864  9.941299e+04 2.303040e-01 -6.815090e-02 0  9.941299e+04 1.503840e-02 1.218210e-06 0
1.082514e+05 0.030864  1.082487e+05 2.280760e-01 -7.379540e-02 0  1.082487e+05 1.504200e-02 9.372920e-07 0
1.178754e+05 0.030864  1.178724e+05 2.253710e-01 -7.987450e-02 0  1.178724e+05 1.504420e-02 1.910770e-07 0
1.283550e+05 0.030864  1.283533e+05 2.222270e-01 -8.634380e-02 0  1.283533e+05 1.504450e-02 -5.413760e-08 0
1.397663e+05 0.030864  1.397646e+05 2.185320e-01 -9.321580e-02 0  1.397646e+05 1.504430e-02 1.248780e-07 0
1.521922e+05 0.030864  1.521894e+05 2.142840e-01 -1.004800e-01 0  1.521894e+05 1.504710e-02 5.691570e-07 0
1.657227e+05 0.030864  1.657198e+05 2.091860e-01 -1.081710e-01 0  1.657198e+05 1.504640e-02 -9.873690e-07 0
1.804562e+05 0.030864  1.804514e+05 2.033610e-01 -1.161250e-01 0  1.804514e+05 1.504840e-02 9.923690e-07 0
1.964995e+05 0.030864  1.964956e+05 1.964830e-01 -1.244580e-01 0  1.964956e+05 1.504550e-02 -1.909080e-06 0
2.139691e+05 0.030864  2.139692e+05 1.885510e-01 -1.328720e-01 0  2.139692e+05 1.504140e-02 -2.044220e-07 0
2.329919e+05 0.030864  2.329872e+05 1.795590e-01 -1.414130e-01 0  2.329872e+05 1.504430e-02 1.393960e-07 0
2.537059e+05 0.030864  2.537064e+05 1.690290e-01 -1.499370e-01 0  2.537064e+05 1.503720e-02 6.890740e-08 0
2.762614e+05 0.030864  2.762610e+05 1.571050e-01 -1.581760e-01 0  2.762610e+05 1.503150e-02 1.004310e-06 0
3.008222e+05 0.030864  3.008208e+05 1.437210e-01 -1.658250e-01 0  3.008208e+05 1.502580e-02 1.277320e-06 0
3.275666e+05 0.030864  3.275601e+05 1.287250e-01 -1.726700e-01 0  3.275601e+05 1.502350e-02 1.739590e-07 0
3.566887e+05 0.030864  3.566854e+05 1.118540e-01 -1.784110e-01 0  3.566854e+05 1.501150e-02 4.632210e-07 0
3.883998e+05 0.030864  3.884007e+05 9.367300e-02 -1.825240e-01 0  3.884007e+05 1.499680e-02 1.201360e-07 0
4.229302e+05 0.030864  4.229306e+05 7.405480e-02 -1.845640e-01 0  4.229306e+05 1.498630e-02 2.479300e-07 0
4.605305e+05 0.030864  4.605187e+05 5.352210e-02 -1.841050e-01 0  4.605187e+05 1.497850e-02 1.148010e-06 0
5.014736e+05 0.030864  5.014753e+05 3.226580e-02 -1.808460e-01 0  5.014753e+05 1.495680e-02 2.076870e-07 0
5.460568e+05 0.030864  5.460523e+05 7.156540e-03 -1.744630e-01 0  5.460523e+05 1.493750e-02 3.064820e-06 0
5.946036e+05 0.030864  5.945887e+05 -1.327960e-02 -1.638690e-01 0  5.945887e+05 1.491410e-02 1.559150e-06 0
6.474664e+05 0.030864  6.474547e+05 -3.191860e-02 -1.503570e-01 0  6.474547e+05 1.489460e-02 -3.152350e-06 0
7.050289e+05 0.030864  7.050158e+05 -4.770160e-02 -1.338320e-01 0  7.050158e+05 1.486900e-02 8.855500e-07 0
7.677089e+05 0.030864  7.677111e+05 -6.002580e-02 -1.151430e-01 0  7.677111e+05 1.482930e-02 -2.618810e-06 0
8.359616e+05 0.030864  8.359401e+05 -6.835240e-02 -9.518490e-02 0  8.359401e+05 1.480200e-02 2.368050e-06 0
9.102821e+05 0.030864  9.102793e+05 -7.233870e-02 -7.521580e-02 0  9.102793e+05 1.475520e-02 -5.190700e-06 0
9.912101e+05 0.030864  9.912081e+05 -7.241820e-02 -5.629710e-02 0  9.912081e+05 1.470810e-02 -1.300760e-05 0
1.079333e+06 0.030864  1.079321e+06 -6.998260e-02 -3.805560e-02 0  1.079321e+06 1.465400e-02 -7.043070e-06 0
1.175290e+06 0.030864  1.175281e+06 -6.397330e-02 -2.396110e-02 0  1.175281e+06 1.456700e-02 5.594460e-06 0
1.279778e+06 0.030864  1.279753e+06 -5.653640e-02 -1.262970e-02 0  1.279753e+06 1.450420e-02 3.892350e-06 0
1.393556e+06 0.030864  1.393561e+06 -4.842940e-02 -4.167610e-03 0  1.393561e+06 1.439900e-02 -1.053010e-05 0
1.517449e+06 0.030864  1.517444e+06 -4.014920e-02 3.618980e-03 0  1.517444e+06 1.429140e-02 -3.524110e-06 0
1.652357e+06 0.030864  1.652313e+06 -3.247980e-02 7.124110e-03 0  1.652313e+06 1.416440e-02 5.210910e-06 0
1.799259e+06 0.030864  1.799222e+06 -2.572140e-02 9.028620e-03 0  1.799222e+06 1.402540e-02 4.634550e-06 0
1.959220e+06 0.030864  1.959186e+06 -1.995020e-02 9.801290e-03 0  1.959186e+06 1.384490e-02 -5.795000e-06 0
2.133404e+06 0.030864  2.133411e+06 -1.513290e-02 9.750410e-03 0  2.133411e+06 1.361420e-02 1.101810e-05 0
2.323072e+06 0.030864  2.323065e+06 -9.373600e-03 1.048040e-02 0  2.323065e+06 1.340080e-02 1.725480e-05 0
2.529603e+06 0.030864  2.529559e+06 -6.464980e-03 9.269600e-03 0  2.529559e+06 1.316550e-02 1.588930e-05 0
2.754496e+06 0.030864  2.754493e+06 -4.253800e-03 8.009050e-03 0  2.754493e+06 1.286300e-02 1.217590e-05 0
2.999382e+06 0.030864  2.999330e+06 -1.051580e-03 6.502120e-03 0  2.999330e+06 1.252090e-02 1.515180e-05 0
3.266040e+06 0.030864  3.265943e+06 -1.087970e-04 5.174410e-03 0  3.265943e+06 1.217800e-02 -1.118080e-05 0
3.556405e+06 0.030864  3.556324e+06 4.965010e-04 4.049110e-03 0  3.556324e+06 1.174940e-02 -1.914000e-05 0
3.872585e+06 0.030864  3.872343e+06 8.712440e-04 3.104040e-03 0  3.872343e+06 1.127950e-02 3.635790e-05 0
4.216874e+06 0.030864  4.216644e+06 1.069910e-03 2.294910e-03 0  4.216644e+06 1.077750e-02 -1.113530e-05 0
4.591772e+06 0.030864  4.591181e+06 1.119960e-03 1.654430e-03 0  4.591181e+06 1.007410e-02 -5.907190e-05 0
5.000000e+06 0.030864  4.823912e+06 2.219480e-04 1.278330e-04 0  4.823912e+06 1.434420e-03 8.304720e-04 0
