# F_set      Vpp_set   F0           Vpp0   OVL0 RNG0  F1           Vpp1   OVL1 RNG1
1.000000e+03 0.189753  1.000003e+03 4.747140e+00 -2.120270e-02 0  1.000003e+03 9.305800e-02 -3.109370e-06 0
1.088904e+03 0.189753  1.088895e+03 4.746860e+00 -2.249150e-02 0  1.088895e+03 9.305410e-02 7.090180e-06 0
1.185713e+03 0.189753  1.185708e+03 4.746240e+00 -2.520870e-02 0  1.185708e+03 9.304460e-02 -7.434440e-06 0
1.291127e+03 0.189753  1.291124e+03 4.746060e+00 -2.709110e-02 0  1.291124e+03 9.303950e-02 -2.036620e-06 0
1.405914e+03 0.189753  1.405908e+03 4.745770e+00 -2.976360e-02 0  1.405908e+03 9.303650e-02 -8.336630e-06 0
1.530906e+03 0.189753  1.530905e+03 4.744550e+00 -3.192570e-02 0  1.530905e+03 9.301340e-02 -8.063320e-07 0
1.667010e+03 0.189753  1.666960e+03 4.744520e+00 -3.413460e-02 0  1.666960e+03 9.301420e-02 1.035530e-05 0
1.815214e+03 0.189753  1.815163e+03 4.744360e+00 -3.757020e-02 0  1.815163e+03 9.301260e-02 2.549490e-06 0
1.976595e+03 0.189753  1.976589e+03 4.743580e+00 -4.075400e-02 0  1.976589e+03 9.299750e-02 4.589120e-06 0
2.152322e+03 0.189753  2.152316e+03 4.743800e+00 -4.501670e-02 0  2.152316e+03 9.300490e-02 -8.837210e-06 0
2.343673e+03 0.189753  2.343666e+03 4.743590e+00 -4.820650e-02 0  2.343666e+03 9.300320e-02 5.253020e-06 0
2.552035e+03 0.189753  2.552035e+03 4.743540e+00 -5.297630e-02 0  2.552035e+03 9.300530e-02 -4.789030e-06 0
2.778922e+03 0.189753  2.778854e+03 4.742900e+00 -5.683250e-02 0  2.778854e+03 9.299330e-02 1.106650e-05 0
3.025980e+03 0.189753  3.025987e+03 4.741760e+00 -6.232220e-02 0  3.025987e+03 9.297400e-02 1.553610e-06 0
3.295003e+03 0.189753  3.295009e+03 4.744100e+00 -6.789240e-02 0  3.295009e+03 9.302220e-02 4.912410e-07 0
3.587943e+03 0.189753  3.587853e+03 4.741260e+00 -7.422380e-02 0  3.587853e+03 9.296930e-02 -6.305510e-06 0
3.906926e+03 0.189753  3.906879e+03 4.740650e+00 -7.983410e-02 0  3.906879e+03 9.295990e-02 1.120600e-05 0
4.254269e+03 0.189753  4.254200e+03 4.740130e+00 -8.812840e-02 0  4.254200e+03 9.295630e-02 -1.200990e-05 0
4.632491e+03 0.189753  4.632416e+03 4.740520e+00 -9.589640e-02 0  4.632416e+03 9.296580e-02 -1.258250e-05 0
5.044339e+03 0.189753  5.044278e+03 4.740060e+00 -1.043030e-01 0  5.044278e+03 9.296400e-02 -1.240500e-05 0
5.492803e+03 0.189753  5.492741e+03 4.739810e+00 -1.121910e-01 0  5.492741e+03 9.296740e-02 1.226210e-05 0
5.981136e+03 0.189753  5.981000e+03 4.739440e+00 -1.232530e-01 0  5.981000e+03 9.296750e-02 -9.309630e-06 0
6.512885e+03 0.189753  6.512784e+03 4.739010e+00 -1.343040e-01 0  6.512784e+03 9.296870e-02 -1.247160e-05 0
7.091908e+03 0.189753  7.091776e+03 4.738540e+00 -1.448010e-01 0  7.091776e+03 9.297070e-02 1.374680e-05 0
7.722409e+03 0.189753  7.722199e+03 4.738730e+00 -1.581910e-01 0  7.722199e+03 9.298950e-02 4.014690e-06 0
8.408964e+03 0.189753  8.408965e+03 4.737950e+00 -1.721960e-01 0  8.408965e+03 9.299080e-02 3.610450e-06 0
9.156557e+03 0.189753  9.156580e+03 4.737620e+00 -1.878010e-01 0  9.156580e+03 9.300630e-02 -2.672670e-06 0
9.970614e+03 0.189753  9.970474e+03 4.738180e+00 -2.036350e-01 0  9.970474e+03 9.303700e-02 1.293850e-05 0
1.085704e+04 0.189753  1.085679e+04 4.736560e+00 -2.227110e-01 0  1.085679e+04 9.303310e-02 -7.657420e-06 0
1.182228e+04 0.189753  1.182227e+04 4.735200e+00 -2.423770e-01 0  1.182227e+04 9.303830e-02 -8.074640e-06 0
1.287333e+04 0.189753  1.287302e+04 4.734570e+00 -2.637050e-01 0  1.287302e+04 9.306460e-02 -5.744730e-06 0
1.401783e+04 0.189753  1.401786e+04 4.732460e+00 -2.868740e-01 0  1.401786e+04 9.306700e-02 -3.590810e-06 0
1.526407e+04 0.189753  1.526381e+04 4.729580e+00 -3.125210e-01 0  1.526381e+04 9.306040e-02 -1.231960e-05 0
1.662111e+04 0.189753  1.662099e+04 4.726330e+00 -3.399130e-01 0  1.662099e+04 9.305830e-02 -1.034170e-05 0
1.809880e+04 0.189753  1.809865e+04 4.722200e+00 -3.687310e-01 0  1.809865e+04 9.304700e-02 1.088580e-05 0
1.970786e+04 0.189753  1.970787e+04 4.717230e+00 -4.021240e-01 0  1.970787e+04 9.303440e-02 -8.187060e-06 0
2.145997e+04 0.189753  2.145960e+04 4.712340e+00 -4.376080e-01 0  2.145960e+04 9.303990e-02 -1.040530e-05 0
2.336786e+04 0.189753  2.336752e+04 4.705900e+00 -4.759690e-01 0  2.336752e+04 9.302960e-02 -1.061460e-05 0
2.544536e+04 0.189753  2.544471e+04 4.699500e+00 -5.167860e-01 0  2.544471e+04 9.304150e-02 6.383940e-06 0
2.770756e+04 0.189753  2.770729e+04 4.691240e+00 -5.619860e-01 0  2.770729e+04 9.303970e-02 1.194690e-05 0
3.017088e+04 0.189753  3.017066e+04 4.681260e+00 -6.114560e-01 0  3.017066e+04 9.303670e-02 8.285650e-06 0
3.285320e+04 0.189753  3.285237e+04 4.669900e+00 -6.651490e-01 0  3.285237e+04 9.304090e-02 7.514090e-06 0
3.577399e+04 0.189753  3.577390e+04 4.656550e+00 -7.239940e-01 0  3.577390e+04 9.304500e-02 6.704510e-06 0
3.895445e+04 0.189753  3.895447e+04 4.641210e+00 -7.895600e-01 0  3.895447e+04 9.306750e-02 -6.998970e-06 0
4.241767e+04 0.189753  4.241729e+04 4.619060e+00 -8.674500e-01 0  4.241729e+04 9.306660e-02 -1.181530e-05 0
4.618878e+04 0.189753  4.618758e+04 4.562360e+00 -9.944660e-01 0  4.618758e+04 9.309440e-02 5.643450e-06 0
5.029516e+04 0.189753  5.029526e+04 4.444890e+00 -1.165600e+00 0  5.029526e+04 9.310020e-02 -5.200350e-06 0
5.476662e+04 0.189753  5.476586e+04 4.272830e+00 -1.351210e+00 0  5.476586e+04 9.310850e-02 1.226520e-05 0
5.963560e+04 0.189753  5.963560e+04 4.053490e+00 -1.537280e+00 0  5.963560e+04 9.313060e-02 2.125220e-06 0
6.493746e+04 0.189753  6.493580e+04 3.798290e+00 -1.709060e+00 0  6.493580e+04 9.315110e-02 7.212380e-06 0
7.071068e+04 0.189753  7.070898e+04 3.515140e+00 -1.861930e+00 0  7.070898e+04 9.316200e-02 1.066540e-05 0
7.699716e+04 0.189753  7.699547e+04 3.211570e+00 -1.995840e+00 0  7.699547e+04 9.318320e-02 1.131050e-05 0
8.384254e+04 0.189753  8.384092e+04 2.879620e+00 -2.121670e+00 0  8.384092e+04 9.317970e-02 1.375400e-05 0
9.129649e+04 0.189753  9.129671e+04 2.489000e+00 -2.253390e+00 0  9.129671e+04 9.321870e-02 -3.612680e-06 0
9.941314e+04 0.189753  9.941221e+04 2.063360e+00 -2.344620e+00 0  9.941221e+04 9.323290e-02 -1.386730e-05 0
1.082514e+05 0.189753  1.082499e+05 1.629740e+00 -2.379180e+00 0  1.082499e+05 9.324010e-02 -5.050890e-06 0
1.178754e+05 0.189753  1.178755e+05 1.209660e+00 -2.357480e+00 0  1.178755e+05 9.326180e-02 -2.220290e-06 0
1.283550e+05 0.189753  1.283517e+05 8.453830e-01 -2.279180e+00 0  1.283517e+05 9.328580e-02 4.511090e-06 0
1.397663e+05 0.189753  1.397660e+05 5.382110e-01 -2.163470e+00 0  1.397660e+05 9.330140e-02 6.712310e-07 0
1.521922e+05 0.189753  1.521926e+05 2.855330e-01 -2.024200e+00 0  1.521926e+05 9.328780e-02 -2.896040e-06 0
1.657227e+05 0.189753  1.657232e+05 7.675490e-02 -1.872320e+00 0  1.657232e+05 9.329420e-02 -1.491780e-06 0
1.804562e+05 0.189753  1.804543e+05 -9.454360e-02 -1.714810e+00 0  1.804543e+05 9.330140e-02 -9.238410e-07 0
1.964995e+05 0.189753  1.964953e+05 -2.333180e-01 -1.556120e+00 0  1.964953e+05 9.331920e-02 -9.493570e-06 0
2.139691e+05 0.189753  2.139698e+05 -3.537220e-01 -1.401020e+00 0  2.139698e+05 9.330570e-02 -2.853330e-06 0
2.329919e+05 0.189753  2.329895e+05 -4.421050e-01 -1.246530e+00 0  2.329895e+05 9.330630e-02 -3.670020e-06 0
2.537059e+05 0.189753  2.537056e+05 -5.140230e-01 -1.096390e+00 0  2.537056e+05 9.329910e-02 2.915610e-06 0
2.762614e+05 0.189753  2.762541e+05 -5.716660e-01 -9.488650e-01 0  2.762541e+05 9.332340e-02 9.647430e-06 0
3.008222e+05 0.189753  3.008221e+05 -6.184800e-01 -8.024340e-01 0  3.008221e+05 9.327850e-02 6.625000e-06 0
3.275666e+05 0.189753  3.275632e+05 -6.587450e-01 -6.509070e-01 0  3.275632e+05 9.326100e-02 -2.764360e-06 0
3.566887e+05 0.189753  3.566811e+05 -6.915970e-01 -4.883130e-01 0  3.566811e+05 9.328100e-02 4.357460e-06 0
3.883998e+05 0.189753  3.883896e+05 -6.972380e-01 -3.331360e-01 0  3.883896e+05 9.326350e-02 1.140410e-05 0
4.229302e+05 0.189753  4.229317e+05 -6.746300e-01 -2.339370e-01 0  4.229317e+05 9.319160e-02 -8.169160e-06 0
4.605305e+05 0.189753  4.605316e+05 -6.389090e-01 -1.160460e-01 0  4.605316e+05 9.317410e-02 3.376640e-06 0
5.014736e+05 0.189753  5.014622e+05 -5.891840e-01 -2.024130e-02 0  5.014622e+05 9.311260e-02 -6.076840e-07 0
5.460568e+05 0.189753  5.460587e+05 -5.305480e-01 5.597030e-02 0  5.460587e+05 9.305850e-02 -1.544870e-06 0
5.946036e+05 0.189753  5.945881e+05 -4.679690e-01 1.134670e-01 0  5.945881e+05 9.307330e-02 2.539080e-05 0
6.474664e+05 0.189753  6.474680e+05 -4.043890e-01 1.554140e-01 0  6.474680e+05 9.290440e-02 -2.411550e-05 0
7.050289e+05 0.189753  7.050301e+05 -3.428350e-01 1.836320e-01 0  7.050301e+05 9.281560e-02 8.229140e-06 0
7.677089e+05 0.189753  7.677111e+05 -2.715690e-01 2.157960e-01 0  7.677111e+05 9.267680e-02 -1.825920e-05 0
8.359616e+05 0.189753  8.359406e+05 -2.171120e-01 2.212840e-01 0  8.359406e+05 9.261850e-02 2.003270e-05 0
9.102821e+05 0.189753  9.102852e+05 -1.678040e-01 2.197580e-01 0  9.102852e+05 9.240460e-02 -2.206180e-06 0
9.912101e+05 0.189753  9.911980e+05 -1.249610e-01 2.121020e-01 0  9.911980e+05 9.218990e-02 6.164790e-05 0
1.079333e+06 0.189753  1.079306e+06 -9.269600e-02 1.992220e-01 0  1.079306e+06 9.205640e-02 4.533700e-05 0
1.175290e+06 0.189753  1.175258e+06 -6.784460e-02 1.839940e-01 0  1.175258e+06 9.181390e-02 7.787790e-05 0
1.279778e+06 0.189753  1.279776e+06 -4.807050e-02 1.685290e-01 0  1.279776e+06 9.138300e-02 1.304290e-05 0
1.393556e+06 0.189753  1.393556e+06 -3.159890e-02 1.531890e-01 0  1.393556e+06 9.102300e-02 -7.102790e-05 0
1.517449e+06 0.189753  1.517409e+06 -1.772970e-02 1.383600e-01 0  1.517409e+06 9.060420e-02 5.024320e-06 0
1.652357e+06 0.189753  1.652313e+06 2.597680e-03 1.238290e-01 0  1.652313e+06 9.013350e-02 2.841130e-05 0
1.799259e+06 0.189753  1.799268e+06 4.927920e-03 1.088530e-01 0  1.799268e+06 8.953470e-02 -1.305190e-04 0
1.959220e+06 0.189753  1.959215e+06 2.093340e-02 9.449510e-02 0  1.959215e+06 8.878180e-02 4.420480e-05 0
2.133404e+06 0.189753  2.133419e+06 2.798430e-02 7.991470e-02 0  2.133419e+06 8.795700e-02 -6.198180e-05 0
2.323072e+06 0.189753  2.323037e+06 3.129150e-02 6.623630e-02 0  2.323037e+06 8.714590e-02 -4.724150e-07 0
2.529603e+06 0.189753  2.529549e+06 3.221920e-02 5.324900e-02 0  2.529549e+06 8.607080e-02 4.089320e-05 0
2.754496e+06 0.189753  2.754418e+06 3.319850e-02 3.925010e-02 0  2.754418e+06 8.473990e-02 9.276950e-05 0
2.999382e+06 0.189753  2.999336e+06 3.066220e-02 2.829830e-02 0  2.999336e+06 8.350100e-02 -1.057590e-04 0
3.266040e+06 0.189753  3.265939e+06 2.729730e-02 1.944310e-02 0  3.265939e+06 8.160920e-02 1.076360e-04 0
3.556405e+06 0.189753  3.556478e+06 2.342800e-02 1.208380e-02 0  3.556478e+06 7.954370e-02 -3.213810e-05 0
3.872585e+06 0.189753  3.872519e+06 1.993170e-02 4.317570e-03 0  3.872519e+06 7.737350e-02 2.272650e-04 0
4.216874e+06 0.189753  4.216538e+06 1.589410e-02 6.402370e-04 0  4.216538e+06 7.521750e-02 2.833090e-04 0
4.591772e+06 0.189753  4.591012e+06 1.182290e-02 -1.876480e-03 0  4.591012e+06 7.144310e-02 2.218180e-04 0
5.000000e+06 0.189753  4.790624e+06 -1.550770e-04 7.511250e-04 0  4.790624e+06 -1.009170e-03 4.569670e-03 0
