# F_set      Vpp_set   F0           Vpp0   OVL0 RNG0  F1           Vpp1   OVL1 RNG1
1.000000e+03 1.000000  9.999746e+02 5.069650e-01 -3.457030e-04 0  9.999746e+02 5.070500e-01 -2.096030e-05 0
1.088904e+03 1.000000  1.088873e+03 5.069490e-01 -3.013830e-04 0  1.088873e+03 5.070340e-01 4.860940e-05 0
1.185713e+03 1.000000  1.185711e+03 5.068860e-01 -3.609890e-04 0  1.185711e+03 5.069610e-01 1.636540e-05 0
1.291127e+03 1.000000  1.291086e+03 5.068320e-01 -3.905820e-04 0  1.291086e+03 5.069130e-01 1.774540e-05 0
1.405914e+03 1.000000  1.405900e+03 5.068130e-01 -5.016100e-04 0  1.405900e+03 5.068910e-01 -6.072840e-05 0
1.530906e+03 1.000000  1.530884e+03 5.067310e-01 -5.425360e-04 0  1.530884e+03 5.068120e-01 -6.468840e-05 0
1.667010e+03 1.000000  1.666963e+03 5.067030e-01 -4.523210e-04 0  1.666963e+03 5.067870e-01 6.348560e-05 0
1.815214e+03 1.000000  1.815171e+03 5.066720e-01 -6.119470e-04 0  1.815171e+03 5.067510e-01 -5.230090e-05 0
1.976595e+03 1.000000  1.976570e+03 5.066530e-01 -5.442360e-04 0  1.976570e+03 5.067310e-01 6.314510e-05 0
2.152322e+03 1.000000  2.152292e+03 5.066100e-01 -5.877280e-04 0  2.152292e+03 5.066870e-01 7.074090e-05 0
2.343673e+03 1.000000  2.343669e+03 5.065620e-01 -7.571570e-04 0  2.343669e+03 5.066470e-01 -4.277440e-05 0
2.552035e+03 1.000000  2.551975e+03 5.065070e-01 -8.277310e-04 0  2.551975e+03 5.065930e-01 -5.236900e-05 0
2.778922e+03 1.000000  2.778872e+03 5.064680e-01 -7.693130e-04 0  2.778872e+03 5.065540e-01 7.318410e-05 0
3.025980e+03 1.000000  3.025918e+03 5.064560e-01 -8.441540e-04 0  3.025918e+03 5.065410e-01 7.218570e-05 0
3.295003e+03 1.000000  3.294936e+03 5.063850e-01 -1.053920e-03 0  3.294936e+03 5.064730e-01 -5.970990e-05 0
3.587943e+03 1.000000  3.587941e+03 5.063630e-01 -1.061520e-03 0  3.587941e+03 5.064610e-01 1.953660e-05 0
3.906926e+03 1.000000  3.906915e+03 5.063670e-01 -1.146470e-03 0  3.906915e+03 5.064510e-01 2.810030e-05 0
4.254269e+03 1.000000  4.254234e+03 5.063540e-01 -1.336580e-03 0  4.254234e+03 5.064370e-01 -5.951570e-05 0
4.632491e+03 1.000000  4.632505e+03 5.063690e-01 -1.408770e-03 0  4.632505e+03 5.064440e-01 -1.778000e-05 0
5.044339e+03 1.000000  5.044198e+03 5.063890e-01 -1.511930e-03 0  5.044198e+03 5.064640e-01 9.106980e-07 0
5.492803e+03 1.000000  5.492683e+03 5.063890e-01 -1.697240e-03 0  5.492683e+03 5.064610e-01 -5.395680e-05 0
5.981136e+03 1.000000  5.981130e+03 5.063790e-01 -1.766970e-03 0  5.981130e+03 5.064480e-01 2.229270e-05 0
6.512885e+03 1.000000  6.512709e+03 5.064350e-01 -1.938580e-03 0  6.512709e+03 5.064890e-01 1.146640e-05 0
7.091908e+03 1.000000  7.091714e+03 5.064250e-01 -2.114640e-03 0  7.091714e+03 5.064850e-01 9.779450e-06 0
7.722409e+03 1.000000  7.722402e+03 5.064740e-01 -2.289550e-03 0  7.722402e+03 5.065200e-01 2.002590e-05 0
8.408964e+03 1.000000  8.408760e+03 5.065690e-01 -2.460040e-03 0  8.408760e+03 5.065880e-01 5.568030e-05 0
9.156557e+03 1.000000  9.156332e+03 5.065650e-01 -2.682400e-03 0  9.156332e+03 5.065730e-01 5.687800e-05 0
9.970614e+03 1.000000  9.970374e+03 5.066540e-01 -2.926880e-03 0  9.970374e+03 5.066540e-01 5.759860e-05 0
1.085704e+04 1.000000  1.085677e+04 5.066930e-01 -3.279550e-03 0  1.085677e+04 5.066830e-01 -3.274740e-05 0
1.182228e+04 1.000000  1.182203e+04 5.067690e-01 -3.470580e-03 0  1.182203e+04 5.067310e-01 6.934460e-05 0
1.287333e+04 1.000000  1.287308e+04 5.068630e-01 -3.903060e-03 0  1.287308e+04 5.068050e-01 -4.896480e-05 0
1.401783e+04 1.000000  1.401785e+04 5.069100e-01 -4.192960e-03 0  1.401785e+04 5.068330e-01 6.936900e-06 0
1.526407e+04 1.000000  1.526412e+04 5.069250e-01 -4.579040e-03 0  1.526412e+04 5.068270e-01 -4.072040e-06 0
1.662111e+04 1.000000  1.662071e+04 5.068960e-01 -4.928280e-03 0  1.662071e+04 5.067480e-01 5.450700e-05 0
1.809880e+04 1.000000  1.809851e+04 5.067530e-01 -5.352200e-03 0  1.809851e+04 5.065830e-01 7.390280e-05 0
1.970786e+04 1.000000  1.970788e+04 5.067760e-01 -5.899870e-03 0  1.970788e+04 5.065430e-01 1.451030e-05 0
2.145997e+04 1.000000  2.146000e+04 5.067590e-01 -6.437920e-03 0  2.146000e+04 5.064700e-01 1.151530e-05 0
2.336786e+04 1.000000  2.336743e+04 5.068850e-01 -7.082290e-03 0  2.336743e+04 5.065390e-01 -5.580460e-05 0
2.544536e+04 1.000000  2.544490e+04 5.068790e-01 -7.718680e-03 0  2.544490e+04 5.064580e-01 -5.350170e-05 0
2.770756e+04 1.000000  2.770742e+04 5.069620e-01 -8.406800e-03 0  2.770742e+04 5.064300e-01 -5.710260e-05 0
3.017088e+04 1.000000  3.017078e+04 5.071150e-01 -9.082940e-03 0  3.017078e+04 5.064750e-01 3.166040e-05 0
3.285320e+04 1.000000  3.285316e+04 5.072240e-01 -9.911590e-03 0  3.285316e+04 5.064560e-01 2.552560e-05 0
3.577399e+04 1.000000  3.577306e+04 5.074640e-01 -1.081380e-02 0  3.577306e+04 5.065440e-01 2.965170e-05 0
3.895445e+04 1.000000  3.895372e+04 5.076260e-01 -1.189290e-02 0  3.895372e+04 5.065300e-01 -5.877170e-05 0
4.241767e+04 1.000000  4.241656e+04 5.077990e-01 -1.292780e-02 0  4.241656e+04 5.064790e-01 -7.712400e-06 0
4.618878e+04 1.000000  4.618759e+04 5.081830e-01 -1.408210e-02 0  4.618759e+04 5.066180e-01 3.656340e-05 0
5.029516e+04 1.000000  5.029522e+04 5.085340e-01 -1.543210e-02 0  5.029522e+04 5.066650e-01 1.158910e-05 0
5.476662e+04 1.000000  5.476670e+04 5.088510e-01 -1.686190e-02 0  5.476670e+04 5.066260e-01 1.248230e-05 0
5.963560e+04 1.000000  5.963525e+04 5.092370e-01 -1.851280e-02 0  5.963525e+04 5.066120e-01 -4.490310e-05 0
6.493746e+04 1.000000  6.493620e+04 5.097180e-01 -2.014630e-02 0  6.493620e+04 5.066340e-01 6.351190e-05 0
7.071068e+04 1.000000  7.071090e+04 5.103130e-01 -2.218260e-02 0  7.071090e+04 5.066480e-01 -1.361960e-05 0
7.699716e+04 1.000000  7.699615e+04 5.109900e-01 -2.436220e-02 0  7.699615e+04 5.066710e-01 -4.918340e-05 0
8.384254e+04 1.000000  8.384235e+04 5.117250e-01 -2.675020e-02 0  8.384235e+04 5.066200e-01 -4.520180e-05 0
9.129649e+04 1.000000  9.129639e+04 5.127470e-01 -2.934790e-02 0  9.129639e+04 5.067430e-01 2.249110e-05 0
9.941314e+04 1.000000  9.941288e+04 5.137740e-01 -3.240920e-02 0  9.941288e+04 5.067450e-01 -5.457510e-05 0
1.082514e+05 1.000000  1.082502e+05 5.150470e-01 -3.567430e-02 0  1.082502e+05 5.067770e-01 3.419210e-05 0
1.178754e+05 1.000000  1.178753e+05 5.162660e-01 -3.946510e-02 0  1.178753e+05 5.065990e-01 2.822690e-06 0
1.283550e+05 1.000000  1.283517e+05 5.181200e-01 -4.373510e-02 0  1.283517e+05 5.068380e-01 1.668120e-05 0
1.397663e+05 1.000000  1.397668e+05 5.197110e-01 -4.862250e-02 0  1.397668e+05 5.065830e-01 -1.130260e-05 0
1.521922e+05 1.000000  1.521888e+05 5.219360e-01 -5.415610e-02 0  1.521888e+05 5.066970e-01 6.260440e-06 0
1.657227e+05 1.000000  1.657189e+05 5.245700e-01 -6.061900e-02 0  1.657189e+05 5.069580e-01 -2.375420e-05 0
1.804562e+05 1.000000  1.804549e+05 5.269060e-01 -6.796750e-02 0  1.804549e+05 5.066650e-01 -3.258750e-06 0
1.964995e+05 1.000000  1.964998e+05 5.300980e-01 -7.662700e-02 0  1.964998e+05 5.069820e-01 -3.374350e-05 0
2.139691e+05 1.000000  2.139690e+05 5.329840e-01 -8.663050e-02 0  2.139690e+05 5.068080e-01 -1.084600e-05 0
2.329919e+05 1.000000  2.329859e+05 5.363580e-01 -9.833600e-02 0  2.329859e+05 5.070170e-01 3.413670e-05 0
2.537059e+05 1.000000  2.537008e+05 5.393590e-01 -1.122730e-01 0  2.537008e+05 5.070200e-01 2.977120e-05 0
2.762614e+05 1.000000  2.762554e+05 5.418140e-01 -1.287120e-01 0  2.762554e+05 5.067580e-01 -4.531870e-06 0
3.008222e+05 1.000000  3.008220e+05 5.436790e-01 -1.486920e-01 0  3.008220e+05 5.069690e-01 -3.397290e-05 0
3.275666e+05 1.000000  3.275591e+05 5.432290e-01 -1.728870e-01 0  3.275591e+05 5.069440e-01 4.754420e-05 0
3.566887e+05 1.000000  3.566863e+05 5.373410e-01 -2.046330e-01 0  3.566863e+05 5.068520e-01 6.572740e-06 0
3.883998e+05 1.000000  3.883995e+05 5.175900e-01 -2.462550e-01 0  3.883995e+05 5.067530e-01 -9.734350e-05 0
4.229302e+05 1.000000  4.229192e+05 4.793220e-01 -2.930570e-01 0  4.229192e+05 5.069930e-01 3.539640e-05 0
4.605305e+05 1.000000  4.605320e+05 4.228620e-01 -3.380470e-01 0  4.605320e+05 5.064860e-01 1.104250e-05 0
5.014736e+05 1.000000  5.014608e+05 3.521180e-01 -3.745330e-01 0  5.014608e+05 5.067990e-01 6.620910e-05 0
5.460568e+05 1.000000  5.460566e+05 2.715400e-01 -3.966650e-01 0  5.460566e+05 5.065690e-01 2.195230e-05 0
5.946036e+05 1.000000  5.945884e+05 1.900480e-01 -4.011850e-01 0  5.945884e+05 5.069300e-01 6.317820e-05 0
6.474664e+05 1.000000  6.474687e+05 1.138550e-01 -3.904640e-01 0  6.474687e+05 5.061620e-01 -8.206340e-05 0
7.050289e+05 1.000000  7.050109e+05 2.461520e-02 -3.679770e-01 0  7.050109e+05 5.067440e-01 7.736150e-05 0
7.677089e+05 1.000000  7.676884e+05 -4.798850e-02 -3.314620e-01 0  7.676884e+05 5.064420e-01 1.341850e-04 0
8.359616e+05 1.000000  8.359547e+05 -2.751550e-01 -1.170820e-01 0  8.359547e+05 5.061020e-01 4.219360e-05 0
9.102821e+05 1.000000  9.102841e+05 -2.608000e-01 -4.855860e-02 0  9.102841e+05 5.057130e-01 4.259600e-05 0
9.912101e+05 1.000000  9.912065e+05 -2.342520e-01 1.816690e-03 0  9.912065e+05 5.057660e-01 1.519820e-04 0
1.079333e+06 1.000000  1.079331e+06 -2.028880e-01 3.806720e-02 0  1.079331e+06 5.057910e-01 -2.780710e-04 0
1.175290e+06 1.000000  1.175258e+06 -1.698360e-01 6.229120e-02 0  1.175258e+06 5.057420e-01 4.107170e-04 0
1.279778e+06 1.000000  1.279744e+06 -1.322410e-01 8.501270e-02 0  1.279744e+06 5.050810e-01 1.711260e-04 0
1.393556e+06 1.000000  1.393519e+06 -1.000330e-01 9.201520e-02 0  1.393519e+06 5.043730e-01 1.547910e-04 0
1.517449e+06 1.000000  1.517409e+06 -7.032700e-02 9.281130e-02 0  1.517409e+06 5.033140e-01 1.126560e-06 0
1.652357e+06 1.000000  1.652359e+06 -4.423600e-02 8.816070e-02 0  1.652359e+06 5.021160e-01 2.189860e-05 0
1.799259e+06 1.000000  1.799209e+06 -1.969710e-02 7.960270e-02 0  1.799209e+06 5.017560e-01 6.644580e-04 0
1.959220e+06 1.000000  1.959164e+06 -3.506730e-03 6.721630e-02 0  1.959164e+06 5.003650e-01 3.742520e-04 0
2.133404e+06 1.000000  2.133418e+06 6.283340e-03 5.409290e-02 0  2.133418e+06 4.981670e-01 -3.998540e-04 0
2.323072e+06 1.000000  2.323081e+06 1.442530e-02 4.078940e-02 0  2.323081e+06 4.962700e-01 -1.989070e-04 0
2.529603e+06 1.000000  2.529528e+06 1.658000e-02 3.010480e-02 0  2.529528e+06 4.953320e-01 4.961700e-04 0
2.754496e+06 1.000000  2.754431e+06 1.674280e-02 2.135160e-02 0  2.754431e+06 4.924170e-01 1.645780e-04 0
2.999382e+06 1.000000  2.999365e+06 1.595070e-02 1.424410e-02 0  2.999365e+06 4.899360e-01 -1.007590e-03 0
3.266040e+06 1.000000  3.266099e+06 1.442340e-02 8.580020e-03 0  3.266099e+06 4.850940e-01 -7.937430e-04 0
3.556405e+06 1.000000  3.556476e+06 1.224120e-02 1.116860e-03 0  3.556476e+06 4.812560e-01 -1.632440e-03 0
3.872585e+06 1.000000  3.872532e+06 9.465390e-03 -1.488630e-03 0  3.872532e+06 4.756040e-01 1.331680e-03 0
4.216874e+06 1.000000  4.217180e+06 6.822580e-03 -3.112970e-03 0  4.217180e+06 4.695680e-01 -1.082020e-03 0
4.591772e+06 1.000000  4.591199e+06 4.411720e-03 -3.907250e-03 0  4.591199e+06 4.595810e-01 2.935780e-03 0
5.000000e+06 1.000000  0.000000e+00 0.000000e+00 0.000000e+00 0  0.000000e+00 0.000000e+00 0.000000e+00 0
