# F_set      Vpp_set   F0           Vpp0   OVL0 RNG0  F1           Vpp1   OVL1 RNG1
1.000000e+03 0.050000  9.999744e+02 2.519660e-02 -1.456340e-05 0  9.999744e+02 2.519850e-02 1.854320e-06 0
1.088904e+03 0.050000  1.088903e+03 2.519540e-02 -1.974260e-05 0  1.088903e+03 2.519690e-02 -1.328470e-06 0
1.185713e+03 0.050000  1.185703e+03 2.519350e-02 -2.279290e-05 0  1.185703e+03 2.519580e-02 -3.031680e-06 0
1.291127e+03 0.050000  1.291106e+03 2.519080e-02 -1.798430e-05 0  1.291106e+03 2.519320e-02 3.281410e-06 0
1.405914e+03 0.050000  1.405894e+03 2.519050e-02 -1.951700e-05 0  1.405894e+03 2.519170e-02 3.231270e-06 0
1.530906e+03 0.050000  1.530889e+03 2.518790e-02 -2.792910e-05 0  1.530889e+03 2.518930e-02 -3.014910e-06 0
1.667010e+03 0.050000  1.666977e+03 2.518640e-02 -2.324340e-05 0  1.666977e+03 2.518810e-02 3.412940e-06 0
1.815214e+03 0.050000  1.815182e+03 2.518490e-02 -2.440740e-05 0  1.815182e+03 2.518580e-02 3.759070e-06 0
1.976595e+03 0.050000  1.976588e+03 2.518510e-02 -2.931940e-05 0  1.976588e+03 2.518690e-02 1.407340e-06 0
2.152322e+03 0.050000  2.152326e+03 2.518310e-02 -3.472900e-05 0  2.152326e+03 2.518450e-02 -1.323020e-06 0
2.343673e+03 0.050000  2.343671e+03 2.518090e-02 -3.835790e-05 0  2.343671e+03 2.518260e-02 -1.795340e-06 0
2.552035e+03 0.050000  2.552030e+03 2.518060e-02 -3.884420e-05 0  2.552030e+03 2.518300e-02 1.097350e-06 0
2.778922e+03 0.050000  2.778902e+03 2.517830e-02 -4.018780e-05 0  2.778902e+03 2.518070e-02 2.478000e-06 0
3.025980e+03 0.050000  3.025984e+03 2.517640e-02 -4.570290e-05 0  3.025984e+03 2.517870e-02 5.686590e-07 0
3.295003e+03 0.050000  3.294934e+03 2.517470e-02 -4.638570e-05 0  3.294934e+03 2.517740e-02 3.540370e-06 0
3.587943e+03 0.050000  3.587924e+03 2.517250e-02 -5.632520e-05 0  3.587924e+03 2.517460e-02 -2.543950e-06 0
3.906926e+03 0.050000  3.906905e+03 2.517240e-02 -5.743050e-05 0  3.906905e+03 2.517480e-02 2.153820e-06 0
4.254269e+03 0.050000  4.254193e+03 2.517110e-02 -6.726720e-05 0  4.254193e+03 2.517440e-02 -3.364710e-06 0
4.632491e+03 0.050000  4.632472e+03 2.517100e-02 -6.772070e-05 0  4.632472e+03 2.517370e-02 2.055490e-06 0
5.044339e+03 0.050000  5.044213e+03 2.517220e-02 -7.867560e-05 0  5.044213e+03 2.517530e-02 -2.088840e-06 0
5.492803e+03 0.050000  5.492657e+03 2.517720e-02 -8.154780e-05 0  5.492657e+03 2.517830e-02 1.283320e-06 0
5.981136e+03 0.050000  5.980979e+03 2.517580e-02 -8.850390e-05 0  5.980979e+03 2.517750e-02 2.137440e-06 0
6.512885e+03 0.050000  6.512825e+03 2.517560e-02 -1.006340e-04 0  6.512825e+03 2.517660e-02 -3.249800e-06 0
7.091908e+03 0.050000  7.091865e+03 2.517760e-02 -1.047540e-04 0  7.091865e+03 2.517940e-02 2.396030e-06 0
7.722409e+03 0.050000  7.722356e+03 2.518090e-02 -1.201720e-04 0  7.722356e+03 2.518180e-02 -2.780500e-06 0
8.408964e+03 0.050000  8.408788e+03 2.518450e-02 -1.248670e-04 0  8.408788e+03 2.518510e-02 3.459070e-06 0
9.156557e+03 0.050000  9.156559e+03 2.518900e-02 -1.364180e-04 0  9.156559e+03 2.518870e-02 6.074910e-07 0
9.970614e+03 0.050000  9.970376e+03 2.519360e-02 -1.461480e-04 0  9.970376e+03 2.519260e-02 2.960550e-06 0
1.085704e+04 0.050000  1.085685e+04 2.519580e-02 -1.668330e-04 0  1.085685e+04 2.519660e-02 -3.216490e-06 0
1.182228e+04 0.050000  1.182223e+04 2.519950e-02 -1.746830e-04 0  1.182223e+04 2.519960e-02 2.149190e-06 0
1.287333e+04 0.050000  1.287336e+04 2.520850e-02 -1.936610e-04 0  1.287336e+04 2.520620e-02 -1.381100e-06 0
1.401783e+04 0.050000  1.401754e+04 2.520860e-02 -2.094760e-04 0  1.401754e+04 2.520540e-02 -2.935080e-06 0
1.526407e+04 0.050000  1.526367e+04 2.520790e-02 -2.248700e-04 0  1.526367e+04 2.520280e-02 1.040640e-06 0
1.662111e+04 0.050000  1.662093e+04 2.520440e-02 -2.452440e-04 0  1.662093e+04 2.520020e-02 3.226420e-06 0
1.809880e+04 0.050000  1.809886e+04 2.520560e-02 -2.704000e-04 0  1.809886e+04 2.519610e-02 -9.726820e-07 0
1.970786e+04 0.050000  1.970753e+04 2.520260e-02 -2.891400e-04 0  1.970753e+04 2.519090e-02 3.683060e-06 0
2.145997e+04 0.050000  2.146004e+04 2.520260e-02 -3.213600e-04 0  2.146004e+04 2.519060e-02 -9.766510e-07 0
2.336786e+04 0.050000  2.336731e+04 2.520360e-02 -3.494850e-04 0  2.336731e+04 2.518710e-02 -1.807140e-06 0
2.544536e+04 0.050000  2.544503e+04 2.520370e-02 -3.777360e-04 0  2.544503e+04 2.518300e-02 2.789220e-06 0
2.770756e+04 0.050000  2.770708e+04 2.521270e-02 -4.107570e-04 0  2.770708e+04 2.518420e-02 3.902940e-06 0
3.017088e+04 0.050000  3.017092e+04 2.521500e-02 -4.504850e-04 0  3.017092e+04 2.518510e-02 5.550430e-07 0
3.285320e+04 0.050000  3.285329e+04 2.522790e-02 -4.952150e-04 0  3.285329e+04 2.518880e-02 -1.391330e-07 0
3.577399e+04 0.050000  3.577386e+04 2.523740e-02 -5.408600e-04 0  3.577386e+04 2.519150e-02 -2.627860e-06 0
3.895445e+04 0.050000  3.895434e+04 2.524760e-02 -5.900080e-04 0  3.895434e+04 2.519460e-02 -2.546360e-06 0
4.241767e+04 0.050000  4.241654e+04 2.525670e-02 -6.355080e-04 0  4.241654e+04 2.519370e-02 8.839920e-07 0
4.618878e+04 0.050000  4.618808e+04 2.527470e-02 -6.976160e-04 0  4.618808e+04 2.519470e-02 3.677640e-06 0
5.029516e+04 0.050000  5.029509e+04 2.529040e-02 -7.673040e-04 0  5.029509e+04 2.519840e-02 -1.803860e-06 0
5.476662e+04 0.050000  5.476560e+04 2.531430e-02 -8.319620e-04 0  5.476560e+04 2.520090e-02 3.656170e-06 0
5.963560e+04 0.050000  5.963527e+04 2.533190e-02 -9.213720e-04 0  5.963527e+04 2.519390e-02 -2.142520e-06 0
6.493746e+04 0.050000  6.493606e+04 2.536320e-02 -9.855040e-04 0  6.493606e+04 2.521010e-02 3.058720e-06 0
7.071068e+04 0.050000  7.071050e+04 2.539290e-02 -1.097260e-03 0  7.071050e+04 2.521040e-02 -2.276120e-06 0
7.699716e+04 0.050000  7.699634e+04 2.543020e-02 -1.206730e-03 0  7.699634e+04 2.521390e-02 -2.169840e-06 0
8.384254e+04 0.050000  8.384253e+04 2.547430e-02 -1.322690e-03 0  8.384253e+04 2.521960e-02 -1.693210e-06 0
9.129649e+04 0.050000  9.129628e+04 2.551980e-02 -1.452680e-03 0  9.129628e+04 2.521990e-02 1.512950e-06 0
9.941314e+04 0.050000  9.941135e+04 2.557670e-02 -1.589880e-03 0  9.941135e+04 2.522340e-02 4.317880e-06 0
1.082514e+05 0.050000  1.082501e+05 2.563490e-02 -1.761990e-03 0  1.082501e+05 2.522160e-02 1.704480e-06 0
1.178754e+05 0.050000  1.178753e+05 2.570840e-02 -1.949240e-03 0  1.178753e+05 2.522020e-02 2.437000e-07 0
1.283550e+05 0.050000  1.283521e+05 2.578320e-02 -2.148890e-03 0  1.283521e+05 2.522480e-02 1.377760e-06 0
1.397663e+05 0.050000  1.397627e+05 2.587980e-02 -2.388230e-03 0  1.397627e+05 2.522500e-02 1.159970e-06 0
1.521922e+05 0.050000  1.521909e+05 2.598590e-02 -2.655140e-03 0  1.521909e+05 2.522230e-02 -3.156220e-07 0
1.657227e+05 0.050000  1.657231e+05 2.611320e-02 -2.973660e-03 0  1.657231e+05 2.522320e-02 6.254460e-08 0
1.804562e+05 0.050000  1.804514e+05 2.625130e-02 -3.320330e-03 0  1.804514e+05 2.522670e-02 1.636020e-06 0
1.964995e+05 0.050000  1.965000e+05 2.639540e-02 -3.735630e-03 0  1.965000e+05 2.522260e-02 -1.076580e-06 0
2.139691e+05 0.050000  2.139685e+05 2.655770e-02 -4.204480e-03 0  2.139685e+05 2.521980e-02 4.575770e-08 0
2.329919e+05 0.050000  2.329868e+05 2.673220e-02 -4.751110e-03 0  2.329868e+05 2.522410e-02 1.982080e-06 0
2.537059e+05 0.050000  2.537003e+05 2.691070e-02 -5.392990e-03 0  2.537003e+05 2.521690e-02 1.174760e-06 0
2.762614e+05 0.050000  2.762560e+05 2.707120e-02 -6.137170e-03 0  2.762560e+05 2.521200e-02 3.822610e-06 0
3.008222e+05 0.050000  3.008153e+05 2.723050e-02 -7.011980e-03 0  3.008153e+05 2.520270e-02 4.648220e-06 0
3.275666e+05 0.050000  3.275603e+05 2.735470e-02 -8.037840e-03 0  3.275603e+05 2.520230e-02 1.008660e-06 0
3.566887e+05 0.050000  3.566895e+05 2.739180e-02 -9.205220e-03 0  3.566895e+05 2.518000e-02 -6.717090e-07 0
3.883998e+05 0.050000  3.883948e+05 2.734120e-02 -1.056530e-02 0  3.883948e+05 2.517120e-02 4.997530e-06 0
4.229302e+05 0.050000  4.229199e+05 2.715810e-02 -1.209910e-02 0  4.229199e+05 2.516570e-02 4.211720e-06 0
4.605305e+05 0.050000  4.605191e+05 2.677220e-02 -1.384630e-02 0  4.605191e+05 2.515370e-02 1.397030e-06 0
5.014736e+05 0.050000  5.014752e+05 2.610320e-02 -1.575770e-02 0  5.014752e+05 2.512580e-02 -1.424380e-07 0
5.460568e+05 0.050000  5.460421e+05 2.511930e-02 -1.779610e-02 0  5.460421e+05 2.512070e-02 2.783630e-06 0
5.946036e+05 0.050000  5.946054e+05 2.367490e-02 -1.994170e-02 0  5.946054e+05 2.509220e-02 -2.871890e-06 0
6.474664e+05 0.050000  6.474669e+05 2.176120e-02 -2.201040e-02 0  6.474669e+05 2.505360e-02 -9.259230e-06 0
7.050289e+05 0.050000  7.050284e+05 1.931920e-02 -2.391020e-02 0  7.050284e+05 2.502340e-02 2.648780e-06 0
7.677089e+05 0.050000  7.677119e+05 1.639520e-02 -2.550570e-02 0  7.677119e+05 2.498260e-02 -1.395290e-06 0
8.359616e+05 0.050000  8.359545e+05 1.303200e-02 -2.662610e-02 0  8.359545e+05 2.495800e-02 1.856660e-06 0
9.102821e+05 0.050000  9.102575e+05 9.406000e-03 -2.710850e-02 0  9.102575e+05 2.492750e-02 5.201810e-06 0
9.912101e+05 0.050000  9.911889e+05 5.624940e-03 -2.689400e-02 0  9.911889e+05 2.487960e-02 -3.485500e-06 0
1.079333e+06 0.050000  1.079304e+06 1.891460e-03 -2.593620e-02 0  1.079304e+06 2.480150e-02 1.177110e-05 0
1.175290e+06 0.050000  1.175294e+06 -1.483470e-03 -2.431580e-02 0  1.175294e+06 2.469940e-02 -2.746730e-05 0
1.279778e+06 0.050000  1.279746e+06 -4.407280e-03 -2.210040e-02 0  1.279746e+06 2.463390e-02 7.359070e-06 0
1.393556e+06 0.050000  1.393559e+06 -6.770630e-03 -1.954410e-02 0  1.393559e+06 2.450370e-02 -1.792450e-05 0
1.517449e+06 0.050000  1.517411e+06 -8.512500e-03 -1.674450e-02 0  1.517411e+06 2.437820e-02 1.171800e-07 0
1.652357e+06 0.050000  1.652320e+06 -1.092660e-02 -1.246440e-02 0  1.652320e+06 2.423270e-02 7.261840e-06 0
1.799259e+06 0.050000  1.799273e+06 -1.121470e-02 -9.593030e-03 0  1.799273e+06 2.401620e-02 -3.251700e-05 0
1.959220e+06 0.050000  1.959165e+06 -1.107980e-02 -6.994250e-03 0  1.959165e+06 2.385710e-02 1.358940e-05 0
2.133404e+06 0.050000  2.133420e+06 -1.051120e-02 -4.719630e-03 0  2.133420e+06 2.355180e-02 2.447280e-06 0
2.323072e+06 0.050000  2.323020e+06 -9.762360e-03 -2.765620e-03 0  2.323020e+06 2.334100e-02 3.533700e-05 0
2.529603e+06 0.050000  2.529577e+06 -8.785160e-03 -1.152470e-03 0  2.529577e+06 2.301850e-02 2.879370e-05 0
2.754496e+06 0.050000  2.754435e+06 -6.907700e-03 1.486260e-03 0  2.754435e+06 2.265800e-02 7.754980e-06 0
2.999382e+06 0.050000  2.999328e+06 -5.654190e-03 2.234190e-03 0  2.999328e+06 2.220090e-02 3.223550e-05 0
3.266040e+06 0.050000  3.266058e+06 -4.462690e-03 2.742300e-03 0  3.266058e+06 2.174250e-02 -5.337990e-07 0
3.556405e+06 0.050000  3.556427e+06 -3.352780e-03 3.006870e-03 0  3.556427e+06 2.122170e-02 -6.915270e-05 0
3.872585e+06 0.050000  3.872402e+06 -2.325570e-03 3.102370e-03 0  3.872402e+06 2.066600e-02 -1.956760e-06 0
4.216874e+06 0.050000  4.217153e+06 -1.360630e-03 3.076900e-03 0  4.217153e+06 1.986260e-02 -1.151200e-05 0
4.591772e+06 0.050000  4.591574e+06 -3.970350e-04 2.886660e-03 0  4.591574e+06 1.913550e-02 9.733030e-05 0
5.000000e+06 0.050000  4.823400e+06 -4.590000e-05 4.265350e-05 0  4.823400e+06 -2.685320e-03 1.902300e-03 0
