# F_set      Vpp_set   F0           Vpp0   OVL0 RNG0  F1           Vpp1   OVL1 RNG1
1.000000e+03 0.010000  9.999884e+02 4.997510e-03 -4.748360e-06 0  9.999884e+02 4.996240e-03 -4.731400e-07 0
1.088904e+03 0.010000  1.088898e+03 4.994120e-03 -1.272910e-06 0  1.088898e+03 4.993140e-03 2.620630e-06 0
1.185713e+03 0.010000  1.185706e+03 4.997110e-03 -2.186120e-06 0  1.185706e+03 4.995510e-03 1.892090e-06 0
1.291127e+03 0.010000  1.291126e+03 4.997590e-03 -5.352920e-06 0  1.291126e+03 4.996990e-03 -5.643620e-07 0
1.405914e+03 0.010000  1.405917e+03 4.996610e-03 -4.119960e-06 0  1.405917e+03 4.995400e-03 5.906550e-07 0
1.530906e+03 0.010000  1.530907e+03 4.997970e-03 -6.698430e-06 0  1.530907e+03 4.996220e-03 -9.586990e-07 0
1.667010e+03 0.010000  1.666993e+03 4.996880e-03 -6.065200e-06 0  1.666993e+03 4.995760e-03 1.325170e-07 0
1.815214e+03 0.010000  1.815175e+03 4.998390e-03 -5.930560e-06 0  1.815175e+03 4.997790e-03 -4.706120e-07 0
1.976595e+03 0.010000  1.976594e+03 4.997260e-03 -7.237240e-06 0  1.976594e+03 4.995740e-03 -4.259620e-07 0
2.152322e+03 0.010000  2.152268e+03 4.996880e-03 -6.899090e-06 0  2.152268e+03 4.995910e-03 5.360130e-07 0
2.343673e+03 0.010000  2.343640e+03 4.995720e-03 -5.314540e-06 0  2.343640e+03 4.995390e-03 1.870960e-06 0
2.552035e+03 0.010000  2.552016e+03 4.997460e-03 -7.321350e-06 0  2.552016e+03 4.996480e-03 1.202550e-06 0
2.778922e+03 0.010000  2.778880e+03 4.998050e-03 -9.570350e-06 0  2.778880e+03 4.996900e-03 -2.660270e-07 0
3.025980e+03 0.010000  3.025977e+03 4.995670e-03 -9.919960e-06 0  3.025977e+03 4.995380e-03 4.502440e-07 0
3.295003e+03 0.010000  3.294934e+03 4.997610e-03 -1.053450e-05 0  3.294934e+03 4.996070e-03 1.337920e-07 0
3.587943e+03 0.010000  3.587883e+03 4.995600e-03 -1.119420e-05 0  3.587883e+03 4.994020e-03 9.613230e-07 0
3.906926e+03 0.010000  3.906935e+03 4.996050e-03 -1.371270e-05 0  3.906935e+03 4.995380e-03 -3.123670e-07 0
4.254269e+03 0.010000  4.254255e+03 4.996570e-03 -1.249920e-05 0  4.254255e+03 4.994340e-03 3.233720e-07 0
4.632491e+03 0.010000  4.632503e+03 4.995680e-03 -1.604250e-05 0  4.632503e+03 4.994920e-03 -1.207360e-06 0
5.044339e+03 0.010000  5.044201e+03 4.995530e-03 -1.648200e-05 0  5.044201e+03 4.994740e-03 -1.489380e-07 0
5.492803e+03 0.010000  5.492679e+03 4.996230e-03 -1.886290e-05 0  5.492679e+03 4.995580e-03 -7.402900e-07 0
5.981136e+03 0.010000  5.980982e+03 4.994340e-03 -1.845810e-05 0  5.980982e+03 4.994670e-03 5.152590e-07 0
6.512885e+03 0.010000  6.512842e+03 4.995670e-03 -2.437830e-05 0  6.512842e+03 4.995020e-03 -1.660770e-06 0
7.091908e+03 0.010000  7.091800e+03 4.997840e-03 -2.316990e-05 0  7.091800e+03 4.997660e-03 -5.878480e-07 0
7.722409e+03 0.010000  7.722277e+03 4.998840e-03 -2.398550e-05 0  7.722277e+03 4.998890e-03 4.879930e-07 0
8.408964e+03 0.010000  8.408832e+03 4.996620e-03 -2.856940e-05 0  8.408832e+03 4.997260e-03 -1.700200e-06 0
9.156557e+03 0.010000  9.156367e+03 4.999450e-03 -2.749090e-05 0  9.156367e+03 4.999430e-03 7.969550e-07 0
9.970614e+03 0.010000  9.970600e+03 4.999340e-03 -3.084810e-05 0  9.970600e+03 5.001630e-03 9.297600e-07 0
1.085704e+04 0.010000  1.085680e+04 5.001820e-03 -3.650840e-05 0  1.085680e+04 5.001040e-03 -1.018850e-06 0
1.182228e+04 0.010000  1.182225e+04 5.003640e-03 -3.782210e-05 0  1.182225e+04 5.003820e-03 -1.340240e-06 0
1.287333e+04 0.010000  1.287325e+04 5.005090e-03 -4.013480e-05 0  1.287325e+04 5.004970e-03 -1.913260e-06 0
1.401783e+04 0.010000  1.401778e+04 5.008770e-03 -4.056090e-05 0  1.401778e+04 5.006790e-03 1.253520e-06 0
1.526407e+04 0.010000  1.526385e+04 5.010070e-03 -4.692260e-05 0  1.526385e+04 5.008730e-03 -2.551080e-08 0
1.662111e+04 0.010000  1.662108e+04 5.011160e-03 -4.706100e-05 0  1.662108e+04 5.008050e-03 1.771070e-06 0
1.809880e+04 0.010000  1.809855e+04 5.011560e-03 -5.534250e-05 0  1.809855e+04 5.010350e-03 -5.068500e-07 0
1.970786e+04 0.010000  1.970766e+04 5.013140e-03 -5.835520e-05 0  1.970766e+04 5.010960e-03 1.507240e-06 0
2.145997e+04 0.010000  2.145946e+04 5.017870e-03 -6.397470e-05 0  2.145946e+04 5.014670e-03 1.000910e-06 0
2.336786e+04 0.010000  2.336775e+04 5.023590e-03 -7.150140e-05 0  2.336775e+04 5.020390e-03 3.536840e-08 0
2.544536e+04 0.010000  2.544471e+04 5.034160e-03 -7.656650e-05 0  2.544471e+04 5.030120e-03 1.021240e-07 0
2.770756e+04 0.010000  2.770704e+04 5.044650e-03 -8.461890e-05 0  2.770704e+04 5.039490e-03 2.236110e-07 0
3.017088e+04 0.010000  3.017078e+04 5.051490e-03 -8.932520e-05 0  3.017078e+04 5.045500e-03 1.235420e-06 0
3.285320e+04 0.010000  3.285266e+04 5.056220e-03 -9.925840e-05 0  3.285266e+04 5.049820e-03 -7.845560e-07 0
3.577399e+04 0.010000  3.577410e+04 5.056410e-03 -1.099770e-04 0  3.577410e+04 5.048760e-03 -8.363140e-08 0
3.895445e+04 0.010000  3.895444e+04 5.053840e-03 -1.187840e-04 0  3.895444e+04 5.043200e-03 1.571740e-08 0
4.241767e+04 0.010000  4.241773e+04 5.041470e-03 -1.278080e-04 0  4.241773e+04 5.033100e-03 1.307710e-07 0
4.618878e+04 0.010000  4.618775e+04 5.035520e-03 -1.400700e-04 0  4.618775e+04 5.024020e-03 -8.525440e-07 0
5.029516e+04 0.010000  5.029495e+04 5.040450e-03 -1.514660e-04 0  5.029495e+04 5.020780e-03 1.030510e-06 0
5.476662e+04 0.010000  5.476524e+04 5.035880e-03 -1.661200e-04 0  5.476524e+04 5.014010e-03 -4.943890e-07 0
5.963560e+04 0.010000  5.963568e+04 5.035970e-03 -1.923100e-04 0  5.963568e+04 5.006480e-03 -2.930510e-07 0
6.493746e+04 0.010000  6.493724e+04 5.051460e-03 -1.982850e-04 0  6.493724e+04 5.015380e-03 -8.384040e-07 0
7.071068e+04 0.010000  7.070912e+04 5.049900e-03 -2.172810e-04 0  7.070912e+04 5.014060e-03 5.671320e-07 0
7.699716e+04 0.010000  7.699738e+04 5.058130e-03 -2.408340e-04 0  7.699738e+04 5.014450e-03 -1.910500e-07 0
8.384254e+04 0.010000  8.384282e+04 5.066310e-03 -2.597020e-04 0  8.384282e+04 5.014980e-03 -7.218250e-07 0
9.129649e+04 0.010000  9.129516e+04 5.075980e-03 -2.889930e-04 0  9.129516e+04 5.014730e-03 -1.227880e-06 0
9.941314e+04 0.010000  9.941175e+04 5.087720e-03 -3.172640e-04 0  9.941175e+04 5.015260e-03 -6.846750e-07 0
1.082514e+05 0.010000  1.082503e+05 5.097520e-03 -3.533830e-04 0  1.082503e+05 5.014970e-03 -1.327090e-06 0
1.178754e+05 0.010000  1.178754e+05 5.112150e-03 -3.852200e-04 0  1.178754e+05 5.014800e-03 1.856990e-06 0
1.283550e+05 0.010000  1.283554e+05 5.123940e-03 -4.240310e-04 0  1.283554e+05 5.012230e-03 4.006390e-07 0
1.397663e+05 0.010000  1.397652e+05 5.147030e-03 -4.733800e-04 0  1.397652e+05 5.012070e-03 4.121080e-07 0
1.521922e+05 0.010000  1.521908e+05 5.162790e-03 -5.245880e-04 0  1.521908e+05 5.014470e-03 5.989310e-07 0
1.657227e+05 0.010000  1.657183e+05 5.195170e-03 -5.889100e-04 0  1.657183e+05 5.016800e-03 2.862980e-07 0
1.804562e+05 0.010000  1.804527e+05 5.213500e-03 -6.661170e-04 0  1.804527e+05 5.010620e-03 -6.435270e-07 0
1.964995e+05 0.010000  1.964959e+05 5.246570e-03 -7.437960e-04 0  1.964959e+05 5.015360e-03 -5.948790e-07 0
2.139691e+05 0.010000  2.139647e+05 5.275360e-03 -8.396710e-04 0  2.139647e+05 5.011060e-03 -7.755600e-08 0
2.329919e+05 0.010000  2.329917e+05 5.309720e-03 -9.359020e-04 0  2.329917e+05 5.008340e-03 9.193790e-07 0
2.537059e+05 0.010000  2.536997e+05 5.341810e-03 -1.065260e-03 0  2.536997e+05 5.010000e-03 4.735120e-07 0
2.762614e+05 0.010000  2.762548e+05 5.376940e-03 -1.215360e-03 0  2.762548e+05 5.008870e-03 7.992270e-07 0
3.008222e+05 0.010000  3.008147e+05 5.410160e-03 -1.391000e-03 0  3.008147e+05 5.003680e-03 -9.335180e-08 0
3.275666e+05 0.010000  3.275672e+05 5.422820e-03 -1.589980e-03 0  3.275672e+05 4.996080e-03 1.734270e-07 0
3.566887e+05 0.010000  3.566873e+05 5.425230e-03 -1.821540e-03 0  3.566873e+05 4.990890e-03 9.990670e-07 0
3.883998e+05 0.010000  3.883911e+05 5.420240e-03 -2.084420e-03 0  3.883911e+05 4.990750e-03 1.051260e-06 0
4.229302e+05 0.010000  4.229196e+05 5.381430e-03 -2.393840e-03 0  4.229196e+05 4.983640e-03 2.409670e-07 0
4.605305e+05 0.010000  4.605288e+05 5.288770e-03 -2.730770e-03 0  4.605288e+05 4.974930e-03 -1.931220e-10 0
5.014736e+05 0.010000  5.014755e+05 5.158150e-03 -3.112090e-03 0  5.014755e+05 4.965890e-03 -2.763920e-07 0
5.460568e+05 0.010000  5.460512e+05 4.951170e-03 -3.504690e-03 0  5.460512e+05 4.955350e-03 7.070050e-07 0
5.946036e+05 0.010000  5.946047e+05 4.649370e-03 -3.912210e-03 0  5.946047e+05 4.938760e-03 7.637650e-07 0
6.474664e+05 0.010000  6.474674e+05 4.293880e-03 -4.313210e-03 0  6.474674e+05 4.925270e-03 -2.368380e-07 0
7.050289e+05 0.010000  7.050261e+05 3.801140e-03 -4.673950e-03 0  7.050261e+05 4.911590e-03 -5.506620e-07 0
7.677089e+05 0.010000  7.676951e+05 3.226940e-03 -4.988300e-03 0  7.676951e+05 4.892790e-03 -1.401310e-07 0
8.359616e+05 0.010000  8.359412e+05 2.557470e-03 -5.185150e-03 0  8.359412e+05 4.871700e-03 3.236920e-07 0
9.102821e+05 0.010000  9.102793e+05 1.827580e-03 -5.278260e-03 0  9.102793e+05 4.847440e-03 1.478190e-06 0
9.912101e+05 0.010000  9.912091e+05 1.103510e-03 -5.223600e-03 0  9.912091e+05 4.815940e-03 5.857970e-07 0
1.079333e+06 0.010000  1.079334e+06 3.974460e-04 -5.009850e-03 0  1.079334e+06 4.783950e-03 2.503960e-07 0
1.175290e+06 0.010000  1.175265e+06 -2.597750e-04 -4.675400e-03 0  1.175265e+06 4.746850e-03 4.415070e-06 0
1.279778e+06 0.010000  1.279773e+06 -8.384500e-04 -4.235760e-03 0  1.279773e+06 4.700210e-03 1.640410e-06 0
1.393556e+06 0.010000  1.393517e+06 -1.270890e-03 -3.713680e-03 0  1.393517e+06 4.653720e-03 1.767940e-06 0
1.517449e+06 0.010000  1.517450e+06 -1.573730e-03 -3.168030e-03 0  1.517450e+06 4.591720e-03 -1.298580e-06 0
1.652357e+06 0.010000  1.652314e+06 -1.792200e-03 -2.602420e-03 0  1.652314e+06 4.520990e-03 1.138810e-06 0
1.799259e+06 0.010000  1.799267e+06 -1.878530e-03 -2.084380e-03 0  1.799267e+06 4.443120e-03 -6.216530e-06 0
1.959220e+06 0.010000  1.959168e+06 -1.876340e-03 -1.600920e-03 0  1.959168e+06 4.361020e-03 3.730650e-06 0
2.133404e+06 0.010000  2.133377e+06 -1.811810e-03 -1.175920e-03 0  2.133377e+06 4.258640e-03 6.873430e-06 0
2.323072e+06 0.010000  2.323050e+06 -1.678900e-03 -8.070640e-04 0  2.323050e+06 4.157560e-03 -8.375300e-07 0
2.529603e+06 0.010000  2.529616e+06 -1.542290e-03 -4.926400e-04 0  2.529616e+06 4.032540e-03 1.001080e-06 0
2.754496e+06 0.010000  2.754415e+06 -1.378130e-03 -2.478880e-04 0  2.754415e+06 3.898420e-03 3.841730e-06 0
2.999382e+06 0.010000  2.999390e+06 -1.196260e-03 -4.721530e-05 0  2.999390e+06 3.752490e-03 -1.047600e-05 0
3.266040e+06 0.010000  3.265976e+06 -1.029760e-03 1.069130e-04 0  3.265976e+06 3.589970e-03 -6.473510e-06 0
3.556405e+06 0.010000  3.556500e+06 -8.566320e-04 2.205290e-04 0  3.556500e+06 3.404880e-03 -1.092420e-05 0
3.872585e+06 0.010000  3.872334e+06 -6.939990e-04 2.996360e-04 0  3.872334e+06 3.223580e-03 6.457660e-06 0
4.216874e+06 0.010000  4.216512e+06 -5.439300e-04 3.581310e-04 0  4.216512e+06 3.019550e-03 1.155210e-05 0
4.591772e+06 0.010000  4.592135e+06 -4.093960e-04 3.911750e-04 0  4.592135e+06 2.839910e-03 -8.253820e-06 0
5.000000e+06 0.010000  4.830305e+06 -1.780780e-05 8.112430e-05 0  4.830305e+06 4.133360e-05 -1.882230e-04 0
