# F_set      Vpp_set   F0           Vpp0   OVL0 RNG0  F1           Vpp1   OVL1 RNG1
1.000000e+03 0.020000  9.999835e+02 9.907780e-03 -5.429280e-06 0  9.999835e+02 9.908720e-03 1.350440e-06 0
1.088904e+03 0.020000  1.088903e+03 9.906200e-03 -8.527550e-06 0  1.088903e+03 9.907570e-03 -4.498320e-07 0
1.185713e+03 0.020000  1.185706e+03 9.906430e-03 -9.425970e-06 0  1.185706e+03 9.907740e-03 -1.009390e-06 0
1.291127e+03 0.020000  1.291096e+03 9.904510e-03 -1.010530e-05 0  1.291096e+03 9.906280e-03 -1.145490e-06 0
1.405914e+03 0.020000  1.405874e+03 9.903030e-03 -9.130560e-06 0  1.405874e+03 9.904940e-03 6.971790e-07 0
1.530906e+03 0.020000  1.530904e+03 9.902690e-03 -1.015710e-05 0  1.530904e+03 9.904520e-03 -3.968610e-07 0
1.667010e+03 0.020000  1.666984e+03 9.900600e-03 -1.266390e-05 0  1.666984e+03 9.902210e-03 -1.350260e-06 0
1.815214e+03 0.020000  1.815164e+03 9.901300e-03 -1.182950e-05 0  1.815164e+03 9.903390e-03 -2.576160e-07 0
1.976595e+03 0.020000  1.976596e+03 9.900320e-03 -1.296820e-05 0  1.976596e+03 9.902700e-03 -3.404560e-07 0
2.152322e+03 0.020000  2.152276e+03 9.900810e-03 -1.497960e-05 0  2.152276e+03 9.902450e-03 -1.151570e-06 0
2.343673e+03 0.020000  2.343612e+03 9.898660e-03 -1.429790e-05 0  2.343612e+03 9.900950e-03 1.034800e-06 0
2.552035e+03 0.020000  2.551994e+03 9.898650e-03 -1.424110e-05 0  2.551994e+03 9.900430e-03 1.498170e-06 0
2.778922e+03 0.020000  2.778919e+03 9.898810e-03 -1.726510e-05 0  2.778919e+03 9.901130e-03 4.053710e-07 0
3.025980e+03 0.020000  3.025979e+03 9.900410e-03 -1.967370e-05 0  3.025979e+03 9.901640e-03 -9.776600e-07 0
3.295003e+03 0.020000  3.294947e+03 9.901760e-03 -1.907880e-05 0  3.294947e+03 9.903850e-03 1.518960e-06 0
3.587943e+03 0.020000  3.587852e+03 9.898230e-03 -2.155830e-05 0  3.587852e+03 9.900390e-03 1.033310e-06 0
3.906926e+03 0.020000  3.906818e+03 9.899510e-03 -2.364700e-05 0  3.906818e+03 9.901610e-03 1.866630e-07 0
4.254269e+03 0.020000  4.254148e+03 9.898570e-03 -2.528030e-05 0  4.254148e+03 9.900430e-03 1.219410e-07 0
4.632491e+03 0.020000  4.632380e+03 9.900160e-03 -2.995610e-05 0  4.632380e+03 9.901540e-03 -7.015630e-07 0
5.044339e+03 0.020000  5.044231e+03 9.898630e-03 -3.024200e-05 0  5.044231e+03 9.899880e-03 1.283710e-06 0
5.492803e+03 0.020000  5.492818e+03 9.899720e-03 -3.466610e-05 0  5.492818e+03 9.901540e-03 -2.135970e-07 0
5.981136e+03 0.020000  5.981128e+03 9.898270e-03 -3.771910e-05 0  5.981128e+03 9.899940e-03 4.258330e-07 0
6.512885e+03 0.020000  6.512734e+03 9.899440e-03 -3.938430e-05 0  6.512734e+03 9.901710e-03 1.278450e-06 0
7.091908e+03 0.020000  7.091920e+03 9.898390e-03 -4.395320e-05 0  7.091920e+03 9.900880e-03 -3.380030e-07 0
7.722409e+03 0.020000  7.722337e+03 9.900540e-03 -4.776720e-05 0  7.722337e+03 9.903970e-03 -1.149860e-06 0
8.408964e+03 0.020000  8.408750e+03 9.902810e-03 -5.095190e-05 0  8.408750e+03 9.904860e-03 -6.928720e-07 0
9.156557e+03 0.020000  9.156402e+03 9.907620e-03 -5.177900e-05 0  9.156402e+03 9.909360e-03 1.430470e-06 0
9.970614e+03 0.020000  9.970373e+03 9.906020e-03 -5.965270e-05 0  9.970373e+03 9.908710e-03 9.481940e-07 0
1.085704e+04 0.020000  1.085681e+04 9.906820e-03 -6.260540e-05 0  1.085681e+04 9.909350e-03 1.483120e-06 0
1.182228e+04 0.020000  1.182215e+04 9.907480e-03 -6.964610e-05 0  1.182215e+04 9.911100e-03 1.316820e-06 0
1.287333e+04 0.020000  1.287333e+04 9.910880e-03 -7.553640e-05 0  1.287333e+04 9.913770e-03 2.888590e-07 0
1.401783e+04 0.020000  1.401763e+04 9.914130e-03 -8.029890e-05 0  1.401763e+04 9.914980e-03 1.369210e-06 0
1.526407e+04 0.020000  1.526367e+04 9.914330e-03 -9.109920e-05 0  1.526367e+04 9.913190e-03 1.508430e-07 0
1.662111e+04 0.020000  1.662105e+04 9.913130e-03 -9.558750e-05 0  1.662105e+04 9.912530e-03 7.998930e-07 0
1.809880e+04 0.020000  1.809835e+04 9.911450e-03 -1.077050e-04 0  1.809835e+04 9.910870e-03 -6.494060e-07 0
1.970786e+04 0.020000  1.970792e+04 9.909860e-03 -1.156880e-04 0  1.970792e+04 9.909920e-03 1.279380e-07 0
2.145997e+04 0.020000  2.145973e+04 9.913300e-03 -1.241140e-04 0  2.145973e+04 9.909300e-03 1.052180e-06 0
2.336786e+04 0.020000  2.336792e+04 9.912610e-03 -1.398100e-04 0  2.336792e+04 9.909010e-03 -4.686150e-07 0
2.544536e+04 0.020000  2.544471e+04 9.915710e-03 -1.518880e-04 0  2.544471e+04 9.908230e-03 -6.404180e-08 0
2.770756e+04 0.020000  2.770733e+04 9.918060e-03 -1.618980e-04 0  2.770733e+04 9.909410e-03 -1.213010e-06 0
3.017088e+04 0.020000  3.017073e+04 9.919580e-03 -1.788950e-04 0  3.017073e+04 9.911260e-03 -7.240400e-07 0
3.285320e+04 0.020000  3.285330e+04 9.924960e-03 -1.931720e-04 0  3.285330e+04 9.912210e-03 -4.002670e-07 0
3.577399e+04 0.020000  3.577382e+04 9.932290e-03 -2.144150e-04 0  3.577382e+04 9.914030e-03 -9.311980e-07 0
3.895445e+04 0.020000  3.895390e+04 9.934360e-03 -2.376310e-04 0  3.895390e+04 9.916960e-03 -1.266000e-06 0
4.241767e+04 0.020000  4.241744e+04 9.941210e-03 -2.542410e-04 0  4.241744e+04 9.917910e-03 -1.208160e-06 0
4.618878e+04 0.020000  4.618771e+04 9.951270e-03 -2.759160e-04 0  4.618771e+04 9.921100e-03 -6.311890e-07 0
5.029516e+04 0.020000  5.029429e+04 9.955010e-03 -2.996250e-04 0  5.029429e+04 9.922350e-03 1.269010e-06 0
5.476662e+04 0.020000  5.476553e+04 9.965230e-03 -3.328210e-04 0  5.476553e+04 9.923040e-03 -1.035350e-06 0
5.963560e+04 0.020000  5.963573e+04 9.969760e-03 -3.432120e-04 0  5.963573e+04 9.922790e-03 -1.460320e-07 0
6.493746e+04 0.020000  6.493632e+04 9.991150e-03 -3.961510e-04 0  6.493632e+04 9.934180e-03 1.229760e-06 0
7.071068e+04 0.020000  7.071088e+04 1.000650e-02 -4.315680e-04 0  7.071088e+04 9.935270e-03 4.678720e-08 0
7.699716e+04 0.020000  7.699575e+04 1.002250e-02 -4.739390e-04 0  7.699575e+04 9.936980e-03 -1.140010e-06 0
8.384254e+04 0.020000  8.384158e+04 1.003630e-02 -5.208430e-04 0  8.384158e+04 9.939230e-03 -1.365730e-06 0
9.129649e+04 0.020000  9.129666e+04 1.005510e-02 -5.721860e-04 0  9.129666e+04 9.943350e-03 1.896650e-07 0
9.941314e+04 0.020000  9.941058e+04 1.007420e-02 -6.289390e-04 0  9.941058e+04 9.943190e-03 9.454000e-07 0
1.082514e+05 0.020000  1.082496e+05 1.010640e-02 -6.948320e-04 0  1.082496e+05 9.945490e-03 9.209640e-07 0
1.178754e+05 0.020000  1.178722e+05 1.013410e-02 -7.674620e-04 0  1.178722e+05 9.948340e-03 7.012280e-07 0
1.283550e+05 0.020000  1.283531e+05 1.017370e-02 -8.518660e-04 0  1.283531e+05 9.950580e-03 7.645350e-08 0
1.397663e+05 0.020000  1.397657e+05 1.020790e-02 -9.457220e-04 0  1.397657e+05 9.951340e-03 -2.499730e-07 0
1.521922e+05 0.020000  1.521900e+05 1.025180e-02 -1.050920e-03 0  1.521900e+05 9.954740e-03 1.664640e-07 0
1.657227e+05 0.020000  1.657191e+05 1.029670e-02 -1.168210e-03 0  1.657191e+05 9.953800e-03 1.073150e-06 0
1.804562e+05 0.020000  1.804560e+05 1.035020e-02 -1.310370e-03 0  1.804560e+05 9.951920e-03 2.724750e-07 0
1.964995e+05 0.020000  1.964999e+05 1.041340e-02 -1.469060e-03 0  1.964999e+05 9.951960e-03 3.228590e-07 0
2.139691e+05 0.020000  2.139637e+05 1.047520e-02 -1.659020e-03 0  2.139637e+05 9.952640e-03 6.882600e-07 0
2.329919e+05 0.020000  2.329900e+05 1.053500e-02 -1.877840e-03 0  2.329900e+05 9.950040e-03 7.488250e-07 0
2.537059e+05 0.020000  2.537067e+05 1.060730e-02 -2.129470e-03 0  2.537067e+05 9.945180e-03 -4.967110e-07 0
2.762614e+05 0.020000  2.762568e+05 1.068590e-02 -2.434270e-03 0  2.762568e+05 9.945620e-03 -8.570760e-07 0
3.008222e+05 0.020000  3.008177e+05 1.073140e-02 -2.763660e-03 0  3.008177e+05 9.941710e-03 -1.319210e-06 0
3.275666e+05 0.020000  3.275629e+05 1.078040e-02 -3.167910e-03 0  3.275629e+05 9.937070e-03 9.175290e-07 0
3.566887e+05 0.020000  3.566817e+05 1.078950e-02 -3.630000e-03 0  3.566817e+05 9.930000e-03 9.516310e-07 0
3.883998e+05 0.020000  3.883979e+05 1.078120e-02 -4.155830e-03 0  3.883979e+05 9.920590e-03 1.442000e-06 0
4.229302e+05 0.020000  4.229288e+05 1.069180e-02 -4.768930e-03 0  4.229288e+05 9.912980e-03 3.268180e-07 0
4.605305e+05 0.020000  4.605320e+05 1.054880e-02 -5.455080e-03 0  4.605320e+05 9.903420e-03 -1.030020e-07 0
5.014736e+05 0.020000  5.014612e+05 1.027050e-02 -6.179550e-03 0  5.014612e+05 9.895410e-03 8.763530e-07 0
5.460568e+05 0.020000  5.460430e+05 9.883930e-03 -7.009470e-03 0  5.460430e+05 9.885390e-03 -2.021330e-07 0
5.946036e+05 0.020000  5.946028e+05 9.288840e-03 -7.812500e-03 0  5.946028e+05 9.852600e-03 2.200390e-06 0
6.474664e+05 0.020000  6.474494e+05 8.556170e-03 -8.616170e-03 0  6.474494e+05 9.851610e-03 3.974390e-06 0
7.050289e+05 0.020000  7.050305e+05 7.610160e-03 -9.377560e-03 0  7.050305e+05 9.829440e-03 6.590760e-08 0
7.677089e+05 0.020000  7.677084e+05 6.453540e-03 -9.998660e-03 0  7.677084e+05 9.807690e-03 -2.338940e-06 0
8.359616e+05 0.020000  8.359487e+05 5.128680e-03 -1.043790e-02 0  8.359487e+05 9.788780e-03 1.650380e-06 0
9.102821e+05 0.020000  9.102724e+05 3.689080e-03 -1.061740e-02 0  9.102724e+05 9.760560e-03 3.769630e-06 0
9.912101e+05 0.020000  9.911932e+05 2.206070e-03 -1.052440e-02 0  9.911932e+05 9.729020e-03 8.271370e-06 0
1.079333e+06 0.020000  1.079303e+06 7.550760e-04 -1.013370e-02 0  1.079303e+06 9.695850e-03 3.474550e-06 0
1.175290e+06 0.020000  1.175275e+06 -5.710840e-04 -9.506240e-03 0  1.175275e+06 9.640940e-03 6.851910e-06 0
1.279778e+06 0.020000  1.279749e+06 -1.702990e-03 -8.618390e-03 0  1.279749e+06 9.598710e-03 4.536010e-06 0
1.393556e+06 0.020000  1.393524e+06 -3.389870e-03 -7.071580e-03 0  1.393524e+06 9.535820e-03 8.443510e-06 0
1.517449e+06 0.020000  1.517431e+06 -3.919510e-03 -5.870800e-03 0  1.517431e+06 9.455470e-03 1.446060e-08 0
1.652357e+06 0.020000  1.652322e+06 -4.208650e-03 -4.684120e-03 0  1.652322e+06 9.368520e-03 3.119690e-06 0
1.799259e+06 0.020000  1.799231e+06 -4.285700e-03 -3.588240e-03 0  1.799231e+06 9.256350e-03 1.201600e-05 0
1.959220e+06 0.020000  1.959207e+06 -4.175370e-03 -2.580960e-03 0  1.959207e+06 9.138250e-03 5.951800e-06 0
2.133404e+06 0.020000  2.133416e+06 -3.922580e-03 -1.723510e-03 0  2.133416e+06 9.012980e-03 -6.717170e-06 0
2.323072e+06 0.020000  2.323083e+06 -3.594250e-03 -9.983510e-04 0  2.323083e+06 8.862040e-03 7.720270e-06 0
2.529603e+06 0.020000  2.529612e+06 -3.075260e-03 -9.829000e-04 0  2.529612e+06 8.035680e-03 1.679700e-06 0
2.754496e+06 0.020000  2.754477e+06 -2.750850e-03 -4.806630e-04 0  2.754477e+06 7.775520e-03 1.377450e-06 0
2.999382e+06 0.020000  2.999266e+06 -2.393350e-03 -1.025620e-04 0  2.999266e+06 7.480690e-03 1.582020e-05 0
3.266040e+06 0.020000  3.265986e+06 -2.047110e-03 2.229290e-04 0  3.265986e+06 7.167250e-03 -1.463250e-05 0
3.556405e+06 0.020000  3.556310e+06 -1.710640e-03 4.508710e-04 0  3.556310e+06 6.809890e-03 -1.035740e-05 0
3.872585e+06 0.020000  3.872335e+06 -1.386040e-03 6.107980e-04 0  3.872335e+06 6.436310e-03 1.445430e-05 0
4.216874e+06 0.020000  4.216483e+06 -1.081440e-03 7.224250e-04 0  4.216483e+06 6.037130e-03 1.920300e-05 0
4.591772e+06 0.020000  4.591509e+06 -7.683440e-04 7.916450e-04 0  4.591509e+06 5.579990e-03 3.246880e-05 0
5.000000e+06 0.020000  4.843701e+06 2.279820e-05 7.407900e-06 0  4.843701e+06 2.172810e-04 3.103110e-05 0
