# F_set      Vpp_set   F0           Vpp0   OVL0 RNG0  F1           Vpp1   OVL1 RNG1
1.000000e+03 0.006173  9.999887e+02 4.809700e-02 -1.753970e-04 0  9.999887e+02 2.967270e-03 1.345640e-07 0
1.000000e+03 0.006888  9.999855e+02 4.812630e-02 -1.356780e-04 0  9.999855e+02 2.968960e-03 2.528940e-06 0
1.000000e+03 0.007686  9.999997e+02 5.630330e-02 -2.447460e-04 0  9.999997e+02 3.473610e-03 -2.524430e-06 0
1.000000e+03 0.008576  1.000001e+03 6.448970e-02 -2.748840e-04 0  1.000001e+03 3.978640e-03 -2.475380e-06 0
1.000000e+03 0.009570  9.999960e+02 7.269460e-02 -2.401620e-04 0  9.999960e+02 4.484690e-03 1.581100e-06 0
1.000000e+03 0.010678  9.999735e+02 8.089720e-02 -3.129150e-04 0  9.999735e+02 4.990760e-03 -1.333830e-06 0
1.000000e+03 0.011915  9.999866e+02 8.915230e-02 -3.697590e-04 0  9.999866e+02 5.500150e-03 -2.770660e-06 0
1.000000e+03 0.013296  1.000005e+03 1.057590e-01 -3.348910e-04 0  1.000005e+03 6.527570e-03 2.315070e-06 0
1.000000e+03 0.014836  9.999947e+02 1.141410e-01 -3.657430e-04 0  9.999947e+02 7.044740e-03 2.531890e-06 0
1.000000e+03 0.016555  9.999758e+02 1.266880e-01 -4.407300e-04 0  9.999758e+02 7.818480e-03 6.864000e-07 0
1.000000e+03 0.018473  9.999813e+02 1.437060e-01 -5.304310e-04 0  9.999813e+02 8.868900e-03 -1.275840e-06 0
1.000000e+03 0.020613  9.999893e+02 1.602910e-01 -5.615610e-04 0  9.999893e+02 9.904440e-03 -1.346600e-06 0
1.000000e+03 0.023000  1.000002e+03 1.846490e-01 -6.212210e-04 0  1.000002e+03 1.140920e-02 3.122870e-07 0
1.000000e+03 0.025665  1.000003e+03 2.011700e-01 -6.750760e-04 0  1.000003e+03 1.243100e-02 -6.643330e-07 0
1.000000e+03 0.028638  9.999746e+02 2.262230e-01 -7.538680e-04 0  9.999746e+02 1.397890e-02 -3.671790e-07 0
1.000000e+03 0.031956  9.999737e+02 2.505840e-01 -8.201240e-04 0  9.999737e+02 1.548400e-02 2.021840e-07 0
1.000000e+03 0.035658  9.999860e+02 2.835290e-01 -9.729410e-04 0  9.999860e+02 1.751950e-02 -2.266110e-06 0
1.000000e+03 0.039788  9.999999e+02 3.165390e-01 -1.032040e-03 0  9.999999e+02 1.956880e-02 -1.714790e-06 0
1.000000e+03 0.044398  1.000001e+03 3.580830e-01 -1.164520e-03 0  1.000001e+03 2.213730e-02 -1.683630e-06 0
1.000000e+03 0.049541  9.999741e+02 3.990180e-01 -1.245900e-03 0  9.999741e+02 2.466810e-02 1.485790e-06 0
1.000000e+03 0.055280  9.999759e+02 4.484860e-01 -1.455030e-03 0  9.999759e+02 2.772620e-02 -1.880670e-06 0
1.000000e+03 0.061684  1.000003e+03 4.981470e-01 -1.564970e-03 0  1.000003e+03 3.079490e-02 -1.268090e-06 0
1.000000e+03 0.068830  9.999739e+02 5.563290e-01 -1.713470e-03 0  9.999739e+02 3.439120e-02 1.745450e-07 0
1.000000e+03 0.076804  9.999888e+02 6.225360e-01 -1.838210e-03 0  9.999888e+02 3.848380e-02 5.262790e-06 0
1.000000e+03 0.085701  9.999920e+02 6.968990e-01 -2.252050e-03 0  9.999920e+02 4.308050e-02 -5.481210e-06 0
1.000000e+03 0.095629  1.000001e+03 7.800860e-01 -2.477490e-03 0  1.000001e+03 4.822270e-02 -3.803340e-06 0
1.000000e+03 0.106707  1.000003e+03 8.723490e-01 -2.663150e-03 0  1.000003e+03 5.392440e-02 2.140660e-08 0
1.000000e+03 0.119069  1.000001e+03 9.810300e-01 -3.065320e-03 0  1.000001e+03 6.064100e-02 -4.529920e-06 0
1.000000e+03 0.132863  9.999935e+02 1.091800e+00 -3.794200e-03 0  9.999935e+02 6.744850e-02 -8.277930e-06 0
1.000000e+03 0.148254  1.000003e+03 1.227810e+00 -4.127320e-03 0  1.000003e+03 7.585050e-02 -7.811110e-07 0
1.000000e+03 0.165429  9.999965e+02 1.305730e+00 -4.278170e-03 0  9.999965e+02 8.066370e-02 5.493350e-06 0
1.000000e+03 0.184593  9.999966e+02 1.467140e+00 -5.043350e-03 0  9.999966e+02 9.063390e-02 -8.354490e-06 0
1.000000e+03 0.205978  9.999755e+02 1.638900e+00 -5.276310e-03 0  9.999755e+02 1.011990e-01 1.121000e-05 0
1.000000e+03 0.229839  1.000001e+03 1.836370e+00 -6.071810e-03 0  1.000001e+03 1.133940e-01 3.016010e-06 0
1.000000e+03 0.256465  9.999840e+02 2.059550e+00 -6.596500e-03 0  9.999840e+02 1.272110e-01 1.942940e-05 0
1.000000e+03 0.286176  9.999997e+02 2.302970e+00 -7.927250e-03 0  9.999997e+02 1.422450e-01 -1.226600e-05 0
1.000000e+03 0.319328  9.999747e+02 2.573010e+00 -8.742310e-03 0  9.999747e+02 1.589210e-01 -6.008550e-06 0
1.000000e+03 0.356321  1.000003e+03 2.882380e+00 -9.763020e-03 0  1.000003e+03 1.780300e-01 -4.880580e-06 0
1.000000e+03 0.397599  9.999804e+02 3.218550e+00 -1.039110e-02 0  9.999804e+02 1.988220e-01 2.885230e-05 0
1.000000e+03 0.443659  9.999913e+02 3.593800e+00 -1.261780e-02 0  9.999913e+02 2.220010e-01 -2.953690e-05 0
1.000000e+03 0.495056  1.000002e+03 4.022090e+00 -1.354380e-02 0  1.000002e+03 2.484590e-01 2.864230e-06 0
1.000000e+03 0.552406  9.999754e+02 4.497170e+00 -1.545230e-02 0  9.999754e+02 2.778050e-01 -1.693180e-05 0
1.000000e+03 0.616400  9.999822e+02 5.024910e+00 -1.615660e-02 0  9.999822e+02 3.104100e-01 4.767040e-05 0
1.000000e+03 0.687807  9.999744e+02 5.606390e+00 -1.849790e-02 0  9.999744e+02 3.463290e-01 2.306980e-05 0
1.000000e+03 0.767487  9.999852e+02 6.268000e+00 -2.195790e-02 0  9.999852e+02 3.871930e-01 -5.195110e-05 0
1.000000e+03 0.856397  9.999975e+02 7.010850e+00 -2.309630e-02 0  9.999975e+02 4.330700e-01 3.132800e-05 0
1.000000e+03 0.955607  1.000002e+03 7.828700e+00 -2.625400e-02 0  1.000002e+03 4.835890e-01 7.524950e-06 0
1.000000e+03 1.066310  9.999741e+02 8.756630e+00 -2.960590e-02 0  9.999741e+02 5.408980e-01 3.317440e-05 0
1.000000e+03 1.189838  9.999991e+02 9.588230e+00 -3.276570e-02 0  9.999991e+02 6.046520e-01 3.314740e-05 0
1.000000e+03 1.327676  9.999883e+02 1.008530e+01 -3.361680e-02 0  9.999883e+02 6.762840e-01 9.295310e-05 0
1.000000e+03 1.481481  9.999876e+02 1.044070e+01 -3.490890e-02 0  9.999876e+02 7.572030e-01 1.065310e-04 0
