# F_set      Vpp_set   F0           Vpp0   OVL0 RNG0  F1           Vpp1   OVL1 RNG1
1.000000e+03 0.001898  9.999930e+02 2.174690e-02 -1.336640e-05 0  9.999930e+02 4.235880e-04 1.983500e-06 0
1.000000e+03 0.002117  9.999959e+02 4.921790e-02 -1.163770e-04 0  9.999959e+02 9.596550e-04 2.477110e-06 0
1.000000e+03 0.002363  9.999899e+02 4.914160e-02 -2.660930e-04 0  9.999899e+02 9.583880e-04 -2.965680e-07 0
1.000000e+03 0.002636  9.999819e+02 4.917060e-02 -1.805370e-04 0  9.999819e+02 9.589060e-04 1.253440e-06 0
1.000000e+03 0.002942  9.999860e+02 4.925440e-02 -3.620580e-04 0  9.999860e+02 9.605650e-04 -2.291790e-06 0
1.000000e+03 0.003283  9.999909e+02 7.503140e-02 -4.525890e-04 0  9.999909e+02 1.463360e-03 -1.610880e-06 0
1.000000e+03 0.003663  9.999789e+02 7.502970e-02 -2.779930e-04 0  9.999789e+02 1.463270e-03 1.481440e-06 0
1.000000e+03 0.004087  9.999771e+02 1.008040e-01 -4.237070e-04 0  9.999771e+02 1.967470e-03 1.149960e-06 0
1.000000e+03 0.004561  1.000006e+03 1.006200e-01 -5.579660e-04 0  1.000006e+03 1.963930e-03 -1.682410e-06 0
1.000000e+03 0.005089  9.999970e+02 1.264410e-01 -7.266960e-04 0  9.999970e+02 2.467750e-03 -2.558160e-06 0
1.000000e+03 0.005678  9.999736e+02 1.265030e-01 -5.487580e-04 0  9.999736e+02 2.468910e-03 1.100430e-06 0
1.000000e+03 0.006336  1.000004e+03 1.520570e-01 -6.075970e-04 0  1.000004e+03 2.967390e-03 2.248660e-06 0
1.000000e+03 0.007070  9.999739e+02 1.779510e-01 -7.612570e-04 0  9.999739e+02 3.473120e-03 1.741420e-06 0
1.000000e+03 0.007889  9.999817e+02 1.779930e-01 -7.699010e-04 0  9.999817e+02 3.474060e-03 1.317640e-06 0
1.000000e+03 0.008803  9.999827e+02 2.038010e-01 -9.845380e-04 0  9.999827e+02 3.979030e-03 -8.382880e-07 0
1.000000e+03 0.009823  9.999817e+02 2.297590e-01 -9.209600e-04 0  9.999817e+02 4.485430e-03 2.649090e-06 0
1.000000e+03 0.010961  9.999875e+02 2.556930e-01 -1.140560e-03 0  9.999875e+02 4.991950e-03 5.668110e-07 0
1.000000e+03 0.012231  9.999918e+02 3.081790e-01 -1.455160e-03 0  9.999918e+02 6.016440e-03 -6.880490e-07 0
1.000000e+03 0.013648  9.999757e+02 3.345540e-01 -1.546280e-03 0  9.999757e+02 6.531300e-03 1.049080e-07 0
1.000000e+03 0.015229  9.999966e+02 3.707280e-01 -1.797520e-03 0  9.999966e+02 7.236730e-03 -1.686200e-06 0
1.000000e+03 0.016993  9.999765e+02 3.998110e-01 -1.800220e-03 0  9.999765e+02 7.804890e-03 8.077840e-07 0
1.000000e+03 0.018962  9.999763e+02 4.542980e-01 -2.050630e-03 0  9.999763e+02 8.868280e-03 1.001520e-06 0
1.000000e+03 0.021158  9.999929e+02 5.319840e-01 -2.369310e-03 0  9.999929e+02 1.039700e-02 -1.451360e-06 0
1.000000e+03 0.023609  9.999882e+02 5.840070e-01 -2.415130e-03 0  9.999882e+02 1.141470e-02 1.787060e-06 0
1.000000e+03 0.026345  9.999999e+02 6.631300e-01 -2.815440e-03 0  9.999999e+02 1.296010e-02 8.079780e-07 0
1.000000e+03 0.029396  9.999789e+02 7.403700e-01 -3.258500e-03 0  9.999789e+02 1.446950e-02 -1.436050e-06 0
1.000000e+03 0.032802  1.000003e+03 8.194510e-01 -3.557410e-03 0  1.000003e+03 1.601510e-02 -7.149430e-07 0
1.000000e+03 0.036602  9.999823e+02 9.237900e-01 -4.104640e-03 0  9.999823e+02 1.805330e-02 -2.472600e-06 0
1.000000e+03 0.040842  9.999988e+02 1.028570e+00 -4.722010e-03 0  9.999988e+02 2.009890e-02 -1.960580e-06 0
1.000000e+03 0.045573  9.999739e+02 1.157900e+00 -5.163370e-03 0  9.999739e+02 2.262610e-02 5.936130e-07 0
1.000000e+03 0.050853  9.999939e+02 1.289350e+00 -5.644600e-03 0  9.999939e+02 2.519430e-02 2.426280e-06 0
1.000000e+03 0.056744  9.999745e+02 1.446040e+00 -6.383160e-03 0  9.999745e+02 2.825570e-02 2.119890e-06 0
1.000000e+03 0.063318  9.999754e+02 1.627940e+00 -7.141740e-03 0  9.999754e+02 3.181030e-02 2.989690e-06 0
1.000000e+03 0.070653  9.999966e+02 1.812060e+00 -7.962260e-03 0  9.999966e+02 3.540770e-02 2.782160e-06 0
1.000000e+03 0.078838  9.999866e+02 2.021300e+00 -8.792480e-03 0  9.999866e+02 3.950860e-02 5.570280e-06 0
1.000000e+03 0.087971  9.999849e+02 2.256520e+00 -9.812920e-03 0  9.999849e+02 4.410440e-02 6.614140e-06 0
1.000000e+03 0.098162  1.000001e+03 2.547500e+00 -1.153840e-02 0  1.000001e+03 4.978940e-02 -3.942450e-06 0
1.000000e+03 0.109533  9.999933e+02 2.836940e+00 -1.299370e-02 0  9.999933e+02 5.544520e-02 -6.795860e-06 0
1.000000e+03 0.122222  9.999966e+02 3.183400e+00 -1.449700e-02 0  9.999966e+02 6.221660e-02 -6.390440e-06 0
1.000000e+03 0.136381  1.000003e+03 3.557790e+00 -1.583960e-02 0  1.000003e+03 6.953260e-02 3.442680e-07 0
1.000000e+03 0.152180  9.999857e+02 3.762780e+00 -1.732930e-02 0  9.999857e+02 7.353810e-02 -1.117120e-05 0
1.000000e+03 0.169810  1.000003e+03 4.230260e+00 -1.889360e-02 0  1.000003e+03 8.267320e-02 -9.814380e-07 0
1.000000e+03 0.189482  9.999905e+02 4.762190e+00 -2.065150e-02 0  9.999905e+02 9.306930e-02 1.074190e-05 0
1.000000e+03 0.211432  9.999750e+02 5.325340e+00 -2.386780e-02 0  9.999750e+02 1.040340e-01 -5.888170e-06 0
1.000000e+03 0.235926  1.000003e+03 5.949700e+00 -2.628740e-02 0  1.000003e+03 1.162270e-01 7.850080e-07 0
1.000000e+03 0.263257  9.999900e+02 6.677350e+00 -3.048740e-02 0  9.999900e+02 1.304420e-01 -1.838680e-05 0
1.000000e+03 0.293754  9.999937e+02 7.468620e+00 -3.221850e-02 0  9.999937e+02 1.458970e-01 1.647500e-05 0
1.000000e+03 0.327784  9.999781e+02 8.342560e+00 -3.583120e-02 0  9.999781e+02 1.629620e-01 2.144430e-05 0
1.000000e+03 0.365757  9.999752e+02 9.300020e+00 -4.188560e-02 0  9.999752e+02 1.824970e-01 -8.754370e-06 0
1.000000e+03 0.408128  9.999850e+02 9.892590e+00 -4.562930e-02 0  9.999850e+02 2.045010e-01 -2.767190e-05 0
1.000000e+03 0.455408  9.999739e+02 1.027860e+01 -4.605670e-02 0  9.999739e+02 2.280950e-01 2.957270e-08 0
