# F_set      Vpp_set   F0           Vpp0   OVL0 RNG0  F1           Vpp1   OVL1 RNG1
1.000000e+03 0.052562  9.999753e+02 7.977920 0 5e+00  9.999741e+02 0.052460 0 5e+00
1.088904e+03 0.052562  1.088903e+03 7.977280 0 1e+01  1.088903e+03 0.052382 0 1e-01
1.185713e+03 0.052562  1.185712e+03 7.977240 0 1e+01  1.185712e+03 0.052383 0 1e-01
1.291127e+03 0.052562  1.291119e+03 7.976240 0 1e+01  1.291118e+03 0.052377 0 1e-01
1.405914e+03 0.052562  1.405899e+03 7.975780 0 1e+01  1.405900e+03 0.052376 0 1e-01
1.530906e+03 0.052562  1.530867e+03 7.975000 0 1e+01  1.530867e+03 0.052368 0 1e-01
1.667010e+03 0.052562  1.666990e+03 7.973460 0 1e+01  1.666991e+03 0.052359 0 1e-01
1.815214e+03 0.052562  1.815217e+03 7.973060 0 1e+01  1.815217e+03 0.052355 0 1e-01
1.976595e+03 0.052562  1.976546e+03 7.972920 0 1e+01  1.976546e+03 0.052358 0 1e-01
2.152322e+03 0.052562  2.152268e+03 7.971760 0 1e+01  2.152268e+03 0.052351 0 1e-01
2.343673e+03 0.052562  2.343617e+03 7.970880 0 1e+01  2.343618e+03 0.052348 0 1e-01
2.552035e+03 0.052562  2.551994e+03 7.970140 0 1e+01  2.551993e+03 0.052343 0 1e-01
2.778922e+03 0.052562  2.778902e+03 7.968500 0 1e+01  2.778904e+03 0.052331 0 1e-01
3.025980e+03 0.052562  3.025979e+03 7.968420 0 1e+01  3.025980e+03 0.052334 0 1e-01
3.295003e+03 0.052562  3.294997e+03 7.967100 0 1e+01  3.294995e+03 0.052327 0 1e-01
3.587943e+03 0.052562  3.587881e+03 7.966620 0 1e+01  3.587878e+03 0.052322 0 1e-01
3.906926e+03 0.052562  3.906926e+03 7.966320 0 1e+01  3.906924e+03 0.052322 0 1e-01
4.254269e+03 0.052562  4.254258e+03 7.965560 0 1e+01  4.254261e+03 0.052322 0 1e-01
4.632491e+03 0.052562  4.632509e+03 7.964540 0 1e+01  4.632511e+03 0.052315 0 1e-01
5.044339e+03 0.052562  5.044211e+03 7.964080 0 1e+01  5.044211e+03 0.052319 0 1e-01
5.492803e+03 0.052562  5.492756e+03 7.963320 0 1e+01  5.492747e+03 0.052316 0 1e-01
5.981136e+03 0.052562  5.981053e+03 7.962460 0 1e+01  5.981048e+03 0.052317 0 1e-01
6.512885e+03 0.052562  6.512758e+03 7.962280 0 1e+01  6.512751e+03 0.052322 0 1e-01
7.091908e+03 0.052562  7.091824e+03 7.961740 0 1e+01  7.091835e+03 0.052324 0 1e-01
7.722409e+03 0.052562  7.722226e+03 7.961180 0 1e+01  7.722217e+03 0.052329 0 1e-01
8.408964e+03 0.052562  8.408971e+03 7.960320 0 1e+01  8.408976e+03 0.052337 0 1e-01
9.156557e+03 0.052562  9.156502e+03 7.959540 0 1e+01  9.156486e+03 0.052342 0 1e-01
9.970614e+03 0.052562  9.970357e+03 7.958840 0 1e+01  9.970361e+03 0.052354 0 1e-01
1.085704e+04 0.052562  1.085709e+04 7.957420 0 1e+01  1.085709e+04 0.052361 0 1e-01
1.182228e+04 0.052562  1.182209e+04 7.957500 0 1e+01  1.182212e+04 0.052390 0 1e-01
1.287333e+04 0.052562  1.287302e+04 7.955080 0 1e+01  1.287304e+04 0.052400 0 1e-01
1.401783e+04 0.052562  1.401777e+04 7.952640 0 1e+01  1.401780e+04 0.052414 0 1e-01
1.526407e+04 0.052562  1.526367e+04 7.947260 0 1e+01  1.526367e+04 0.052415 0 1e-01
1.662111e+04 0.052562  1.662095e+04 7.941500 0 1e+01  1.662099e+04 0.052416 0 1e-01
1.809880e+04 0.052562  1.809889e+04 7.934920 0 1e+01  1.809888e+04 0.052426 0 1e-01
1.970786e+04 0.052562  1.970795e+04 7.925180 0 1e+01  1.970796e+04 0.052407 0 1e-01
2.145997e+04 0.052562  2.145949e+04 7.914220 0 1e+01  2.145955e+04 0.052391 0 1e-01
2.336786e+04 0.052562  2.336769e+04 7.903120 0 1e+01  2.336781e+04 0.052390 0 1e-01
2.544536e+04 0.052562  2.544477e+04 7.889500 0 1e+01  2.544485e+04 0.052375 0 1e-01
2.770756e+04 0.052562  2.770756e+04 7.872680 0 1e+01  2.770740e+04 0.052357 0 1e-01
3.017088e+04 0.052562  3.017097e+04 7.859420 0 1e+01  3.017111e+04 0.052405 0 1e-01
3.285320e+04 0.052562  3.285262e+04 7.834940 0 1e+01  3.285285e+04 0.052363 0 1e-01
3.577399e+04 0.052562  3.577354e+04 7.811600 0 1e+01  3.577331e+04 0.052368 0 1e-01
3.895445e+04 0.052562  3.895413e+04 7.785700 0 1e+01  3.895382e+04 0.052391 0 1e-01
4.241767e+04 0.052562  4.241783e+04 7.753240 0 1e+01  4.241776e+04 0.052392 0 1e-01
4.618878e+04 0.052562  4.618832e+04 7.715760 0 1e+01  4.618868e+04 0.052397 0 1e-01
5.029516e+04 0.052562  5.029499e+04 7.668840 0 1e+01  5.029526e+04 0.052379 0 1e-01
5.476662e+04 0.052562  5.476526e+04 7.597120 0 1e+01  5.476536e+04 0.052424 0 1e-01
5.963560e+04 0.052562  5.963430e+04 7.461560 0 1e+01  5.963489e+04 0.052452 0 1e-01
6.493746e+04 0.052562  6.493741e+04 7.259020 0 1e+01  6.493755e+04 0.052417 0 1e-01
7.071068e+04 0.052562  7.070977e+04 7.010880 0 1e+01  7.071084e+04 0.052441 0 1e-01
7.699716e+04 0.052562  7.699568e+04 6.723460 0 1e+01  7.699531e+04 0.052433 0 1e-01
8.384254e+04 0.052562  8.384095e+04 6.409860 0 1e+01  8.384246e+04 0.052428 0 1e-01
9.129649e+04 0.052562  9.129603e+04 6.081760 0 1e+01  9.129442e+04 0.052487 0 1e-01
9.941314e+04 0.052562  9.941255e+04 5.745440 0 1e+01  9.941417e+04 0.052485 0 1e-01
1.082514e+05 0.052562  1.082495e+05 5.405240 0 1e+01  1.082499e+05 0.052447 0 1e-01
1.178754e+05 0.052562  1.178735e+05 5.061060 0 1e+01  1.178710e+05 0.052513 0 1e-01
1.283550e+05 0.052562  1.283552e+05 4.707120 0 1e+01  1.283526e+05 0.052417 0 1e-01
1.397663e+05 0.052562  1.397660e+05 4.357260 0 5e+00  1.397645e+05 0.052426 0 1e-01
1.521922e+05 0.052562  1.521895e+05 4.012720 0 5e+00  1.521909e+05 0.052385 0 1e-01
1.657227e+05 0.052562  1.657199e+05 3.684980 0 5e+00  1.657215e+05 0.052390 0 1e-01
1.804562e+05 0.052562  1.804521e+05 3.380280 0 5e+00  1.804566e+05 0.052360 0 1e-01
1.964995e+05 0.052562  1.964954e+05 3.098480 0 5e+00  1.964978e+05 0.052395 0 1e-01
2.139691e+05 0.052562  2.139695e+05 2.837900 0 5e+00  2.139641e+05 0.052429 0 1e-01
2.329919e+05 0.052562  2.329888e+05 2.598920 0 5e+00  2.329904e+05 0.052488 0 1e-01
2.537059e+05 0.052562  2.537038e+05 2.377300 0 5e+00  2.537058e+05 0.052402 0 1e-01
2.762614e+05 0.052562  2.762593e+05 2.174020 0 5e+00  2.762546e+05 0.052427 0 1e-01
3.008222e+05 0.052562  3.008206e+05 1.986294 0 5e+00  3.008223e+05 0.052381 0 1e-01
3.275666e+05 0.052562  3.275646e+05 1.816996 0 2e+00  3.275600e+05 0.052358 0 1e-01
3.566887e+05 0.052562  3.566821e+05 1.657526 0 2e+00  3.566881e+05 0.052323 0 1e-01
3.883998e+05 0.052562  3.884002e+05 1.509204 0 2e+00  3.884000e+05 0.052325 0 1e-01
4.229302e+05 0.052562  4.229207e+05 1.373008 0 2e+00  4.229193e+05 0.052328 0 1e-01
4.605305e+05 0.052562  4.605195e+05 1.247128 0 2e+00  4.605228e+05 0.052269 0 1e-01
5.014736e+05 0.052562  5.014746e+05 1.130148 0 2e+00  5.014737e+05 0.052251 0 1e-01
5.460568e+05 0.052562  5.460435e+05 1.023070 0 2e+00  5.460420e+05 0.052225 0 1e-01
5.946036e+05 0.052562  5.945921e+05 0.923998 0 2e+00  5.945927e+05 0.052170 0 1e-01
6.474664e+05 0.052562  6.474521e+05 0.845412 0 1e+00  6.474518e+05 0.052103 0 1e-01
7.050289e+05 0.052562  7.050294e+05 0.759940 0 1e+00  7.050319e+05 0.051990 0 1e-01
7.677089e+05 0.052562  7.676978e+05 0.682206 0 1e+00  7.677041e+05 0.051981 0 1e-01
8.359616e+05 0.052562  8.359385e+05 0.610568 0 1e+00  8.359429e+05 0.051919 0 1e-01
9.102821e+05 0.052562  9.102726e+05 0.545352 0 1e+00  9.102807e+05 0.051819 0 1e-01
9.912101e+05 0.052562  9.911863e+05 0.485856 0 1e+00  9.911863e+05 0.051775 0 1e-01
1.079333e+06 0.052562  1.079337e+06 0.427192 0 5e-01  1.079329e+06 0.051575 0 1e-01
1.175290e+06 0.052562  1.175258e+06 0.378198 0 5e-01  1.175263e+06 0.051531 0 1e-01
1.279778e+06 0.052562  1.279745e+06 0.333622 0 5e-01  1.279772e+06 0.051164 0 1e-01
1.393556e+06 0.052562  1.393518e+06 0.293548 0 5e-01  1.393549e+06 0.050990 0 1e-01
1.517449e+06 0.052562  1.517459e+06 0.256560 0 5e-01  1.517451e+06 0.050798 0 1e-01
1.652357e+06 0.052562  1.652397e+06 0.223164 0 5e-01  1.652333e+06 0.050518 0 1e-01
1.799259e+06 0.052562  1.799212e+06 0.192325 0 5e-01  1.799266e+06 0.050185 0 1e-01
1.959220e+06 0.052562  1.959178e+06 0.161985 0 2e-01  1.959249e+06 0.049669 0 1e-01
2.133404e+06 0.052562  2.133363e+06 0.134829 0 2e-01  2.133424e+06 0.048863 0 5e-02
2.323072e+06 0.052562  2.323079e+06 0.109470 0 2e-01  2.323003e+06 0.048328 0 5e-02
2.529603e+06 0.052562  2.529610e+06 0.088301 0 2e-01  2.529594e+06 0.047687 0 5e-02
2.754496e+06 0.052562  2.754344e+06 0.069699 0 2e-01  2.754503e+06 0.047387 0 1e-01
2.999382e+06 0.052562  2.999424e+06 0.055428 0 2e-01  2.999255e+06 0.046649 0 1e-01
3.266040e+06 0.052562  3.266128e+06 0.043235 0 1e-01  3.265944e+06 0.045068 0 5e-02
3.556405e+06 0.052562  3.556255e+06 0.033664 0 1e-01  3.556485e+06 0.044392 0 1e-01
3.872585e+06 0.052562  3.872323e+06 0.026193 0 1e-01  3.872331e+06 0.043461 0 1e-01
4.216874e+06 0.052562  4.217096e+06 0.019977 0 1e-01  4.217117e+06 0.042005 0 1e-01
4.591772e+06 0.052562  4.592048e+06 0.015205 0 1e-01  4.592058e+06 0.041214 0 2e-01
5.000000e+06 0.052562  0.000000e+00 0.000000 0 1e-01  4.795860e+06 0.000202 0 2e-01
