# freq [Hz]  noise density [V^2/Hz]
1.4285714286 1.0262030741e-11
4.2857142857 1.86749108701e-13
5.7142857143 1.6580842382899998e-13
7.1428571429 9.673014488700002e-14
8.5714285714 6.91102166019e-14
10.0 7.0173595735e-14
11.428571429 6.3156858844e-14
12.857142857 5.234537091710001e-14
14.285714286 4.2629948664e-14
15.714285714 3.09929321371e-14
17.142857143 3.0156102014000005e-14
18.571428571 4.4163371339e-14
20.0 2.6645969970999998e-14
21.428571429 2.02716591346e-14
22.857142857 2.5067371989999996e-14
24.285714286 2.2623817321299998e-14
25.714285714 1.5624320094e-14
27.142857143 3.190039473450001e-14
28.571428571 1.52974642474e-14
30.0 9.767116117599999e-15
31.428571429 1.2217074263e-14
32.857142857 1.2874907399100001e-14
34.285714286 1.6992898451999995e-14
35.714285714 1.25266401398e-14
37.142857143 1.2330697440500001e-14
38.571428571 1.67889353228e-14
40.0 1.67278039378e-14
41.428571429 6.5207170418e-15
42.857142857 1.7787084661700002e-14
44.285714286 1.1466687001e-14
45.714285714 7.2092038119e-15
47.142857143 1.3269052291699997e-14
48.571428571 1.3140340363599998e-14
50.0 9.6201172786e-15
51.428571429 1.2394567593999999e-14
52.857142857 9.309296802e-15
54.285714286 9.968809618000001e-15
55.714285714 5.9508675226e-15
57.142857143 7.089488424650001e-15
58.571428571 9.529804533599999e-15
60.0 2.2406205943e-14
61.428571429 5.5406420817999996e-15
62.857142857 7.210362524e-15
64.285714286 9.6507952346e-15
65.714285714 3.5174964010400002e-15
67.142857143 4.2973004769600004e-15
68.571428571 8.214137329780001e-15
70.0 1.1508859514099999e-14
71.428571429 4.26308848e-15
72.857142857 8.7808791905e-15
74.285714286 4.8171236621e-15
75.714285714 4.3557505817000005e-15
77.142857143 8.058952691999999e-15
78.571428571 6.3926577620999994e-15
80.0 7.024967613000001e-15
81.428571429 7.164792537099999e-15
82.857142857 4.611221565600001e-15
84.285714286 4.425486569000001e-15
85.714285714 4.3282969863e-15
87.142857143 7.7023563445e-15
88.571428571 4.0537061543999996e-15
90.0 5.051410509000001e-15
91.428571429 4.837469233600001e-15
92.857142857 5.382458705999999e-15
94.285714286 5.9219872366e-15
95.714285714 3.832577662299999e-15
97.142857143 3.5319584705e-15
99.285714286 4.768130527e-15
102.14285714 3.844042215359999e-15
105.0 4.3583409127e-15
107.85714286 4.290589770000001e-15
110.71428571 3.282402509e-15
113.57142857 2.7047736481000002e-15
116.42857143 3.762204822e-15
119.28571429 5.8710275686e-15
122.14285714 3.3734452249999997e-15
125.0 3.7160614637999994e-15
127.85714286 3.205440257e-15
130.71428571 2.8977432009599998e-15
133.57142857 4.540829378090001e-15
136.42857143 3.785215945399999e-15
139.28571429 2.2767153069e-15
142.14285714 3.0545969703000004e-15
145.0 3.529870125e-15
147.85714286 3.5240571503999995e-15
150.71428571 4.600671902e-15
153.57142857 3.3471291548000003e-15
156.42857143 3.0288279995999997e-15
159.28571429 3.336393923e-15
162.14285714 3.3129100096999994e-15
165.0 3.604332473e-15
167.85714286 3.59449916e-15
170.71428571 3.0019968984e-15
173.57142857 1.9954522185000004e-15
176.42857143 5.273553968299999e-15
179.28571429 5.7923038904000006e-15
182.14285714 2.3214422505000003e-15
185.0 2.6401008612000005e-15
187.85714286 2.9696345301999996e-15
190.71428571 2.8507665377000005e-15
193.57142857 1.5103269636e-15
197.14285714 2.8651098440000002e-15
201.42857143 2.1749604145e-15
205.71428571 3.763450212000001e-15
210.0 2.3819306268000003e-15
214.28571429 1.840945702e-15
218.57142857 3.2265995730000002e-15
222.85714286 3.2910746739999997e-15
227.14285714 2.9624016282999995e-15
231.42857143 3.1006645848000006e-15
235.71428571 2.7318733540999998e-15
240.0 3.8090633586e-15
244.28571429 3.3352343930000005e-15
248.57142857 2.1942083425e-15
252.85714286 2.954348635e-15
257.14285714 2.745814054e-15
261.42857143 1.88776681e-15
265.71428571 2.2806268819999998e-15
270.0 1.8629165509000005e-15
274.28571429 1.9957054592e-15
278.57142857 2.3558543556e-15
282.85714286 2.9471903960000003e-15
287.14285714 2.5857531746000003e-15
291.42857143 1.8636518124000003e-15
296.42857143 2.5928331449999998e-15
302.14285714 2.888133172e-15
307.85714286 2.5786570219999996e-15
313.57142857 2.0912190041e-15
319.28571429 1.9082502689999994e-15
325.0 2.2932089535e-15
330.71428571 1.6326762607000003e-15
336.42857143 2.362481819e-15
342.14285714 2.05511175e-15
347.85714286 2.32868642e-15
353.57142857 2.0284021887000002e-15
359.28571429 2.4542038801999995e-15
365.0 1.3986308128000001e-15
370.71428571 2.427824087e-15
376.42857143 2.1843505239999997e-15
382.14285714 1.4586883012000002e-15
387.85714286 2.294014855e-15
394.28571429 1.7859850305000003e-15
401.42857143 2.0272949949999997e-15
408.57142857 2.2245481440000002e-15
415.71428571 2.023604346e-15
422.85714286 2.859167732e-15
430.0 2.0898852126e-15
437.14285714 2.2501736570000004e-15
444.28571429 1.6695152698000001e-15
451.42857143 1.8302833070000003e-15
458.57142857 1.9677103823999998e-15
465.71428571 1.7649844827e-15
472.85714286 2.1190923854e-15
480.0 1.6377418083e-15
487.85714286 2.0868581639999998e-15
496.42857143 2.3116404832999998e-15
505.0 2.641867285e-15
513.57142857 1.6158154841e-15
522.14285714 1.9726704061000004e-15
530.71428571 1.4873249812e-15
539.28571429 2.2878389749e-15
547.85714286 1.7309835778000004e-15
556.42857143 1.4509742449000003e-15
565.0 1.8725319820000004e-15
573.57142857 1.4422609236e-15
582.14285714 1.856722529e-15
591.42857143 1.961479782e-15
601.42857143 1.8429610949e-15
611.42857143 1.579776713e-15
621.42857143 1.6046383761000001e-15
631.42857143 1.6291174262000002e-15
641.42857143 1.4444783895e-15
651.42857143 1.9463537246e-15
661.42857143 1.5185281633000002e-15
671.42857143 1.5915428721999998e-15
682.14285714 1.7993929622e-15
693.57142857 1.524280475e-15
705.0 1.529222274e-15
716.42857143 1.891681579e-15
727.85714286 1.5617821678e-15
739.28571429 1.4878446338000003e-15
750.71428571 1.9218398488000003e-15
762.14285714 1.6305681481e-15
773.57142857 1.7199696963999998e-15
785.71428571 1.8017837501e-15
798.57142857 1.8592897893e-15
811.42857143 1.5240695419e-15
824.28571429 1.4641852865000002e-15
837.14285714 1.6849837238000001e-15
850.0 1.3509658558e-15
862.85714286 1.4527523298999998e-15
876.42857143 1.4344164214e-15
890.71428571 1.4971411802000002e-15
905.0 1.4690641177000002e-15
919.28571429 1.2993331265999998e-15
933.57142857 1.2586791165e-15
947.85714286 1.3890315497e-15
962.14285714 1.3121792251e-15
977.14285714 1.4135860574e-15
992.85714286 1.2817776002e-15
1008.5714286 1.5037300276e-15
1024.2857143 1.3776004395999999e-15
1040.0 1.1331765812999998e-15
1055.7142857 1.1877441134e-15
1072.1428571 1.3077392529e-15
1089.2857143 1.2726192282e-15
1106.4285714 1.2348404172e-15
1123.5714286 1.2120367990999999e-15
1140.7142857 1.2152326117000001e-15
1157.8571429 1.2583701020000002e-15
1175.7142857 1.2372879814000001e-15
1194.2857143 1.0063778906e-15
1212.8571429 1.298573346e-15
1231.4285714 1.0713808646999999e-15
1250.0 1.1205183981999999e-15
1269.2857143 9.921871427999998e-16
1289.2857143 1.3503359639999998e-15
1309.2857143 1.0951465300999998e-15
1329.2857143 1.1346398675e-15
1349.2857143 9.954766305000001e-16
1370.0 1.0785253464e-15
1391.4285714 9.854719488e-16
1412.8571429 1.1171508799e-15
1434.2857143 9.929689452999999e-16
1455.7142857 8.538173195000001e-16
1477.8571429 1.0073806857000001e-15
1500.7142857 1.1883519267999999e-15
1523.5714286 9.33835651e-16
1546.4285714 1.0003706357e-15
1570.0 9.991830594e-16
1594.2857143 8.688239599000001e-16
1618.5714286 9.444270042e-16
1642.8571429 8.633831461999999e-16
1667.8571429 8.45434514e-16
1693.5714286 8.911529319e-16
1719.2857143 9.107864291999998e-16
1745.0 9.916630717e-16
1771.4285714 8.754296824e-16
1798.5714286 7.665363541e-16
1825.7142857 7.550744716000001e-16
1853.5714286 7.738088421000001e-16
1882.1428571 7.584682582999999e-16
1910.7142857 8.030625857999998e-16
1939.2857143 7.170069049e-16
1968.5714286 6.861565122999999e-16
1998.5714286 6.9745096e-16
2028.5714286 6.036639435e-16
2059.2857143 7.455783412e-16
2090.7142857 7.212862573000001e-16
2122.1428571 7.077311376e-16
2154.2857143 6.202537354e-16
2187.1428571 5.707351956000001e-16
2220.0 6.142607743999999e-16
2253.5714286 6.411297947e-16
2287.8571429 6.110304227e-16
2322.1428571 6.485870661000001e-16
2357.1428571 6.120708019e-16
2392.8571429 6.090256387999999e-16
2429.2857143 6.278805842e-16
2466.4285714 5.949504294999999e-16
2503.5714286 5.445331495000001e-16
2541.4285714 5.3920301680000005e-16
2580.0 5.257031293e-16
2618.5714286 5.026527785e-16
2657.8571429 5.497982652e-16
2697.8571429 4.679209022000001e-16
2738.5714286 5.036593113e-16
2780.0 4.753396487e-16
2822.1428571 4.648222222000001e-16
2865.0 5.038805199e-16
2907.8571429 4.477679924999999e-16
2951.4285714 4.3140527910000004e-16
2995.7142857 4.567013693e-16
3040.7142857 4.151582697e-16
3086.4285714 3.7492298519999995e-16
3132.8571429 4.1820682609999995e-16
3180.0 3.7942132160000005e-16
3227.8571429 3.864039143e-16
3276.4285714 3.8286919589999996e-16
3325.7142857 3.7175329130000005e-16
3375.7142857 3.756284923e-16
3426.4285714 3.3016632259999997e-16
3477.8571429 3.2126294030000004e-16
3530.0 3.2355995560000005e-16
3582.8571429 3.261142746e-16
3636.4285714 2.7930234089999996e-16
3691.4285714 3.175281539e-16
3747.1428571 3.010775693e-16
3803.5714286 2.6267729599999997e-16
3860.7142857 3.011960948e-16
3918.5714286 2.88134125e-16
3977.1428571 2.46301428e-16
4036.4285714 2.624507984e-16
4097.1428571 2.834748476e-16
4158.5714286 2.573257991e-16
4220.7142857 2.668137925e-16
4284.2857143 2.627407611e-16
4348.5714286 2.4312002450000003e-16
4413.5714286 2.4286328769999997e-16
4480.0 2.052504487e-16
4547.1428571 2.366865839e-16
4615.0 2.274424266e-16
4684.2857143 2.0573633229999998e-16
4754.2857143 1.8767898570000002e-16
4825.0 1.9119532249999996e-16
4897.1428571 2.030874437e-16
4970.7142857 1.9878106389999998e-16
5045.0 1.906339851e-16
5120.0 1.8529218549999999e-16
5196.4285714 1.700176515e-16
5274.2857143 1.6829214039999999e-16
5353.5714286 1.622929918e-16
5433.5714286 1.657822795e-16
5514.2857143 1.716857904e-16
5596.4285714 1.659370962e-16
5680.0 1.52776932e-16
5765.0 1.625571416e-16
5851.4285714 1.523157696e-16
5939.2857143 1.4323475246999998e-16
6028.5714286 1.4780211270000002e-16
6119.2857143 1.42564133e-16
6210.7142857 1.4343842639999999e-16
6302.8571429 1.282630383e-16
6396.4285714 1.308182954e-16
6491.4285714 1.287583798e-16
6587.8571429 1.227464339e-16
6685.7142857 1.221739866e-16
6785.0 1.1152614035000002e-16
6885.7142857 1.1804711298999998e-16
6987.8571429 1.1138806393000001e-16
7092.1428571 1.0817470601999999e-16
7198.5714286 1.0672284478999999e-16
7306.4285714 1.0173427004000002e-16
7415.7142857 1.0581543005999998e-16
7526.4285714 1.0022545786000001e-16
7638.5714286 9.928030605000001e-17
7752.1428571 1.01548124e-16
7867.8571429 9.399411967e-17
7985.7142857 1.0325009349000002e-16
8105.0 9.077181488999999e-17
8225.7142857 9.293710813000001e-17
8347.8571429 8.7328344e-17
8472.1428571 8.839048779e-17
8598.5714286 8.32348013e-17
8726.4285714 8.193368797999999e-17
8856.4285714 7.840511437999999e-17
8988.5714286 7.998713681e-17
9122.1428571 7.746194493999999e-17
9257.8571429 8.056833021e-17
9395.7142857 7.131951149e-17
9535.7142857 7.290098486000001e-17
9677.8571429 7.121817989e-17
9822.1428571 6.935742370000001e-17
9968.5714286 6.798881503000001e-17
10117.142857 6.626273863999999e-17
10267.857143 6.9577168e-17
10420.714286 6.539050677e-17
10575.714286 6.414210719e-17
10732.857143 6.210049154000001e-17
10892.857143 6.123821266e-17
11055.0 5.847246623e-17
11219.285714 5.820428163000001e-17
11386.428571 5.710714024e-17
11556.428571 5.5390143039999995e-17
11728.571429 5.559273455e-17
11902.857143 5.5314408560000004e-17
12080.0 5.0882238159999994e-17
12260.0 5.0652760390000003e-17
12442.857143 5.285344468e-17
12628.571429 5.2176234109999994e-17
12817.142857 4.9537558669999997e-17
13007.857143 5.088311112000001e-17
13200.714286 4.8018606999999996e-17
13396.428571 4.898723974e-17
13595.714286 4.664714452e-17
13798.571429 4.571300887e-17
14004.285714 4.4745832320000003e-17
14212.857143 4.5103650610000005e-17
14424.285714 4.2812899449999997e-17
14638.571429 4.1673427710000005e-17
14856.428571 4.277560213e-17
15077.857143 4.238991505e-17
15302.142857 4.043081707e-17
15529.285714 4.269481382000001e-17
15760.0 3.946031233000001e-17
15994.285714 4.1962683780000003e-17
16232.142857 4.023092417e-17
16473.571429 3.765974272000001e-17
16718.571429 3.729377351e-17
16967.142857 3.8755204919999995e-17
17219.285714 3.8035417210000005e-17
17475.0 3.762832546e-17
17734.285714 3.704570287e-17
17997.857143 3.5746062549999997e-17
18265.714286 3.560576926e-17
18537.142857 3.575680926e-17
18812.142857 3.504726500999999e-17
19091.428571 3.380972488e-17
19375.0 3.3497951199999994e-17
19662.857143 3.3612379819999995e-17
19955.0 3.2741909820000003e-17
20251.428571 3.268991562e-17
20552.142857 3.19477776e-17
20857.142857 3.093551814e-17
21167.142857 3.0740244019999996e-17
21482.142857 3.0780783010000004e-17
21801.428571 2.9057472e-17
22125.0 2.9931601259999997e-17
22453.571429 2.926198099e-17
22787.142857 2.986864142e-17
23125.714286 2.973033359e-17
23469.285714 2.8566471270000005e-17
23817.857143 2.7693088240000003e-17
24171.428571 2.8823562389999995e-17
24530.0 2.8158443159999997e-17
24894.285714 2.705109371e-17
25264.285714 2.6927038619999998e-17
25640.0 2.6194909730000002e-17
26021.428571 2.5937483140000004e-17
26408.571429 2.6899178969999998e-17
26801.428571 2.567147042e-17
27200.0 2.6028770080000003e-17
27604.285714 2.5984166820000002e-17
28014.285714 2.6555463859999998e-17
28430.0 2.526592311e-17
28852.142857 2.523979053e-17
29280.714286 2.5081094780000002e-17
29715.714286 2.5202949239999997e-17
30157.142857 2.462440397e-17
30605.0 2.428814459e-17
31059.285714 2.4963486280000005e-17
31520.0 2.493354735e-17
31987.857143 2.3827120929999998e-17
32462.857143 2.4402702760000003e-17
32945.0 2.3986745060000002e-17
33434.285714 2.405895149e-17
33930.714286 2.3160304389999997e-17
34434.285714 2.306926113e-17
34945.0 2.3048861020000003e-17
35463.571429 2.305130692e-17
35990.0 2.2606754959999998e-17
36524.285714 2.3268442069999997e-17
37066.428571 2.3045125349999997e-17
37616.428571 2.25828155e-17
38175.0 2.249863527e-17
38742.142857 2.218092254e-17
39317.142857 2.199690786e-17
39900.0 2.172282032e-17
40492.142857 2.263064366e-17
41093.571429 2.150028775e-17
41703.571429 2.2258840600000005e-17
42322.142857 2.1989736340000003e-17
42950.0 2.1697601529999997e-17
43587.142857 2.1284387190000002e-17
44233.571429 2.16219415e-17
44890.0 2.172849083e-17
45556.428571 2.2224773550000003e-17
46232.857143 2.1816202889999996e-17
46919.285714 2.1208960250000005e-17
47615.714286 2.1733927040000004e-17
48322.142857 2.096166008e-17
49039.285714 2.146089132e-17
49767.142857 2.116716024e-17
50505.714286 2.106678409e-17
51255.0 2.073035458e-17
52015.0 2.0492147829999998e-17
52786.428571 2.149224421e-17
53569.285714 2.050855158e-17
54363.571429 2.08060084e-17
55170.0 2.064294546e-17
55988.571429 2.105736425e-17
56819.285714 2.056773449e-17
57662.142857 2.035336465e-17
58517.142857 1.984805737e-17
59385.0 2.051151408e-17
60265.714286 2.0383610859999995e-17
61159.285714 2.046759432e-17
62066.428571 2.001931979e-17
62987.142857 2.085553777e-17
63921.428571 2.017167074e-17
64870.0 2.037078196e-17
65832.857143 2.056866575e-17
66810.0 2.029519656e-17
67801.428571 2.033040326e-17
68807.142857 2.004187845e-17
69827.857143 1.998702224e-17
70863.571429 2.005749236e-17
71914.285714 1.981580147e-17
72980.714286 1.963724313e-17
74062.857143 1.9486123419999998e-17
75161.428571 1.966025817e-17
76276.428571 1.936759321e-17
77407.857143 1.9848579849999998e-17
78556.428571 1.933934919e-17
79722.142857 1.906610178e-17
80905.0 1.9033584560000002e-17
82105.0 1.8816542529999998e-17
83322.857143 1.9303529000000005e-17
84558.571429 1.900281491e-17
85812.142857 1.9376475439999998e-17
87084.285714 1.926938682e-17
88375.714286 1.914236787e-17
89686.428571 1.874364998e-17
91016.428571 1.888980606e-17
92366.428571 1.890418517e-17
93736.428571 1.8936823989999998e-17
95126.428571 1.8535198030000002e-17
96537.142857 1.8871498899999997e-17
97969.285714 1.936020112e-17
99422.857143 1.899556354e-17
100897.85714 1.9061800249999997e-17
102394.28571 1.908697335e-17
103912.85714 1.882295857e-17
105454.28571 1.8862318119999998e-17
107018.57143 1.853754457e-17
108605.71429 1.883660149e-17
110216.42857 1.8533799079999997e-17
111851.42857 1.905854729e-17
113510.71429 1.8970110129999996e-17
115194.28571 1.8756300599999996e-17
116902.85714 1.856473967e-17
118636.42857 1.8755312460000002e-17
120395.71429 1.8658763170000002e-17
122181.42857 1.8520605789999998e-17
123993.57143 1.855928405e-17
125832.85714 1.8357137589999996e-17
127699.28571 1.855979051e-17
129592.85714 1.8495945279999998e-17
131514.28571 1.856573697e-17
133464.28571 1.828596257e-17
135443.57143 1.8383584530000005e-17
137452.14286 1.8674715070000002e-17
139490.0 1.862473118e-17
141558.57143 1.861870447e-17
143657.85714 1.818458219e-17
145787.85714 1.828508504e-17
147949.28571 1.8293823810000002e-17
150142.85714 1.8186766960000002e-17
152369.28571 1.834235418e-17
154628.57143 1.849292388e-17
156921.42857 1.8238880420000004e-17
159248.57143 1.829633481e-17
161610.0 1.840391004e-17
164006.42857 1.8347842740000002e-17
166438.57143 1.811045419e-17
168906.42857 1.8374737470000003e-17
171410.71429 1.81206172e-17
173952.14286 1.809520834e-17
176531.42857 1.8333310749999998e-17
179149.28571 1.812726446e-17
181805.71429 1.8027600059999997e-17
184501.42857 1.822681372e-17
187237.14286 1.8180032569999998e-17
190013.57143 1.811371271e-17
192831.42857 1.803574355e-17
195690.71429 1.828449866e-17
198592.14286 1.8130979289999998e-17
201536.42857 1.8149734260000003e-17
204524.28571 1.8100802249999996e-17
207556.42857 1.800782941e-17
210633.57143 1.8249134679999997e-17
213756.42857 1.8263428159999998e-17
216925.71429 1.7895445070000003e-17
220142.14286 1.807291532e-17
223406.42857 1.819280383e-17
226719.28571 1.7972128440000003e-17
230080.71429 1.805166822e-17
233492.14286 1.8051824859999995e-17
236954.28571 1.797256357e-17
240467.14286 1.8621956009999997e-17
244032.14286 1.8080035679999998e-17
247650.0 1.786895992e-17
251321.42857 1.7946186040000004e-17
255047.85714 1.815382349e-17
258830.0 1.786284237e-17
262667.85714 1.786221754e-17
266562.14286 1.782918571e-17
270514.28571 1.7971111460000002e-17
274525.0 1.794966966e-17
278595.0 1.7994461679999998e-17
282725.71429 1.793494082e-17
286917.85714 1.798866923e-17
291172.14286 1.802673961e-17
295489.28571 1.811516136e-17
299870.0 1.804385048e-17
304315.71429 1.779133934e-17
308827.85714 1.77292471e-17
313407.14286 1.8090516899999998e-17
318054.28571 1.7920498539999997e-17
322770.0 1.784519788e-17
327555.0 1.786212945e-17
332410.71429 1.7801100680000002e-17
337338.57143 1.769928178e-17
342340.0 1.7735940520000004e-17
347415.71429 1.7709567699999998e-17
352566.42857 1.780524514e-17
357793.57143 1.77698664e-17
363098.57143 1.779515382e-17
368482.14286 1.7588064339999995e-17
373945.0 1.770978227e-17
379488.57143 1.770858089e-17
385114.28571 1.7669334389999998e-17
390823.57143 1.785892044e-17
396617.85714 1.773701569e-17
402497.85714 1.7773610550000002e-17
408465.0 1.7667721279999998e-17
414520.71429 1.768649751e-17
420666.42857 1.7715506800000004e-17
426903.57143 1.7572095470000006e-17
433232.85714 1.7446381890000002e-17
439655.71429 1.7649713460000002e-17
446173.57143 1.7609491549999997e-17
452787.85714 1.7559438260000002e-17
459500.71429 1.7422243979999997e-17
466313.57143 1.763913986e-17
473227.14286 1.7715256790000002e-17
480242.85714 1.7501852320000002e-17
487362.85714 1.7501073489999998e-17
494588.57143 1.7511274510000003e-17
501920.71429 1.761277543e-17
509361.42857 1.751113336e-17
516912.85714 1.743666964e-17
524576.42857 1.746464289e-17
532353.57143 1.737336258e-17
540245.71429 1.7329239690000003e-17
548255.0 1.738513873e-17
556382.85714 1.736918839e-17
564630.71429 1.754711859e-17
573001.42857 1.746810927e-17
581496.42857 1.7462571520000002e-17
590117.14286 1.812369128e-17
598865.71429 1.728158208e-17
607743.57143 1.740511722e-17
616752.85714 1.732343091e-17
625895.71429 1.733075787e-17
635174.28571 1.717468815e-17
644590.71429 1.726161859e-17
654146.42857 1.7255307150000002e-17
663843.57143 1.7187777460000002e-17
673685.0 1.717014312e-17
683672.85714 1.720758256e-17
693808.57143 1.7245895379999998e-17
704094.28571 1.725537575e-17
714532.14286 1.714164192e-17
725125.0 1.7093091979999998e-17
735875.0 1.695375887e-17
746784.28571 1.693253986e-17
757855.71429 1.7029723489999997e-17
769090.71429 1.698822979e-17
780492.14286 1.694998102e-17
792062.85714 1.7006715190000003e-17
803805.0 1.696451649e-17
815721.42857 1.686239552e-17
827814.28571 1.6935204849999998e-17
840086.42857 1.6777829859999996e-17
852540.71429 1.681673632e-17
865179.28571 1.68988952e-17
878005.0 1.680487509e-17
891020.71429 1.6737220640000002e-17
904229.28571 1.677678223e-17
917633.57143 1.6660031569999996e-17
931237.14286 1.667250398e-17
945042.85714 1.660320212e-17
959052.85714 1.6548959309999998e-17
973270.71429 1.659564561e-17
987699.28571 1.646806038e-17
1002341.4286 1.653405389e-17
1017200.7143 1.6492784330000002e-17
1032280.0 1.6497173500000002e-17
1047582.8571 1.635657964e-17
1063112.8571 1.646170039e-17
1078872.8571 1.6384192170000003e-17
1094866.4286 1.682508287e-17
1111097.1429 1.6419701159999995e-17
1127568.5714 1.6359843680000002e-17
1144284.2857 1.6234870020000002e-17
1161247.8571 1.6214354329999998e-17
1178462.8571 1.6196391519999995e-17
1195932.8571 1.605796337e-17
1213662.1429 1.609180314e-17
1231654.2857 1.601568374e-17
1249912.8571 1.592913769e-17
1268442.1429 1.585340404e-17
1287246.4286 1.5857202220000002e-17
1306329.2857 1.588482121e-17
1325695.0 1.5789858090000002e-17
1345347.8571 1.5784363169999998e-17
1365292.1429 1.565438149e-17
1385532.1429 1.56687941e-17
1406072.1429 1.560856721e-17
1426916.4286 1.5570321699999997e-17
1448069.2857 1.547858529e-17
1469535.7143 1.560756076e-17
1491320.7143 1.5370679889999998e-17
1513428.5714 1.5342713040000002e-17
1535863.5714 1.5297447989999997e-17
1558631.4286 1.5222687610000004e-17
1581737.1429 1.516641637e-17
1605185.7143 1.5080195729999998e-17
1628982.1429 1.499783432e-17
1653130.7143 1.492076112e-17
1677637.1429 1.486222021e-17
1702507.1429 1.487377593e-17
1727745.7143 1.475415067e-17
1753358.5714 1.490076006e-17
1779351.4286 1.48156092e-17
1805729.2857 1.4540745149999996e-17
1832497.8571 1.445912211e-17
1859663.5714 1.42980116e-17
1887232.1429 1.433377264e-17
1915209.2857 1.424612009e-17
1943600.7143 1.418414348e-17
1972412.8571 1.407875309e-17
2001652.1429 1.4065707749999998e-17
2031325.0 1.3922007429999998e-17
2061437.8571 1.382968365e-17
2091997.1429 1.3711005430000002e-17
2123009.2857 1.363997787e-17
2154480.7143 1.358626651e-17
2186418.5714 1.4091653289999998e-17
2218830.0 1.3418284409999997e-17
2251722.1429 1.338266381e-17
2285102.1429 1.3203370539999998e-17
2318977.1429 1.310640157e-17
2353354.2857 1.3071465639999999e-17
2388240.7143 1.3027350080000002e-17
2423644.2857 1.2959058919999998e-17
2459572.8571 1.2867611989999998e-17
2496034.2857 1.275351161e-17
2533036.4286 1.2576187360000003e-17
2570587.1429 1.252264087e-17
2608694.2857 1.2447951560000001e-17
2647365.7143 1.2334371779999997e-17
2686610.7143 1.225555928e-17
2726437.8571 1.2152535719999999e-17
2766855.0 1.2056456569999999e-17
2807871.4286 1.196020038e-17
2849495.7143 1.1874202520000002e-17
2891737.1429 1.1754510170000001e-17
2934605.0 1.1689632790000001e-17
2978107.8571 1.1585607019999999e-17
3022255.7143 1.1450229309999999e-17
3067057.8571 1.1327048550000001e-17
3112524.2857 1.128482099e-17
3158665.0 1.115912864e-17
3205489.2857 1.1079362100000002e-17
3253007.8571 1.0943092699999998e-17
3301230.7143 1.086404041e-17
3350168.5714 1.078825343e-17
3399832.1429 1.0696981260000003e-17
3450231.4286 1.0591143719999999e-17
3501377.8571 1.0513827250000001e-17
3553282.8571 1.044204006e-17
3605957.1429 1.0322754580000001e-17
3659412.1429 1.024209297e-17
3713660.0 1.0104954499999998e-17
3768712.1429 1.006532131e-17
3824580.0 9.993599581999999e-18
3881275.7143 9.895641942e-18
3938812.1429 9.799650753000002e-18
3997201.4286 9.737772219000001e-18
4056456.4286 9.667214438000001e-18
4116590.0 9.647098892000001e-18
4177615.0 9.527817274e-18
4239544.2857 9.473227321000001e-18
4302391.4286 9.434546498e-18
4366170.7143 9.38190372e-18
4430895.0 9.345681184e-18
4496578.5714 9.316916364e-18
4563236.4286 9.26481116e-18
4630882.1429 9.196855074e-18
4699530.0 9.199676573e-18
4769195.7143 9.167602718999999e-18
4839894.2857 9.162386214999999e-18
4911640.7143 9.147098434999998e-18
4973888.5714 9.119563462999999e-18
