# freq [Hz]  noise density [V^2/Hz]
1.4285714286 5.894560148e-9
4.2857142857 2.2205299619800004e-13
5.7142857143 1.8114005461999997e-13
7.1428571429 2.1663169798100003e-13
8.5714285714 1.8593757454e-13
10.0 1.0741710295599997e-13
11.428571429 5.9969411623e-14
12.857142857 6.1328019115e-14
14.285714286 3.9607198313e-14
15.714285714 1.0662120872e-13
17.142857143 5.0533915606e-14
18.571428571 4.9108443411999995e-14
20.0 5.673032887999999e-14
21.428571429 4.0876188383e-14
22.857142857 4.1296225674e-14
24.285714286 4.9159768890999996e-14
25.714285714 3.087654308999999e-14
27.142857143 3.59299309004e-14
28.571428571 3.83913513401e-14
30.0 5.728062063799999e-14
31.428571429 1.67115372832e-14
32.857142857 1.8049838724999996e-14
34.285714286 2.7679623940999995e-14
35.714285714 2.6390832859999997e-14
37.142857143 3.5094323231100005e-14
38.571428571 2.17135106642e-14
40.0 2.5676959252999998e-14
41.428571429 1.668629868e-14
42.857142857 1.7802904822e-14
44.285714286 2.8303790525e-14
45.714285714 1.3558862332000003e-14
47.142857143 2.8511778953e-14
48.571428571 1.9286414152e-14
50.0 4.852626388000001e-12
51.428571429 1.1515160595700001e-14
52.857142857 1.232865827e-14
54.285714286 2.3921675104129998e-14
55.714285714 2.6906799874e-14
57.142857143 1.40585675547e-14
58.571428571 7.697543445000001e-15
60.0 1.113940006e-10
61.428571429 1.8418490895799996e-14
62.857142857 7.559794906000001e-14
64.285714286 1.7980643946e-14
65.714285714 1.2386681576399998e-14
67.142857143 1.9584356794999996e-14
68.571428571 2.3144416152e-14
70.0 1.5412823110800002e-14
71.428571429 1.46867168002e-14
72.857142857 2.44131185274e-14
74.285714286 1.3450756754999999e-14
75.714285714 1.7406557211800002e-14
77.142857143 2.0785157054999998e-14
78.571428571 1.4111547185e-14
80.0 1.64814066387e-14
81.428571429 1.8598951340619998e-14
82.857142857 1.1379412376199998e-14
84.285714286 2.2258862302e-14
85.714285714 7.001580327000001e-15
87.142857143 5.6963692772000006e-15
88.571428571 1.31529379464e-14
90.0 2.8660015995e-14
91.428571429 9.793538399000001e-15
92.857142857 9.459974231e-15
94.285714286 1.8371093588e-14
95.714285714 9.5272279337e-15
97.142857143 1.3060355230599999e-14
99.285714286 2.68400039e-14
102.14285714 9.0622934336e-15
105.0 1.5817161469000003e-14
107.85714286 1.5620148084e-14
110.71428571 1.2242803562999999e-14
113.57142857 1.0824449357000002e-14
116.42857143 7.7892966034e-15
119.28571429 3.825944639e-12
122.14285714 1.4928997583e-14
125.0 2.0822251739e-14
127.85714286 9.258770834e-15
130.71428571 1.5327818734e-14
133.57142857 1.2366085183000002e-14
136.42857143 1.2358784095e-14
139.28571429 1.3590947675999997e-14
142.14285714 1.2297128049999998e-14
145.0 1.4293383377e-14
147.85714286 1.2346035062999998e-14
150.71428571 3.84384376e-13
153.57142857 1.127825273e-14
156.42857143 1.1051182690999999e-14
159.28571429 1.3693387898000001e-14
162.14285714 1.2966297783999998e-14
165.0 7.5442011087e-15
167.85714286 1.0684968085999999e-14
170.71428571 9.954716923000001e-15
173.57142857 1.5620424897e-14
176.42857143 1.3705424507e-14
179.28571429 1.1209751906999999e-12
182.14285714 1.0778538436000001e-14
185.0 6.9459026474999994e-15
187.85714286 1.2469763719299999e-14
190.71428571 1.2257808656000003e-14
193.57142857 1.1687486603e-14
197.14285714 1.1086875343999999e-14
201.42857143 8.293007478e-14
205.71428571 1.0678434387999999e-14
210.0 1.1750822785000001e-14
214.28571429 1.0104284630999999e-14
218.57142857 1.3434957770999998e-14
222.85714286 1.0934564142e-14
227.14285714 1.0239555841e-14
231.42857143 1.0327587445e-14
235.71428571 7.813070854e-15
240.0 7.145863306e-13
244.28571429 1.0207124571999999e-14
248.57142857 5.9670942739e-14
252.85714286 1.3015513865999998e-14
257.14285714 1.0858132463e-14
261.42857143 1.0011529849e-14
265.71428571 8.768204136999998e-15
270.0 1.1189873270000002e-14
274.28571429 1.3887069121e-14
278.57142857 1.182923299e-14
282.85714286 1.0875043676e-14
287.14285714 9.277591772999999e-15
291.42857143 1.0213717817000001e-14
296.42857143 8.856924106e-15
302.14285714 4.5376872589999994e-13
307.85714286 1.075344193e-14
313.57142857 1.431062845e-14
319.28571429 1.2096455596000001e-14
325.0 1.1272387309999998e-14
330.71428571 9.790634328e-15
336.42857143 8.344893772e-15
342.14285714 1.3267179285e-14
347.85714286 1.3861513152000002e-14
353.57142857 9.718624568000001e-15
359.28571429 8.193189448e-13
365.0 8.799022642e-15
370.71428571 1.0481883397000001e-14
376.42857143 9.601766136e-15
382.14285714 1.1461214386e-14
387.85714286 6.702319229e-15
394.28571429 7.685615852e-15
401.42857143 2.0772139743e-14
408.57142857 7.693174195999998e-15
415.71428571 9.792187337e-15
422.85714286 9.405718259999999e-14
430.0 6.659529498999999e-15
437.14285714 8.96588144e-15
444.28571429 1.0053597701e-14
451.42857143 1.7654230969999996e-14
458.57142857 9.498854515e-15
465.71428571 1.0090360221e-14
472.85714286 1.2273647088e-14
480.0 7.952597323e-14
487.85714286 9.338663929999999e-15
496.42857143 1.1850681764e-14
505.0 9.410904374e-15
513.57142857 7.866066231e-15
522.14285714 9.416082721999998e-15
530.71428571 9.085550476999998e-15
539.28571429 8.334999996e-14
547.85714286 1.3824841179999997e-14
556.42857143 8.251944147999999e-15
565.0 7.853614523e-15
573.57142857 7.783841479999999e-15
582.14285714 8.973258619999999e-15
591.42857143 8.20034646e-15
601.42857143 2.509808688e-13
611.42857143 7.150923896e-15
621.42857143 9.762298818999999e-15
631.42857143 1.0560847798000001e-14
641.42857143 8.880623136e-15
651.42857143 1.1503775361000001e-14
661.42857143 8.77941607e-14
671.42857143 8.545558275000001e-15
682.14285714 8.980783106e-15
693.57142857 8.568426543e-15
705.0 8.433177529000001e-15
716.42857143 1.2332661075000001e-14
727.85714286 8.743898963999999e-15
739.28571429 9.990800104000001e-15
750.71428571 1.1639880670000002e-14
762.14285714 8.873344005e-15
773.57142857 7.875399592000001e-15
785.71428571 1.484683466e-14
798.57142857 1.1801311552000002e-14
811.42857143 8.843217979e-15
824.28571429 7.64809416e-15
837.14285714 5.517895548000001e-14
850.0 1.1925773437e-14
862.85714286 7.162459439e-15
876.42857143 7.492986611999999e-15
890.71428571 7.800530099e-15
905.0 3.040832276e-14
919.28571429 8.197061619e-15
933.57142857 8.995231102e-15
947.85714286 9.234613931000002e-15
962.14285714 1.3598524111e-14
977.14285714 8.446892319999999e-15
992.85714286 1.0564778401e-14
1008.5714286 7.692447154e-15
1024.2857143 2.8253847570000003e-14
1040.0 8.304111545e-15
1055.7142857 8.281676951999999e-15
1072.1428571 9.34964702e-15
1089.2857143 8.341282646e-15
1106.4285714 8.479860078e-15
1123.5714286 8.203036101e-15
1140.7142857 2.173575915e-14
1157.8571429 8.644548421000001e-15
1175.7142857 7.617166076000001e-15
1194.2857143 9.809965696000001e-15
1212.8571429 9.045224222e-15
1231.4285714 9.190512642000001e-15
1250.0 8.989952115999998e-15
1269.2857143 8.390317976999999e-15
1289.2857143 7.011131395e-15
1309.2857143 7.848051044000001e-15
1329.2857143 9.161515541e-15
1349.2857143 7.763822886e-15
1370.0 9.514116655e-15
1391.4285714 7.189344999e-15
1412.8571429 6.975173601000001e-15
1434.2857143 1.1821413261000001e-14
1455.7142857 8.344102899e-15
1477.8571429 9.021657188e-15
1500.7142857 1.0106354474e-14
1523.5714286 8.150480789e-15
1546.4285714 7.942023159999999e-15
1570.0 9.643502296e-15
1594.2857143 7.752612128e-15
1618.5714286 8.102100380999998e-15
1642.8571429 8.626350247999999e-15
1667.8571429 9.886568636999999e-15
1693.5714286 7.523378739e-15
1719.2857143 8.167969711e-15
1745.0 9.192863732e-15
1771.4285714 7.313585938e-15
1798.5714286 8.838765844e-15
1825.7142857 8.417199903e-15
1853.5714286 1.0182021753000001e-14
1882.1428571 7.895302579999998e-15
1910.7142857 6.5777133999999995e-15
1939.2857143 8.179565103999999e-15
1968.5714286 8.692992934999999e-15
1998.5714286 1.4175604430000002e-14
2028.5714286 8.150402982000001e-15
2059.2857143 7.827533705000001e-15
2090.7142857 8.586740919e-15
2122.1428571 8.059338590000002e-15
2154.2857143 8.543526504e-15
2187.1428571 6.819206965e-15
2220.0 7.370588861e-15
2253.5714286 7.355743509000001e-15
2287.8571429 7.681297793e-15
2322.1428571 6.991895447e-15
2357.1428571 6.98404439e-15
2392.8571429 7.624874418e-15
2429.2857143 6.999169832000001e-15
2466.4285714 7.701119359e-15
2503.5714286 7.297097772e-15
2541.4285714 7.639222866999999e-15
2580.0 7.816102082999998e-15
2618.5714286 6.732867254e-15
2657.8571429 7.133934548e-15
2697.8571429 6.528045707999999e-15
2738.5714286 7.376458577000001e-15
2780.0 8.266372913999999e-15
2822.1428571 6.901245521e-15
2865.0 8.241904720000001e-15
2907.8571429 7.186224418999999e-15
2951.4285714 7.242127009e-15
2995.7142857 7.938714643e-15
3040.7142857 7.854170948e-15
3086.4285714 7.586200877000001e-15
3132.8571429 7.831055986e-15
3180.0 7.357685081999999e-15
3227.8571429 7.562433992e-15
3276.4285714 7.135921524e-15
3325.7142857 7.206833148e-15
3375.7142857 6.882258242e-15
3426.4285714 7.04735027e-15
3477.8571429 7.051646168e-15
3530.0 6.848895981e-15
3582.8571429 6.69991156e-15
3636.4285714 6.7540534499999995e-15
3691.4285714 7.645788564999998e-15
3747.1428571 7.209224883999999e-15
3803.5714286 7.269718012000001e-15
3860.7142857 6.984992438000002e-15
3918.5714286 7.696547743e-15
3977.1428571 1.450189022e-14
4036.4285714 6.963065698000001e-15
4097.1428571 7.110568041999999e-15
4158.5714286 6.390520304999999e-15
4220.7142857 7.226201492999999e-15
4284.2857143 7.303307701e-15
4348.5714286 6.187556363e-15
4413.5714286 7.147455363999999e-15
4480.0 6.751492402999999e-15
4547.1428571 6.742648542e-15
4615.0 6.843385944999999e-15
4684.2857143 6.569801104999999e-15
4754.2857143 7.776406667000001e-15
4825.0 7.205372362e-15
4897.1428571 6.415290766999998e-15
4970.7142857 6.793923867e-15
5045.0 6.785529453e-15
5120.0 7.417767872e-15
5196.4285714 6.9920812549999996e-15
5274.2857143 7.582835124e-15
5353.5714286 6.822733513000001e-15
5433.5714286 7.057495429999999e-15
5514.2857143 6.692932289e-15
5596.4285714 6.77198927e-15
5680.0 6.933831522e-15
5765.0 6.664224543e-15
5851.4285714 7.264667802e-15
5939.2857143 7.283191802e-15
6028.5714286 8.615885818e-15
6119.2857143 7.105733407999998e-15
6210.7142857 6.843883754e-15
6302.8571429 7.359740676000001e-15
6396.4285714 6.863941195000001e-15
6491.4285714 6.660769538e-15
6587.8571429 7.251845927e-15
6685.7142857 6.9127690979999985e-15
6785.0 6.834725254e-15
6885.7142857 7.201484229e-15
6987.8571429 6.923520865e-15
7092.1428571 6.824965518e-15
7198.5714286 6.715994518e-15
7306.4285714 6.8793953709999985e-15
7415.7142857 7.596868833999999e-15
7526.4285714 6.988330307e-15
7638.5714286 6.7430466400000004e-15
7752.1428571 6.328356965000001e-15
7867.8571429 7.140110026000001e-15
7985.7142857 7.851227130000001e-15
8105.0 6.63208285e-15
8225.7142857 6.660732689e-15
8347.8571429 6.769590648e-15
8472.1428571 7.086598924999999e-15
8598.5714286 6.9988358229999985e-15
8726.4285714 6.822990307000001e-15
8856.4285714 6.5490869639999995e-15
8988.5714286 6.604168735000001e-15
9122.1428571 6.920272336e-15
9257.8571429 6.59962242e-15
9395.7142857 6.891123631999998e-15
9535.7142857 6.57139527e-15
9677.8571429 6.8180567159999995e-15
9822.1428571 6.717008885e-15
9968.5714286 7.453636956999999e-15
10117.142857 6.8023622090000004e-15
10267.857143 7.169820818e-15
10420.714286 6.749039551999999e-15
10575.714286 6.698288206e-15
10732.857143 7.139956465e-15
10892.857143 6.7985886329999995e-15
11055.0 6.486371144e-15
11219.285714 6.666391214999999e-15
11386.428571 6.848334804999999e-15
11556.428571 6.898085822e-15
11728.571429 6.573735088999999e-15
11902.857143 7.004062838e-15
12080.0 6.963645682e-15
12260.0 6.795828866000001e-15
12442.857143 6.86572289e-15
12628.571429 6.714748661999998e-15
12817.142857 7.079966902e-15
13007.857143 6.7011389379999994e-15
13200.714286 6.9313472700000006e-15
13396.428571 6.439687959999999e-15
13595.714286 6.724511849e-15
13798.571429 6.709827881000001e-15
14004.285714 6.864862030999999e-15
14212.857143 6.702652497e-15
14424.285714 6.746741571000001e-15
14638.571429 6.590172644000001e-15
14856.428571 6.660693983e-15
15077.857143 6.8381212869999996e-15
15302.142857 7.051927538e-15
15529.285714 6.340280032e-15
15760.0 6.888817344999999e-15
15994.285714 6.828624157999999e-15
16232.142857 6.5214170870000005e-15
16473.571429 6.802915336999998e-15
16718.571429 6.658316082e-15
16967.142857 6.925229522000001e-15
17219.285714 6.4505896120000005e-15
17475.0 6.836405485e-15
17734.285714 6.568379381e-15
17997.857143 6.991888605e-15
18265.714286 6.760833452999999e-15
18537.142857 7.103391826e-15
18812.142857 6.595215855e-15
19091.428571 6.7152130740000004e-15
19375.0 6.554503129e-15
19662.857143 6.8159086410000005e-15
19955.0 7.01096491e-15
20251.428571 6.529735875000001e-15
20552.142857 6.509949349e-15
20857.142857 6.472234630000001e-15
21167.142857 6.782505125000001e-15
21482.142857 6.788355362e-15
21801.428571 6.730211463000001e-15
22125.0 7.011074780999999e-15
22453.571429 6.7837327789999995e-15
22787.142857 6.588450493e-15
23125.714286 6.874375773e-15
23469.285714 6.946830583e-15
23817.857143 6.555750038999999e-15
24171.428571 6.70623285e-15
24530.0 6.7122931199999995e-15
24894.285714 6.487793271000001e-15
25264.285714 6.6541657120000004e-15
25640.0 6.537260438999998e-15
26021.428571 6.6072340609999995e-15
26408.571429 6.626884154e-15
26801.428571 6.590806489000001e-15
27200.0 6.769699474e-15
27604.285714 6.705446434999999e-15
28014.285714 6.573765313999999e-15
28430.0 6.866212445999999e-15
28852.142857 6.7619930749999995e-15
29280.714286 8.390222979000001e-15
29715.714286 6.710259690000001e-15
30157.142857 6.7681750749999996e-15
30605.0 6.69424442e-15
31059.285714 6.6427511089999996e-15
31520.0 6.934419822e-15
31987.857143 6.692875178e-15
32462.857143 6.779707514000001e-15
32945.0 6.822444977000001e-15
33434.285714 6.601895344000001e-15
33930.714286 6.698134737e-15
34434.285714 6.801509351000001e-15
34945.0 6.878408558999999e-15
35463.571429 6.7356003870000006e-15
35990.0 6.7856084369999996e-15
36524.285714 6.797792730000001e-15
37066.428571 6.7095029199999986e-15
37616.428571 6.7392329639999996e-15
38175.0 6.752703809000001e-15
38742.142857 6.668414094e-15
39317.142857 6.8317657779999995e-15
39900.0 6.6940227710000005e-15
40492.142857 6.7975127750000006e-15
41093.571429 6.6754634290000005e-15
41703.571429 6.702929675000001e-15
42322.142857 6.7332915709999994e-15
42950.0 6.729883292999999e-15
43587.142857 6.625102593000001e-15
44233.571429 6.781439188999999e-15
44890.0 6.824963471e-15
45556.428571 6.655747342999999e-15
46232.857143 6.8167721329999995e-15
46919.285714 6.7254432379999995e-15
47615.714286 6.863621459e-15
48322.142857 6.921069224e-15
49039.285714 6.708634333e-15
49767.142857 6.6625667810000014e-15
50505.714286 6.845801166999999e-15
51255.0 6.637510255e-15
52015.0 6.7411825340000004e-15
52786.428571 6.8925315739999994e-15
53569.285714 6.750797466e-15
54363.571429 6.625022700999999e-15
55170.0 6.743659551e-15
55988.571429 6.9135113169999994e-15
56819.285714 6.741740930999999e-15
57662.142857 6.761536929e-15
58517.142857 1.085386955e-14
59385.0 6.769209037999999e-15
60265.714286 6.6767001420000004e-15
61159.285714 6.756088796e-15
62066.428571 6.749478675000001e-15
62987.142857 6.740487143e-15
63921.428571 6.7176023969999995e-15
64870.0 6.677529275000001e-15
65832.857143 6.7433797419999994e-15
66810.0 6.7212663069999986e-15
67801.428571 6.755968856e-15
68807.142857 6.80494203e-15
69827.857143 6.843880903999998e-15
70863.571429 6.848759161000002e-15
71914.285714 6.854418111999999e-15
72980.714286 6.882730106999999e-15
74062.857143 6.784497394e-15
75161.428571 6.876953940000001e-15
76276.428571 6.789939532000001e-15
77407.857143 6.818822832e-15
78556.428571 6.7659429550000015e-15
79722.142857 6.822485356999999e-15
80905.0 6.736685928e-15
82105.0 6.744553077e-15
83322.857143 6.8427225800000004e-15
84558.571429 6.762991366000001e-15
85812.142857 6.92069233e-15
87084.285714 9.104872577e-15
88375.714286 6.893893540000001e-15
89686.428571 6.928183256000001e-15
91016.428571 6.709614355e-15
92366.428571 6.8251478300000005e-15
93736.428571 6.725518983e-15
95126.428571 6.759300453000001e-15
96537.142857 6.881881312e-15
97969.285714 6.723838767000001e-15
99422.857143 6.961872580000001e-15
100897.85714 6.888203927e-15
102394.28571 6.708302165e-15
103912.85714 6.8301049110000005e-15
105454.28571 6.862966510000001e-15
107018.57143 6.730166495e-15
108605.71429 6.794191695999999e-15
110216.42857 6.720301444999999e-15
111851.42857 6.980991181999999e-15
113510.71429 6.784916045e-15
115194.28571 6.9207620209999984e-15
116902.85714 1.1140134570000001e-14
118636.42857 6.8746762e-15
120395.71429 6.822791726999999e-15
122181.42857 6.85453818e-15
123993.57143 6.8977283519999995e-15
125832.85714 6.851772595e-15
127699.28571 6.950064298e-15
129592.85714 6.8657574869999985e-15
131514.28571 6.9109224210000006e-15
133464.28571 6.925914643000001e-15
135443.57143 6.810812716000001e-15
137452.14286 6.950926367e-15
139490.0 6.862124431e-15
141558.57143 6.843912841999999e-15
143657.85714 6.848410455000002e-15
145787.85714 9.448257661999999e-15
147949.28571 6.855108295000001e-15
150142.85714 6.897799459000001e-15
152369.28571 6.765858848e-15
154628.57143 6.88955302e-15
156921.42857 6.884019409000001e-15
159248.57143 7.013029085e-15
161610.0 6.921937258999999e-15
164006.42857 6.922970381e-15
166438.57143 6.977663438999999e-15
168906.42857 6.952295226999999e-15
171410.71429 6.948151640999999e-15
173952.14286 8.399048743e-15
176531.42857 6.9456486889999995e-15
179149.28571 6.96171373e-15
181805.71429 6.941229914000001e-15
184501.42857 7.012496575000001e-15
187237.14286 7.0249063109999994e-15
190013.57143 6.978903222e-15
192831.42857 6.932507585e-15
195690.71429 6.951264589e-15
198592.14286 6.951131111000001e-15
201536.42857 6.958071961000001e-15
204524.28571 7.562695099e-15
207556.42857 7.03815222e-15
210633.57143 7.075381755000001e-15
213756.42857 7.028789477000001e-15
216925.71429 6.946924768999999e-15
220142.14286 7.054141558e-15
223406.42857 7.076149343e-15
226719.28571 7.019069172e-15
230080.71429 7.0444278899999996e-15
233492.14286 8.120903907999999e-15
236954.28571 7.076105288000001e-15
240467.14286 7.0604123449999995e-15
244032.14286 7.069829769999999e-15
247650.0 7.106981781e-15
251321.42857 7.125373521000001e-15
255047.85714 7.056491455000001e-15
258830.0 7.135923723999998e-15
262667.85714 7.614324853e-15
266562.14286 7.241570741000002e-15
270514.28571 7.140092949e-15
274525.0 7.133348115e-15
278595.0 7.127512699999998e-15
282725.71429 7.231242273999998e-15
286917.85714 7.157591835e-15
291172.14286 7.529582457000001e-15
295489.28571 7.195149389999998e-15
299870.0 7.156577325e-15
304315.71429 7.209238213e-15
308827.85714 7.239970149e-15
313407.14286 7.264584579000002e-15
318054.28571 7.245230224e-15
322770.0 7.751737974999999e-15
327555.0 7.225096632e-15
332410.71429 7.324424598e-15
337338.57143 7.329611557e-15
342340.0 7.265961083e-15
347415.71429 7.289147574e-15
352566.42857 7.366564205e-15
357793.57143 7.259819331999999e-15
363098.57143 7.294441226e-15
368482.14286 7.423106791e-15
373945.0 7.352478812999999e-15
379488.57143 7.527382071999999e-15
385114.28571 7.36837324e-15
390823.57143 7.386138881999999e-15
396617.85714 7.36404212e-15
402497.85714 7.383655892000001e-15
408465.0 7.460965934e-15
414520.71429 7.407401225e-15
420666.42857 7.372849151e-15
426903.57143 7.415586214e-15
433232.85714 7.385401387999998e-15
439655.71429 7.541628143e-15
446173.57143 7.4148838e-15
452787.85714 7.463752859e-15
459500.71429 7.475234264000001e-15
466313.57143 7.491835908000002e-15
473227.14286 7.441822763e-15
480242.85714 7.480463374000002e-15
487362.85714 7.384982696000002e-15
494588.57143 7.465002572e-15
501920.71429 7.381239805999999e-15
509361.42857 7.379859839e-15
516912.85714 7.439971691000001e-15
524576.42857 7.384365601e-15
532353.57143 7.434687896999998e-15
540245.71429 7.338945818e-15
548255.0 7.346625796000002e-15
556382.85714 7.421681858e-15
564630.71429 7.367646775e-15
573001.42857 7.396559251000001e-15
581496.42857 7.326064143999999e-15
590117.14286 7.371097829000001e-15
598865.71429 7.296645347e-15
607743.57143 7.286581017e-15
616752.85714 7.254680724e-15
625895.71429 7.220952368999999e-15
635174.28571 7.162031811e-15
644590.71429 7.163540294000001e-15
654146.42857 7.158882885000001e-15
663843.57143 7.058160937999999e-15
673685.0 7.104462051000001e-15
683672.85714 7.039645137e-15
693808.57143 7.022565333e-15
704094.28571 6.963684352000001e-15
714532.14286 6.9005678680000006e-15
725125.0 6.897675943e-15
735875.0 6.807240821e-15
746784.28571 6.768724133e-15
757855.71429 6.746720057000001e-15
769090.71429 6.696078259e-15
780492.14286 6.6107741140000005e-15
792062.85714 6.652605032e-15
803805.0 6.497035207000001e-15
815721.42857 6.455462982e-15
827814.28571 6.372280467000001e-15
840086.42857 6.350096367000001e-15
852540.71429 6.274552461000001e-15
865179.28571 6.182464143e-15
878005.0 6.088404791999999e-15
891020.71429 5.996061314e-15
904229.28571 6.027170555999999e-15
917633.57143 5.856212008999999e-15
931237.14286 5.825070693999999e-15
945042.85714 5.685239344000001e-15
959052.85714 5.693476709e-15
973270.71429 5.521990967e-15
987699.28571 5.477572826e-15
1002341.4286 5.358739194e-15
1017200.7143 5.383472970999999e-15
1032280.0 5.154028625999999e-15
1047582.8571 5.139903025e-15
1063112.8571 4.979991202e-15
1078872.8571 5.0216371400000006e-15
1094866.4286 4.842930888e-15
1111097.1429 4.7839761859999995e-15
1127568.5714 4.6449478549999995e-15
1144284.2857 4.695155213e-15
1161247.8571 4.488998357e-15
1178462.8571 4.3324903249999995e-15
1195932.8571 4.360082102e-15
1213662.1429 4.144830720999999e-15
1231654.2857 4.0816952710000004e-15
1249912.8571 4.0701838480000005e-15
1268442.1429 3.8909488e-15
1287246.4286 3.814380021999999e-15
1306329.2857 3.7823767980000005e-15
1325695.0 3.615593623e-15
1345347.8571 3.5356850019999996e-15
1365292.1429 3.482052465e-15
1385532.1429 3.3356937130000003e-15
1406072.1429 3.2715572109999995e-15
1426916.4286 3.2057687280000004e-15
1448069.2857 3.0870870689999997e-15
1469535.7143 3.022316843e-15
1491320.7143 2.9797472180000002e-15
1513428.5714 2.86325113e-15
1535863.5714 2.8196884069999996e-15
1558631.4286 2.6800882230000002e-15
1581737.1429 2.641226161e-15
1605185.7143 2.6093546810000003e-15
1628982.1429 2.487389512e-15
1653130.7143 2.474430271e-15
1677637.1429 2.3135968930000003e-15
1702507.1429 2.278660378e-15
1727745.7143 2.256405493e-15
1753358.5714 2.142296179e-15
1779351.4286 2.1389256340000003e-15
1805729.2857 2.003915881e-15
1832497.8571 2.0063820999999997e-15
1859663.5714 1.8873856160000004e-15
1887232.1429 1.8999137400000003e-15
1915209.2857 1.786273229e-15
1943600.7143 1.776866917e-15
1972412.8571 1.6758740440000003e-15
2001652.1429 1.6738885509999997e-15
2031325.0 1.5884218139999998e-15
2061437.8571 1.572380984e-15
2091997.1429 1.48683731e-15
2123009.2857 1.4760257769999999e-15
2154480.7143 1.3888798889999999e-15
2186418.5714 1.3861478170000003e-15
2218830.0 1.297141063e-15
2251722.1429 1.298534957e-15
2285102.1429 1.210785451e-15
2318977.1429 1.256390149e-15
2353354.2857 1.2178393560000001e-15
2388240.7143 1.091310563e-15
2423644.2857 1.1601031920000001e-15
2459572.8571 1.027739944e-15
2496034.2857 1.147030389e-15
2533036.4286 1.069198365e-15
2570587.1429 9.403483992e-16
2608694.2857 1.0355123000000001e-15
2647365.7143 9.489076833e-16
2686610.7143 8.576421042999999e-16
2726437.8571 9.538832845e-16
2766855.0 8.832124291000001e-16
2807871.4286 7.926003068e-16
2849495.7143 9.231100417e-16
2891737.1429 8.555334986e-16
2934605.0 9.256990803e-16
2978107.8571 6.998744258999999e-16
3022255.7143 8.986099946e-16
3067057.8571 8.496921848e-16
3112524.2857 9.557085746e-16
3158665.0 1.029770414e-15
3205489.2857 6.893435682999999e-16
3253007.8571 1.2244813540000002e-15
3301230.7143 1.0967563159999999e-15
3350168.5714 1.5379494329999997e-15
3399832.1429 1.7934587639999997e-15
3450231.4286 2.1008997410000002e-15
3501377.8571 9.612785835e-16
3553282.8571 2.17391351e-15
3605957.1429 1.8732634159999997e-15
3659412.1429 1.346973254e-15
3713660.0 9.562529468e-16
3768712.1429 7.191746259e-16
3824580.0 5.828140611e-16
3881275.7143 4.685919448e-16
3938812.1429 4.3658896299999996e-16
3997201.4286 4.095490221e-16
4056456.4286 3.924492435999999e-16
4116590.0 3.6378566000000003e-16
4177615.0 3.474255688e-16
4239544.2857 3.323347762e-16
4302391.4286 3.2063195639999997e-16
4366170.7143 3.1162460459999997e-16
4430895.0 3.040538396e-16
4496578.5714 3.087691874e-16
4563236.4286 2.900245203e-16
4630882.1429 2.8721671029999997e-16
4699530.0 2.820309465e-16
4769195.7143 2.7557394200000003e-16
4839894.2857 2.7746213489999994e-16
4911640.7143 2.710315906e-16
4973888.5714 2.7273729650000004e-16
