# freq [Hz]  noise density [V^2/Hz]
1.4285714286 1.8540553059999998e-10
4.2857142857 3.3409515585000005e-13
5.7142857143 3.6114080477e-13
7.1428571429 2.1940567255000003e-13
8.5714285714 2.2175240385e-13
10.0 3.6763244533e-13
11.428571429 1.14656570865e-13
12.857142857 1.5739439115000002e-13
14.285714286 4.1758245342999996e-13
15.714285714 2.154741204467e-13
17.142857143 1.1228238466000001e-13
18.571428571 2.3591815424e-13
20.0 1.4190171135999998e-13
21.428571429 2.1124602835699997e-13
22.857142857 1.25677294187e-13
24.285714286 1.4042686444e-13
25.714285714 1.3934918192600002e-13
27.142857143 1.5844220018999998e-13
28.571428571 2.4394455446e-13
30.0 2.4378090221499996e-13
31.428571429 2.4805148115999997e-13
32.857142857 2.1523872737000003e-13
34.285714286 2.6243581383999997e-13
35.714285714 2.54038427998e-13
37.142857143 1.7346935354999998e-13
38.571428571 1.8092662327e-13
40.0 1.8954517117500002e-13
41.428571429 2.0542993941999998e-13
42.857142857 1.6686508739200004e-13
44.285714286 1.4959756324999997e-13
45.714285714 1.6861933508e-13
47.142857143 1.9217494309999997e-13
48.571428571 1.5457746823999997e-13
50.0 1.2697043803e-13
51.428571429 1.4347630683000002e-13
52.857142857 1.5128617618000002e-13
54.285714286 1.8034970617e-13
55.714285714 7.6128674559e-14
57.142857143 2.0418741781399999e-13
58.571428571 1.1446677252e-13
60.0 1.887851631e-13
61.428571429 1.9860319253e-13
62.857142857 1.7148464315000002e-13
64.285714286 1.2771548043000002e-13
65.714285714 1.5441957844e-13
67.142857143 2.1980389847509997e-13
68.571428571 1.5104114933200002e-13
70.0 1.2206921312e-13
71.428571429 9.837947751699999e-14
72.857142857 1.66479209003e-13
74.285714286 1.09205933291e-13
75.714285714 2.2820991726e-13
77.142857143 8.926170362799999e-14
78.571428571 1.431302738328e-13
80.0 1.9498178879000002e-13
81.428571429 1.2573122073e-13
82.857142857 1.324493656e-13
84.285714286 2.2321201834299997e-13
85.714285714 1.82560018703e-13
87.142857143 1.6381047239e-13
88.571428571 2.19172570296e-13
90.0 1.9109978587999998e-13
91.428571429 3.4849763737999997e-13
92.857142857 2.0271987832e-13
94.285714286 1.68413097738e-13
95.714285714 3.0100011625860005e-13
97.142857143 2.1543623481e-13
99.285714286 2.4684003958999996e-13
102.14285714 2.4609817576000004e-13
105.0 1.0845895881000003e-13
107.85714286 1.3734005205e-13
110.71428571 1.8837613494e-13
113.57142857 2.4116585112e-13
116.42857143 9.99859954e-14
119.28571429 1.9698172630999998e-13
122.14285714 1.7490691589999999e-13
125.0 2.2516146944e-13
127.85714286 1.7240917874e-13
130.71428571 1.6073293509999997e-13
133.57142857 1.9111374020000003e-13
136.42857143 1.5080801329e-13
139.28571429 1.4764085086e-13
142.14285714 1.8607745565e-13
145.0 2.753727176e-13
147.85714286 1.4820688141e-13
150.71428571 1.5564334538e-13
153.57142857 1.6710662283e-13
156.42857143 1.8648303227999997e-13
159.28571429 1.3716867399e-13
162.14285714 1.5854951535e-13
165.0 1.3934550667e-13
167.85714286 2.1937586937000005e-13
170.71428571 1.5902778008600003e-13
173.57142857 1.4362603282999999e-13
176.42857143 1.1180215493e-13
179.28571429 1.8302052568e-13
182.14285714 1.6498579527e-13
185.0 1.8937386626999995e-13
187.85714286 1.6829122353e-13
190.71428571 8.490946511e-14
193.57142857 2.0500558631600003e-13
197.14285714 1.6928393388e-13
201.42857143 1.9971881960000003e-13
205.71428571 1.6713299327000003e-13
210.0 1.4759000744000002e-13
214.28571429 1.6348566942000003e-13
218.57142857 1.6755834207999997e-13
222.85714286 1.88273603e-13
227.14285714 1.387189055e-13
231.42857143 1.6310362805e-13
235.71428571 1.6830921492e-13
240.0 1.5624355776000001e-13
244.28571429 1.5773439757e-13
248.57142857 1.7427303347999998e-13
252.85714286 1.578989807e-13
257.14285714 1.6974842130999998e-13
261.42857143 1.9633430568e-13
265.71428571 1.2842669293000001e-13
270.0 2.0658727408999997e-13
274.28571429 1.601549416e-13
278.57142857 1.5623492649e-13
282.85714286 2.0434448933000001e-13
287.14285714 1.66604344286e-13
291.42857143 1.8492481643e-13
296.42857143 2.1195486365e-13
302.14285714 2.1445659483e-13
307.85714286 2.3243556469e-13
313.57142857 1.7652678637000002e-13
319.28571429 1.7943997735e-13
325.0 1.6655073175e-13
330.71428571 1.7265486007e-13
336.42857143 2.0514911713999998e-13
342.14285714 2.1644628557e-13
347.85714286 2.482134784e-13
353.57142857 2.3375169642000003e-13
359.28571429 1.585503734e-13
365.0 1.7692077671e-13
370.71428571 1.7162504073e-13
376.42857143 1.5548402274e-13
382.14285714 1.3833602531e-13
387.85714286 2.1077685943999998e-13
394.28571429 1.7590579835e-13
401.42857143 2.277381844e-13
408.57142857 1.3734361723999998e-13
415.71428571 1.6476282582999998e-13
422.85714286 1.7902378774999999e-13
430.0 2.0772822920000002e-13
437.14285714 1.9149289719999997e-13
444.28571429 1.6914860807e-13
451.42857143 2.0271701480000004e-13
458.57142857 2.286361392e-13
465.71428571 1.2740656283000002e-13
472.85714286 1.6532365414999998e-13
480.0 1.5779813343e-13
487.85714286 2.087021721e-13
496.42857143 1.5886671179000002e-13
505.0 2.1162812076e-13
513.57142857 1.7424003739999997e-13
522.14285714 2.0225942736e-13
530.71428571 1.6737283118e-13
539.28571429 1.5232506334999997e-13
547.85714286 1.7582801479000003e-13
556.42857143 1.6234127627e-13
565.0 1.4068892203999998e-13
573.57142857 1.7298517227e-13
582.14285714 1.4951639433e-13
591.42857143 1.4472998088e-13
601.42857143 1.3781078159e-13
611.42857143 1.7341145458000002e-13
621.42857143 1.6880186703000004e-13
631.42857143 1.6954226626e-13
641.42857143 1.7445292312999997e-13
651.42857143 2.3273041735e-13
661.42857143 1.6930114295e-13
671.42857143 2.0066592650000002e-13
682.14285714 1.924072426e-13
693.57142857 1.5843420337e-13
705.0 1.6632401193e-13
716.42857143 1.4222331495000002e-13
727.85714286 1.9083307587e-13
739.28571429 1.6708000069999998e-13
750.71428571 1.7666114672000002e-13
762.14285714 1.8714604137e-13
773.57142857 1.759078978e-13
785.71428571 1.7938209112000003e-13
798.57142857 2.0787374759999997e-13
811.42857143 1.7039291060000002e-13
824.28571429 1.628089432e-13
837.14285714 1.5163389240000002e-13
850.0 1.728003097e-13
862.85714286 1.7445026370000002e-13
876.42857143 1.7571892719999997e-13
890.71428571 1.6326351217999999e-13
905.0 1.6388691989e-13
919.28571429 1.6144044156000002e-13
933.57142857 1.7838026514000003e-13
947.85714286 1.6721251472000003e-13
962.14285714 1.576161114e-13
977.14285714 1.731376518e-13
992.85714286 1.807120527e-13
1008.5714286 1.794074128e-13
1024.2857143 1.53360632e-13
1040.0 1.798969464e-13
1055.7142857 1.3350355638e-13
1072.1428571 1.717305653e-13
1089.2857143 1.590517648e-13
1106.4285714 1.6401552359999998e-13
1123.5714286 1.691534949e-13
1140.7142857 1.665390481e-13
1157.8571429 1.5028805325e-13
1175.7142857 1.5779531790000002e-13
1194.2857143 1.572158476e-13
1212.8571429 1.7589878669e-13
1231.4285714 2.1530491899999998e-13
1250.0 1.7102655519999997e-13
1269.2857143 1.8220415769999998e-13
1289.2857143 1.66106024e-13
1309.2857143 1.7624123908e-13
1329.2857143 1.6695143250000001e-13
1349.2857143 1.6345212450000003e-13
1370.0 1.60541498e-13
1391.4285714 1.6508619839999998e-13
1412.8571429 1.7162553370000002e-13
1434.2857143 1.8790394770000002e-13
1455.7142857 1.6546082099999998e-13
1477.8571429 1.610247344e-13
1500.7142857 1.6374060450000002e-13
1523.5714286 1.737576778e-13
1546.4285714 1.865850628e-13
1570.0 1.921224485e-13
1594.2857143 1.971214635e-13
1618.5714286 1.5976794129999999e-13
1642.8571429 1.868667009e-13
1667.8571429 1.789300166e-13
1693.5714286 1.7659824600000003e-13
1719.2857143 1.810252312e-13
1745.0 1.6877059294e-13
1771.4285714 1.6076174929999999e-13
1798.5714286 1.864984852e-13
1825.7142857 1.700679428e-13
1853.5714286 1.767024568e-13
1882.1428571 1.843550544e-13
1910.7142857 1.748877377e-13
1939.2857143 1.978988685e-13
1968.5714286 1.6570728860000002e-13
1998.5714286 1.8686813559999999e-13
2028.5714286 1.5440663334999998e-13
2059.2857143 1.6613724609999999e-13
2090.7142857 1.708714031e-13
2122.1428571 1.682343124e-13
2154.2857143 1.7902799510000003e-13
2187.1428571 1.7740460659999998e-13
2220.0 1.8684617580000002e-13
2253.5714286 1.7040194180000003e-13
2287.8571429 1.5876266919999998e-13
2322.1428571 1.685966981e-13
2357.1428571 1.8533161619999998e-13
2392.8571429 1.7123975819999998e-13
2429.2857143 1.8449209049999998e-13
2466.4285714 1.5746852250000002e-13
2503.5714286 1.776224229e-13
2541.4285714 1.67461506e-13
2580.0 1.816536524e-13
2618.5714286 1.748449237e-13
2657.8571429 1.8637406789999997e-13
2697.8571429 1.8953032e-13
2738.5714286 1.908348972e-13
2780.0 1.7146170210000001e-13
2822.1428571 1.5510041430000002e-13
2865.0 1.593048679e-13
2907.8571429 1.895754478e-13
2951.4285714 1.7365328429999998e-13
2995.7142857 2.109465172e-13
3040.7142857 1.640913176e-13
3086.4285714 1.765453278e-13
3132.8571429 1.8031014769999997e-13
3180.0 1.7434675100000002e-13
3227.8571429 1.633554781e-13
3276.4285714 1.5869178899999998e-13
3325.7142857 1.58005809e-13
3375.7142857 1.68717717e-13
3426.4285714 1.652247541e-13
3477.8571429 1.739500853e-13
3530.0 1.5058931280000002e-13
3582.8571429 1.80032439e-13
3636.4285714 1.7825414919999997e-13
3691.4285714 1.8048323489999999e-13
3747.1428571 1.685644299e-13
3803.5714286 1.482553346e-13
3860.7142857 1.6684105609999998e-13
3918.5714286 1.687342216e-13
3977.1428571 1.7951365349999999e-13
4036.4285714 1.682841344e-13
4097.1428571 1.659484121e-13
4158.5714286 1.7365375470000002e-13
4220.7142857 1.795696192e-13
4284.2857143 1.737811506e-13
4348.5714286 1.765579507e-13
4413.5714286 1.737866869e-13
4480.0 1.7005777289999998e-13
4547.1428571 1.8047714520000003e-13
4615.0 1.713976651e-13
4684.2857143 1.5776365219999997e-13
4754.2857143 1.8285710420000003e-13
4825.0 1.692672796e-13
4897.1428571 1.7173324909999998e-13
4970.7142857 1.676924621e-13
5045.0 1.743054134e-13
5120.0 1.680696789e-13
5196.4285714 1.785873289e-13
5274.2857143 1.6317814199999999e-13
5353.5714286 1.928164656e-13
5433.5714286 1.6848405989999998e-13
5514.2857143 1.757562211e-13
5596.4285714 1.781214829e-13
5680.0 1.6846449360000002e-13
5765.0 1.7566609950000003e-13
5851.4285714 1.682640188e-13
5939.2857143 1.7154744160000002e-13
6028.5714286 1.703202731e-13
6119.2857143 1.6548880490000002e-13
6210.7142857 1.7357512e-13
6302.8571429 1.6383420120000003e-13
6396.4285714 1.8372929869999998e-13
6491.4285714 1.77242615e-13
6587.8571429 1.7024013730000002e-13
6685.7142857 1.5977820400000002e-13
6785.0 1.705948257e-13
6885.7142857 1.627569673e-13
6987.8571429 1.728641841e-13
7092.1428571 1.733850314e-13
7198.5714286 1.629919944e-13
7306.4285714 1.6065403299999998e-13
7415.7142857 1.777557969e-13
7526.4285714 1.74548452e-13
7638.5714286 1.701418351e-13
7752.1428571 1.75966102e-13
7867.8571429 1.7293727520000003e-13
7985.7142857 1.713604881e-13
8105.0 1.798221314e-13
8225.7142857 1.6275186969999998e-13
8347.8571429 1.6436553069999997e-13
8472.1428571 1.704000855e-13
8598.5714286 1.76008666e-13
8726.4285714 1.7207285319999997e-13
8856.4285714 1.840398499e-13
8988.5714286 1.702198336e-13
9122.1428571 1.715835576e-13
9257.8571429 1.78707191e-13
9395.7142857 1.8049724450000001e-13
9535.7142857 1.7836281689999998e-13
9677.8571429 1.7213438240000001e-13
9822.1428571 1.6641028010000002e-13
9968.5714286 1.5804473e-13
10117.142857 1.6618443320000003e-13
10267.857143 1.6548800920000003e-13
10420.714286 1.7643496120000001e-13
10575.714286 1.6588571130000005e-13
10732.857143 1.7200222389999998e-13
10892.857143 1.6554980529999998e-13
11055.0 1.707400632e-13
11219.285714 1.7324523040000002e-13
11386.428571 1.636945098e-13
11556.428571 1.6988306460000001e-13
11728.571429 1.6974900009999998e-13
11902.857143 1.722439417e-13
12080.0 1.733123036e-13
12260.0 1.648197054e-13
12442.857143 1.761152017e-13
12628.571429 1.7993292779999998e-13
12817.142857 1.6763144309999998e-13
13007.857143 1.676127711e-13
13200.714286 1.749203078e-13
13396.428571 1.6836471310000003e-13
13595.714286 1.6443208659999998e-13
13798.571429 1.7220019819999998e-13
14004.285714 1.8481329639999997e-13
14212.857143 1.702934191e-13
14424.285714 1.7351332510000003e-13
14638.571429 1.7157870499999999e-13
14856.428571 1.6427277229999999e-13
15077.857143 1.6656143699999999e-13
15302.142857 1.680566662e-13
15529.285714 1.695103308e-13
15760.0 1.645184607e-13
15994.285714 1.7255060159999997e-13
16232.142857 1.6168268589999999e-13
16473.571429 1.770497293e-13
16718.571429 1.7316631449999999e-13
16967.142857 1.6904586899999998e-13
17219.285714 1.722142425e-13
17475.0 1.718107608e-13
17734.285714 1.652261946e-13
17997.857143 1.6677808429999998e-13
18265.714286 1.707960942e-13
18537.142857 1.652789494e-13
18812.142857 1.6572270230000005e-13
19091.428571 1.7395356800000002e-13
19375.0 1.6934632769999997e-13
19662.857143 1.723579476e-13
19955.0 1.7217310729999998e-13
20251.428571 1.687757344e-13
20552.142857 1.659173755e-13
20857.142857 1.685102534e-13
21167.142857 1.7580775810000002e-13
21482.142857 1.652796453e-13
21801.428571 1.6998005199999996e-13
22125.0 1.753229479e-13
22453.571429 1.6499732840000002e-13
22787.142857 1.6887247009999999e-13
23125.714286 1.7944929489999997e-13
23469.285714 1.645587991e-13
23817.857143 1.733119583e-13
24171.428571 1.70706358e-13
24530.0 1.7186744909999997e-13
24894.285714 1.7272292030000002e-13
25264.285714 1.7335318260000001e-13
25640.0 1.7120091429999998e-13
26021.428571 1.7660944480000002e-13
26408.571429 1.717334159e-13
26801.428571 1.679435161e-13
27200.0 1.773646247e-13
27604.285714 1.6595471200000002e-13
28014.285714 1.705297631e-13
28430.0 1.736053892e-13
28852.142857 1.6705606900000002e-13
29280.714286 1.7534006360000004e-13
29715.714286 1.76360394e-13
30157.142857 1.652356807e-13
30605.0 1.6725239760000002e-13
31059.285714 1.7195904779999998e-13
31520.0 1.655197023e-13
31987.857143 1.728787801e-13
32462.857143 1.6861915089999998e-13
32945.0 1.7121991139999999e-13
33434.285714 1.7006436839999997e-13
33930.714286 1.7056301300000001e-13
34434.285714 1.70296877e-13
34945.0 1.701480206e-13
35463.571429 1.666013493e-13
35990.0 1.719353338e-13
36524.285714 1.717299083e-13
37066.428571 1.720446333e-13
37616.428571 1.6835162029999999e-13
38175.0 1.708064072e-13
38742.142857 1.636000964e-13
39317.142857 1.659062373e-13
39900.0 1.732365815e-13
40492.142857 1.7189373430000003e-13
41093.571429 1.7271884600000001e-13
41703.571429 1.6886636230000002e-13
42322.142857 1.669446978e-13
42950.0 1.670758935e-13
43587.142857 1.6795146020000001e-13
44233.571429 1.677545036e-13
44890.0 1.706429956e-13
45556.428571 1.684996249e-13
46232.857143 1.650176723e-13
46919.285714 1.683763118e-13
47615.714286 1.712160222e-13
48322.142857 1.6778959070000002e-13
49039.285714 1.7282600140000003e-13
49767.142857 1.683360104e-13
50505.714286 1.681630568e-13
51255.0 1.700226017e-13
52015.0 1.6566113729999998e-13
52786.428571 1.705241559e-13
53569.285714 1.6637632090000002e-13
54363.571429 1.6980944210000002e-13
55170.0 1.656316755e-13
55988.571429 1.6875380140000002e-13
56819.285714 1.669074836e-13
57662.142857 1.687636566e-13
58517.142857 1.696915941e-13
59385.0 1.686569252e-13
60265.714286 1.652443294e-13
61159.285714 1.673682005e-13
62066.428571 1.6245537130000002e-13
62987.142857 1.6890397049999998e-13
63921.428571 1.67785032e-13
64870.0 1.690235851e-13
65832.857143 1.6966722250000002e-13
66810.0 1.642404318e-13
67801.428571 1.6538558349999997e-13
68807.142857 1.675462506e-13
69827.857143 1.6522150519999997e-13
70863.571429 1.6521332339999999e-13
71914.285714 1.635944214e-13
72980.714286 1.6573219340000003e-13
74062.857143 1.7025488920000002e-13
75161.428571 1.680824797e-13
76276.428571 1.652149537e-13
77407.857143 1.650848001e-13
78556.428571 1.636022143e-13
79722.142857 1.648157869e-13
80905.0 1.6412369969999999e-13
82105.0 1.651772613e-13
83322.857143 1.660155195e-13
84558.571429 1.629861466e-13
85812.142857 1.6688188959999998e-13
87084.285714 1.6481543339999997e-13
88375.714286 1.6729190759999998e-13
89686.428571 1.6880793229999997e-13
91016.428571 1.6358226550000002e-13
92366.428571 1.624787663e-13
93736.428571 1.6389154169999997e-13
95126.428571 1.621484608e-13
96537.142857 1.619216884e-13
97969.285714 1.634657739e-13
99422.857143 1.621751171e-13
100897.85714 1.6113774809999998e-13
102394.28571 1.5979033740000001e-13
103912.85714 1.6050062210000002e-13
105454.28571 1.615552751e-13
107018.57143 1.6157487309999998e-13
108605.71429 1.6237472750000002e-13
110216.42857 1.601959712e-13
111851.42857 1.6152572639999998e-13
113510.71429 1.623205795e-13
115194.28571 1.575264314e-13
116902.85714 1.5860275389999998e-13
118636.42857 1.5782388239999999e-13
120395.71429 1.588684203e-13
122181.42857 1.5986817470000002e-13
123993.57143 1.60512055e-13
125832.85714 1.5620915979999998e-13
127699.28571 1.5696342260000003e-13
129592.85714 1.593563238e-13
131514.28571 1.5467845710000002e-13
133464.28571 1.5684190830000002e-13
135443.57143 1.555259706e-13
137452.14286 1.571389795e-13
139490.0 1.5500481529999998e-13
141558.57143 1.5343709380000004e-13
143657.85714 1.52400811e-13
145787.85714 1.527952593e-13
147949.28571 1.5352548239999998e-13
150142.85714 1.509475974e-13
152369.28571 1.5238345880000002e-13
154628.57143 1.520400784e-13
156921.42857 1.5169412530000003e-13
159248.57143 1.5072090910000002e-13
161610.0 1.4850086519999998e-13
164006.42857 1.486745019e-13
166438.57143 1.480558875e-13
168906.42857 1.47523467e-13
171410.71429 1.47185129e-13
173952.14286 1.453680539e-13
176531.42857 1.4654329080000003e-13
179149.28571 1.468776182e-13
181805.71429 1.430908491e-13
184501.42857 1.4339251149999998e-13
187237.14286 1.412476414e-13
190013.57143 1.423299567e-13
192831.42857 1.4249088199999999e-13
195690.71429 1.4046249319999998e-13
198592.14286 1.405541023e-13
201536.42857 1.401455377e-13
204524.28571 1.3881464809999998e-13
207556.42857 1.372025201e-13
210633.57143 1.387935234e-13
213756.42857 1.3541131160000003e-13
216925.71429 1.3412086589999997e-13
220142.14286 1.334148994e-13
223406.42857 1.340387873e-13
226719.28571 1.3230472e-13
230080.71429 1.311755233e-13
233492.14286 1.3072166559999998e-13
236954.28571 1.299367301e-13
240467.14286 1.2940747529999997e-13
244032.14286 1.284374093e-13
247650.0 1.2660548229999999e-13
251321.42857 1.2504098649999999e-13
255047.85714 1.2404105069999997e-13
258830.0 1.2372426930000003e-13
262667.85714 1.227662959e-13
266562.14286 1.2045509959999998e-13
270514.28571 1.205103928e-13
274525.0 1.193454726e-13
278595.0 1.169752507e-13
282725.71429 1.1636850440000002e-13
286917.85714 1.162551498e-13
291172.14286 1.131299619e-13
295489.28571 1.139424083e-13
299870.0 1.120157171e-13
304315.71429 1.104472465e-13
308827.85714 1.086891407e-13
313407.14286 1.0898445080000003e-13
318054.28571 1.06603955e-13
322770.0 1.0622105430000002e-13
327555.0 1.035002201e-13
332410.71429 1.0274058729999999e-13
337338.57143 1.0181159739e-13
342340.0 1.0026445553e-13
347415.71429 9.941818675000001e-14
352566.42857 9.745611342e-14
357793.57143 9.713783572000001e-14
363098.57143 9.461430259999999e-14
368482.14286 9.380867588e-14
373945.0 9.231108713000001e-14
379488.57143 9.095119185999999e-14
385114.28571 8.846157223000001e-14
390823.57143 8.748905262000001e-14
396617.85714 8.715732909e-14
402497.85714 8.557213359000001e-14
408465.0 8.449035664e-14
414520.71429 8.220658943999999e-14
420666.42857 8.165452018999999e-14
426903.57143 7.972475004e-14
433232.85714 7.924106683e-14
439655.71429 7.739759761999999e-14
446173.57143 7.517975619e-14
452787.85714 7.437433635999999e-14
459500.71429 7.328060872e-14
466313.57143 7.140043437e-14
473227.14286 6.974183019999999e-14
480242.85714 6.900700153e-14
487362.85714 6.678836835e-14
494588.57143 6.600906239e-14
501920.71429 6.417509424999999e-14
509361.42857 6.269147462e-14
516912.85714 6.185489631999999e-14
524576.42857 6.012069581e-14
532353.57143 5.892555946e-14
540245.71429 5.7544021e-14
548255.0 5.662387901e-14
556382.85714 5.4818591639999995e-14
564630.71429 5.360537661000001e-14
573001.42857 5.196473983e-14
581496.42857 5.1233907839999997e-14
590117.14286 4.953503769e-14
598865.71429 4.866441079999999e-14
607743.57143 4.726929133e-14
616752.85714 4.579130220999999e-14
625895.71429 4.446251922e-14
635174.28571 4.338242653e-14
644590.71429 4.1944224619999996e-14
654146.42857 4.0747791759999997e-14
663843.57143 3.9684574929999996e-14
673685.0 3.834543946e-14
683672.85714 3.722952744e-14
693808.57143 3.6313095590000005e-14
704094.28571 3.5157775249999994e-14
714532.14286 3.3985743699999995e-14
725125.0 3.3194210749999996e-14
735875.0 3.185718409e-14
746784.28571 3.094411968e-14
757855.71429 2.994009268e-14
769090.71429 2.888699476e-14
780492.14286 2.7888584610000002e-14
792062.85714 2.688597842e-14
803805.0 2.609229605e-14
815721.42857 2.5275006479999997e-14
827814.28571 2.41253179e-14
840086.42857 2.3226935280000002e-14
852540.71429 2.247949704e-14
865179.28571 2.166359711e-14
878005.0 2.0909674330000003e-14
891020.71429 2.011650958e-14
904229.28571 1.9327680470000004e-14
917633.57143 1.8658048959999997e-14
931237.14286 1.797017698e-14
945042.85714 1.718905087e-14
959052.85714 1.646145424e-14
973270.71429 1.596609897e-14
987699.28571 1.5230378309999998e-14
1002341.4286 1.468365256e-14
1017200.7143 1.409902182e-14
1032280.0 1.349004099e-14
1047582.8571 1.2908208e-14
1063112.8571 1.2373288790000001e-14
1078872.8571 1.1892062610000001e-14
1094866.4286 1.1347938860000002e-14
1111097.1429 1.096126215e-14
1127568.5714 1.047331753e-14
1144284.2857 1.0011149540000001e-14
1161247.8571 9.587375350000001e-15
1178462.8571 9.205988541e-15
1195932.8571 8.801805096e-15
1213662.1429 8.391311409e-15
1231654.2857 8.039729063000001e-15
1249912.8571 7.707978048e-15
1268442.1429 7.320062021e-15
1287246.4286 7.046684605999999e-15
1306329.2857 6.774911007000001e-15
1325695.0 6.459874809e-15
1345347.8571 6.1871610790000004e-15
1365292.1429 5.923033388e-15
1385532.1429 5.655795689e-15
1406072.1429 5.41095175e-15
1426916.4286 5.1768649329999995e-15
1448069.2857 4.934707146000001e-15
1469535.7143 4.720453988e-15
1491320.7143 4.535449004999999e-15
1513428.5714 4.3381733460000005e-15
1535863.5714 4.142623301e-15
1558631.4286 3.970060406e-15
1581737.1429 3.7978944270000005e-15
1605185.7143 3.635731008999999e-15
1628982.1429 3.4697442140000004e-15
1653130.7143 3.337148551e-15
1677637.1429 3.1805143260000004e-15
1702507.1429 3.052738765e-15
1727745.7143 2.9185199139999996e-15
1753358.5714 2.811280847e-15
1779351.4286 2.684823931e-15
1805729.2857 2.575871034e-15
1832497.8571 2.4747677359999997e-15
1859663.5714 2.365731213e-15
1887232.1429 2.2720059379999997e-15
1915209.2857 2.179341292e-15
1943600.7143 2.0785350109999997e-15
1972412.8571 2.0039301110000005e-15
2001652.1429 1.916808616e-15
2031325.0 1.83890814e-15
2061437.8571 1.7715116300000002e-15
2091997.1429 1.7007617500000001e-15
2123009.2857 1.6332002350000001e-15
2154480.7143 1.565929053e-15
2186418.5714 1.4933318100000002e-15
2218830.0 1.4441509029999998e-15
2251722.1429 1.382088814e-15
2285102.1429 1.326101077e-15
2318977.1429 1.2737597340000001e-15
2353354.2857 1.2271130200000002e-15
2388240.7143 1.179882829e-15
2423644.2857 1.1319758859999998e-15
2459572.8571 1.0887549540000002e-15
2496034.2857 1.0485988e-15
2533036.4286 1.0074612938000001e-15
2570587.1429 9.67862997e-16
2608694.2857 9.333196448e-16
2647365.7143 8.932597725e-16
2686610.7143 8.603913285999999e-16
2726437.8571 8.301279642000001e-16
2766855.0 7.981008853000001e-16
2807871.4286 7.669759932e-16
2849495.7143 7.441860238e-16
2891737.1429 7.164010040000001e-16
2934605.0 6.894955509e-16
2978107.8571 6.657242459e-16
3022255.7143 6.399648469999999e-16
3067057.8571 6.163763563000001e-16
3112524.2857 5.931275140000001e-16
3158665.0 5.747933809e-16
3205489.2857 5.531997139e-16
3253007.8571 5.346537246e-16
3301230.7143 5.154639177000001e-16
3350168.5714 4.975115479e-16
3399832.1429 4.802044204e-16
3450231.4286 4.645607447e-16
3501377.8571 4.511849442e-16
3553282.8571 4.347265314e-16
3605957.1429 4.209215547e-16
3659412.1429 4.101225939e-16
3713660.0 3.9712930030000004e-16
3768712.1429 3.8437592980000003e-16
3824580.0 3.727809699e-16
3881275.7143 3.628118826e-16
3938812.1429 3.524767683999999e-16
3997201.4286 3.444609363e-16
4056456.4286 3.348159867e-16
4116590.0 3.2662682840000004e-16
4177615.0 3.186792931e-16
4239544.2857 3.118437308e-16
4302391.4286 3.055558682e-16
4366170.7143 2.997721138e-16
4430895.0 2.941496801e-16
4496578.5714 2.8910579550000006e-16
4563236.4286 2.8530199540000006e-16
4630882.1429 2.81745342e-16
4699530.0 2.787653914e-16
4769195.7143 2.757200042e-16
4839894.2857 2.7346804120000007e-16
4911640.7143 2.7312864809999997e-16
4973888.5714 2.723522878e-16
