# freq [Hz]  noise density [V^2/Hz]
1.4285714286 6.886876047e-11
4.2857142857 8.552466137900001e-12
5.7142857143 1.07064099761e-11
7.1428571429 1.6929654408e-11
8.5714285714 1.5812860138e-11
10.0 1.6728839292000002e-11
11.428571429 1.37871137474e-11
12.857142857 1.124917657e-11
14.285714286 8.9408467803e-12
15.714285714 7.53957027952e-12
17.142857143 1.3538368494e-11
18.571428571 1.8352193993e-11
20.0 1.33586512706e-11
21.428571429 1.08449103391e-11
22.857142857 8.816400501700003e-12
24.285714286 1.3116847997800002e-11
25.714285714 1.5637480364999998e-11
27.142857143 9.1692480827e-12
28.571428571 1.5619043111e-11
30.0 1.8984875855300002e-11
31.428571429 1.3811594743999999e-11
32.857142857 9.0286981784e-12
34.285714286 9.567957917e-12
35.714285714 1.4737900408000002e-11
37.142857143 6.227410483000001e-12
38.571428571 1.0875104239e-11
40.0 1.6616017005e-11
41.428571429 5.573788843e-12
42.857142857 1.4031082734500003e-11
44.285714286 1.2049828086e-11
45.714285714 8.1806245397e-12
47.142857143 1.24095673543e-11
48.571428571 1.7111286733000005e-11
50.0 8.3840298025e-12
51.428571429 1.6886653961e-11
52.857142857 1.0561569094000001e-11
54.285714286 1.3136248729000001e-11
55.714285714 8.6461165943e-12
57.142857143 1.443977701746e-11
58.571428571 9.7290390822e-12
60.0 6.0641707462e-12
61.428571429 1.2965888296099998e-11
62.857142857 6.690514581e-12
64.285714286 1.06208628e-11
65.714285714 6.3460160427e-12
67.142857143 9.0652808008e-12
68.571428571 1.0275357533e-11
70.0 1.5247143104999998e-11
71.428571429 1.1743327977899999e-11
72.857142857 6.784963718999999e-12
74.285714286 1.09893455365e-11
75.714285714 1.9796124877999995e-11
77.142857143 1.3824150944000001e-11
78.571428571 5.285635305400001e-12
80.0 1.3546371767e-11
81.428571429 1.6944141857999997e-11
82.857142857 1.4617250133999998e-11
84.285714286 1.5264603003000002e-11
85.714285714 7.0062237514e-12
87.142857143 1.16033668948e-11
88.571428571 1.06379328807e-11
90.0 9.42837554296e-12
91.428571429 9.8774221482e-12
92.857142857 9.517015119999998e-12
94.285714286 7.346557500399999e-12
95.714285714 1.7172298490699998e-11
97.142857143 1.3623368015e-11
99.285714286 1.4969571950999998e-11
102.14285714 1.0275223113999999e-11
105.0 1.0004771692e-11
107.85714286 1.4792945345e-11
110.71428571 9.957035743999999e-12
113.57142857 9.545545661e-12
116.42857143 1.3768102096e-11
119.28571429 7.809271941999998e-12
122.14285714 1.0535987537999999e-11
125.0 1.0335551191e-11
127.85714286 2.1994035973e-11
130.71428571 1.1011765794600001e-11
133.57142857 9.895111667000001e-12
136.42857143 1.0303908036000002e-11
139.28571429 1.1143129966e-11
142.14285714 9.079317264e-12
145.0 1.0022889993000001e-11
147.85714286 1.4912621572999996e-11
150.71428571 9.1590590771e-12
153.57142857 9.8658895897e-12
156.42857143 1.3126357582e-11
159.28571429 1.2238780073000002e-11
162.14285714 9.62740266e-12
165.0 1.66584357186e-11
167.85714286 9.412124777999999e-12
170.71428571 1.105020749e-11
173.57142857 9.771928622e-12
176.42857143 1.0912349113e-11
179.28571429 1.0158844182000001e-11
182.14285714 1.0418609469000001e-11
185.0 1.3232378431999996e-11
187.85714286 1.1348959475e-11
190.71428571 1.03418314043e-11
193.57142857 9.780076136000002e-12
197.14285714 1.0119906674000003e-11
201.42857143 1.6117199699999997e-11
205.71428571 1.1471554062999999e-11
210.0 1.1299365662e-11
214.28571429 1.2972894906000002e-11
218.57142857 1.4833927766000002e-11
222.85714286 1.5949632129e-11
227.14285714 1.3934111783e-11
231.42857143 1.0691125760999998e-11
235.71428571 1.2245715883999999e-11
240.0 8.757341683e-12
244.28571429 8.308006501e-12
248.57142857 1.3353605621e-11
252.85714286 1.1490437952e-11
257.14285714 1.1612527685999998e-11
261.42857143 1.6056575968e-11
265.71428571 1.0230093747499997e-11
270.0 1.1681311119999999e-11
274.28571429 1.0852558427e-11
278.57142857 1.1930958845999999e-11
282.85714286 1.1067403728999998e-11
287.14285714 7.0134766540000005e-12
291.42857143 1.0469811198e-11
296.42857143 1.2411721934000002e-11
302.14285714 1.1396144567999999e-11
307.85714286 1.0846870275e-11
313.57142857 1.1620220066e-11
319.28571429 9.66122868e-12
325.0 1.1147177999999998e-11
330.71428571 1.0524347829000001e-11
336.42857143 9.901375376000001e-12
342.14285714 1.6367284622e-11
347.85714286 1.0462116109e-11
353.57142857 1.1939446426e-11
359.28571429 1.2114277715000001e-11
365.0 1.3003043144e-11
370.71428571 1.5494822308e-11
376.42857143 1.2312931767e-11
382.14285714 1.7474370614999998e-11
387.85714286 1.1019783587e-11
394.28571429 1.2588800614e-11
401.42857143 1.0530662972e-11
408.57142857 9.668834564000001e-12
415.71428571 1.1052868337e-11
422.85714286 1.4522007398000001e-11
430.0 9.178262247e-12
437.14285714 1.2153619271999998e-11
444.28571429 1.0917550587999998e-11
451.42857143 1.0863922417e-11
458.57142857 1.2670089561000001e-11
465.71428571 9.678641941999999e-12
472.85714286 9.069780556000001e-12
480.0 1.2197094388e-11
487.85714286 1.1060000329e-11
496.42857143 1.1238708540000001e-11
505.0 1.1287880333999997e-11
513.57142857 1.0483757454000001e-11
522.14285714 1.0762301807999999e-11
530.71428571 9.298108865000001e-12
539.28571429 1.2853009721000001e-11
547.85714286 1.1680130323e-11
556.42857143 1.2934409426e-11
565.0 1.1309487822999999e-11
573.57142857 1.2242565326000001e-11
582.14285714 1.0956462755e-11
591.42857143 1.0107646603000001e-11
601.42857143 1.3685299956000001e-11
611.42857143 1.1776952328000001e-11
621.42857143 1.1471800777e-11
631.42857143 1.2641148417e-11
641.42857143 1.4373788902e-11
651.42857143 1.1303989753e-11
661.42857143 1.2216773195e-11
671.42857143 1.4063167776999998e-11
682.14285714 1.0688239795e-11
693.57142857 1.0812919456e-11
705.0 1.2059053926e-11
716.42857143 7.611019617e-12
727.85714286 1.1131415897000001e-11
739.28571429 1.0680658655000001e-11
750.71428571 9.805105623999998e-12
762.14285714 1.0532821753e-11
773.57142857 1.1121018663e-11
785.71428571 9.644142159e-12
798.57142857 1.2779461098000002e-11
811.42857143 1.3835789246999998e-11
824.28571429 1.1170566106999999e-11
837.14285714 1.0196348805000001e-11
850.0 1.2937231307e-11
862.85714286 1.0821015376e-11
876.42857143 1.1920349224e-11
890.71428571 1.0995033166e-11
905.0 1.1637642426e-11
919.28571429 1.1664870931e-11
933.57142857 1.3566673146000002e-11
947.85714286 1.1589786875e-11
962.14285714 1.072329708e-11
977.14285714 1.2589004532e-11
992.85714286 1.1736718390999999e-11
1008.5714286 9.148895586999998e-12
1024.2857143 1.1862701028999999e-11
1040.0 1.1660901515000001e-11
1055.7142857 1.0650787521e-11
1072.1428571 1.0084795801e-11
1089.2857143 1.1072289023e-11
1106.4285714 1.0895714047e-11
1123.5714286 1.0083835174e-11
1140.7142857 1.092024353e-11
1157.8571429 1.0723205025e-11
1175.7142857 1.3508731395000002e-11
1194.2857143 1.2140808829000002e-11
1212.8571429 1.3007853358999999e-11
1231.4285714 1.3099956233000001e-11
1250.0 1.021492062e-11
1269.2857143 1.1734669395000002e-11
1289.2857143 1.1298946658e-11
1309.2857143 1.1816481541000001e-11
1329.2857143 1.1971997465999999e-11
1349.2857143 1.0812965897999999e-11
1370.0 1.113650901e-11
1391.4285714 1.0401981357e-11
1412.8571429 1.1562250685e-11
1434.2857143 1.3301018686000002e-11
1455.7142857 1.1570418478000002e-11
1477.8571429 1.0200236088e-11
1500.7142857 1.3904362986999999e-11
1523.5714286 1.2251963628999998e-11
1546.4285714 1.1580867865000002e-11
1570.0 1.0920935782e-11
1594.2857143 1.2808037253999998e-11
1618.5714286 1.1175334524e-11
1642.8571429 1.1265722019e-11
1667.8571429 1.1687564772000001e-11
1693.5714286 1.2484496111999999e-11
1719.2857143 1.0979002803e-11
1745.0 1.1829545655e-11
1771.4285714 1.1586661650999999e-11
1798.5714286 1.3870942508999999e-11
1825.7142857 1.1830141836e-11
1853.5714286 1.2030510251000002e-11
1882.1428571 1.2555548182000001e-11
1910.7142857 1.1032197187e-11
1939.2857143 1.135615697e-11
1968.5714286 1.1580547417999999e-11
1998.5714286 1.1800339975999999e-11
2028.5714286 1.1968396344e-11
2059.2857143 1.0019854149000003e-11
2090.7142857 1.1490425384000001e-11
2122.1428571 1.0418034158999999e-11
2154.2857143 1.1371319648e-11
2187.1428571 1.357362806e-11
2220.0 1.1695190196e-11
2253.5714286 1.1644446115999999e-11
2287.8571429 1.1872354398999999e-11
2322.1428571 1.1534711117999998e-11
2357.1428571 1.2315459917e-11
2392.8571429 1.1500682641e-11
2429.2857143 1.1000304187999999e-11
2466.4285714 1.1371458962e-11
2503.5714286 1.177726495e-11
2541.4285714 1.2028875643e-11
2580.0 1.1817094339e-11
2618.5714286 1.1579446157e-11
2657.8571429 1.1699428341e-11
2697.8571429 1.1124616846999999e-11
2738.5714286 1.222533688e-11
2780.0 1.193493152e-11
2822.1428571 1.223291344e-11
2865.0 1.0977147512e-11
2907.8571429 1.3051884373000001e-11
2951.4285714 1.1007052106e-11
2995.7142857 1.1145744774000002e-11
3040.7142857 1.2461574003999997e-11
3086.4285714 1.2633772170000002e-11
3132.8571429 1.2463398697000002e-11
3180.0 1.225568659e-11
3227.8571429 1.1548024264e-11
3276.4285714 1.2115882236999999e-11
3325.7142857 1.0623596573e-11
3375.7142857 1.21321818e-11
3426.4285714 1.1683503954999999e-11
3477.8571429 1.1055089056e-11
3530.0 1.1113851128e-11
3582.8571429 1.181455296e-11
3636.4285714 1.179201151e-11
3691.4285714 1.1948019931e-11
3747.1428571 1.2400327409999999e-11
3803.5714286 1.1521611992999996e-11
3860.7142857 1.0571020076e-11
3918.5714286 1.1858497298e-11
3977.1428571 1.197051792e-11
4036.4285714 1.1551506220000001e-11
4097.1428571 1.1550807789e-11
4158.5714286 1.1083741092e-11
4220.7142857 1.23473272e-11
4284.2857143 1.1115737650000001e-11
4348.5714286 1.1905375017e-11
4413.5714286 1.0972373029999998e-11
4480.0 1.1840638465000001e-11
4547.1428571 1.10200183e-11
4615.0 1.1539659347999999e-11
4684.2857143 1.1408297514e-11
4754.2857143 1.1266575820999999e-11
4825.0 1.1738733249e-11
4897.1428571 1.1012723674999999e-11
4970.7142857 1.1937331027000001e-11
5045.0 1.0928098340999998e-11
5120.0 1.1237260785999999e-11
5196.4285714 1.1093132572e-11
5274.2857143 1.270645466e-11
5353.5714286 1.1007334729000001e-11
5433.5714286 1.1137718384e-11
5514.2857143 1.0738655582e-11
5596.4285714 1.136491569e-11
5680.0 1.2030648442000001e-11
5765.0 1.180253558e-11
5851.4285714 1.2224696599999998e-11
5939.2857143 1.1746607090000001e-11
6028.5714286 1.1204378209e-11
6119.2857143 1.1966056219000001e-11
6210.7142857 1.1486996142999999e-11
6302.8571429 1.2670896107999998e-11
6396.4285714 1.1430257474999999e-11
6491.4285714 1.0763758060999998e-11
6587.8571429 1.1694590034999998e-11
6685.7142857 1.1550549233e-11
6785.0 1.1442472135e-11
6885.7142857 1.0580672105e-11
6987.8571429 1.2040290443000001e-11
7092.1428571 1.0986950059999999e-11
7198.5714286 1.191738553e-11
7306.4285714 1.1721355191e-11
7415.7142857 1.2014784110000001e-11
7526.4285714 1.176157706e-11
7638.5714286 1.1952589689999999e-11
7752.1428571 1.1578766017000002e-11
7867.8571429 1.0971471934999997e-11
7985.7142857 1.1077799763e-11
8105.0 1.0866988871999998e-11
8225.7142857 1.102239649e-11
8347.8571429 1.1446556589e-11
8472.1428571 1.1076746047000001e-11
8598.5714286 1.1527405546e-11
8726.4285714 1.1409237129999999e-11
8856.4285714 1.1737149550000002e-11
8988.5714286 1.144198139e-11
9122.1428571 1.1025957563e-11
9257.8571429 1.1627529967e-11
9395.7142857 1.1401551927e-11
9535.7142857 1.1102541877000002e-11
9677.8571429 1.1415910859e-11
9822.1428571 1.2011652929999998e-11
9968.5714286 1.1236828796e-11
10117.142857 1.1419546114e-11
10267.857143 1.1559651120000002e-11
10420.714286 1.1152777701e-11
10575.714286 1.164236155e-11
10732.857143 1.1772889800000001e-11
10892.857143 1.0580439209e-11
11055.0 1.0674170475999998e-11
11219.285714 1.0727497609e-11
11386.428571 1.1245174416e-11
11556.428571 1.1309751730000002e-11
11728.571429 1.0457548102999998e-11
11902.857143 1.0492569306e-11
12080.0 1.0953147159999999e-11
12260.0 1.1236708142e-11
12442.857143 1.1160763016e-11
12628.571429 1.1342162245e-11
12817.142857 1.1147697150000002e-11
13007.857143 1.1222674102e-11
13200.714286 1.0937870913e-11
13396.428571 1.146273467e-11
13595.714286 1.0900525818e-11
13798.571429 1.0742103042e-11
14004.285714 1.0869690770000002e-11
14212.857143 1.1126317379999999e-11
14424.285714 1.1239090859000001e-11
14638.571429 1.0844223999999999e-11
14856.428571 1.069472267e-11
15077.857143 1.1320868861000001e-11
15302.142857 1.0722585162999997e-11
15529.285714 1.175671254e-11
15760.0 1.0975476888e-11
15994.285714 1.1356015258999998e-11
16232.142857 1.0758424029e-11
16473.571429 1.0807712493999999e-11
16718.571429 1.1391119515999998e-11
16967.142857 1.0805878667e-11
17219.285714 1.0718609240000002e-11
17475.0 1.0740665032000001e-11
17734.285714 1.0737650469000002e-11
17997.857143 1.060821972e-11
18265.714286 1.1084954754000001e-11
18537.142857 1.0682167729999999e-11
18812.142857 1.0738721695000002e-11
19091.428571 1.0696737927999997e-11
19375.0 1.0653722085999999e-11
19662.857143 1.0333816877e-11
19955.0 1.0347886941e-11
20251.428571 1.0586840336e-11
20552.142857 1.0705158532000002e-11
20857.142857 1.058880833e-11
21167.142857 1.0925442327e-11
21482.142857 1.0268311555000001e-11
21801.428571 1.0537688682e-11
22125.0 1.0569645194000001e-11
22453.571429 1.0549389179e-11
22787.142857 1.063305826e-11
23125.714286 1.0118731773999999e-11
23469.285714 1.0343255709999999e-11
23817.857143 1.0146096957999999e-11
24171.428571 1.0513014761e-11
24530.0 1.005033052e-11
24894.285714 9.884105471e-12
25264.285714 1.0108070725e-11
25640.0 9.695494289e-12
26021.428571 1.0147740125e-11
26408.571429 1.0037031631000001e-11
26801.428571 1.0146593104e-11
27200.0 9.941619994000002e-12
27604.285714 9.951324723000002e-12
28014.285714 9.906331704999998e-12
28430.0 1.0031514424000001e-11
28852.142857 9.690309143e-12
29280.714286 9.624532625999998e-12
29715.714286 9.540107988e-12
30157.142857 9.620378591999999e-12
30605.0 9.584221315000001e-12
31059.285714 9.562180952999998e-12
31520.0 9.478104925000001e-12
31987.857143 9.437471855e-12
32462.857143 9.379692577000002e-12
32945.0 9.445309886e-12
33434.285714 9.531679751e-12
33930.714286 9.202090974999999e-12
34434.285714 9.140416033e-12
34945.0 8.915357113000001e-12
35463.571429 8.921814895e-12
35990.0 9.15431271e-12
36524.285714 8.835856339000001e-12
37066.428571 8.964618934e-12
37616.428571 8.988508135e-12
38175.0 8.978566866e-12
38742.142857 8.656593447999999e-12
39317.142857 8.544863692999999e-12
39900.0 8.455688791e-12
40492.142857 8.442221072e-12
41093.571429 8.595887226999998e-12
41703.571429 8.447531877e-12
42322.142857 8.417562893e-12
42950.0 8.237641433e-12
43587.142857 8.142352495000002e-12
44233.571429 8.278719145e-12
44890.0 7.815752477e-12
45556.428571 7.812234184000001e-12
46232.857143 7.92830609e-12
46919.285714 7.76900796e-12
47615.714286 7.556042918e-12
48322.142857 7.804469481e-12
49039.285714 7.551198495e-12
49767.142857 7.486355899e-12
50505.714286 7.480411236e-12
51255.0 7.341950033999999e-12
52015.0 7.290226115e-12
52786.428571 7.163398234e-12
53569.285714 7.0291227800000005e-12
54363.571429 6.81492606e-12
55170.0 6.950395564e-12
55988.571429 6.8271351380000015e-12
56819.285714 6.701662758000001e-12
57662.142857 6.5641176810000006e-12
58517.142857 6.593956779e-12
59385.0 6.357067394e-12
60265.714286 6.354653472e-12
61159.285714 6.2470942839999995e-12
62066.428571 6.219721634e-12
62987.142857 6.188868442e-12
63921.428571 5.967242311999999e-12
64870.0 6.040975733000001e-12
65832.857143 5.962765899e-12
66810.0 5.669082478000001e-12
67801.428571 5.710706861e-12
68807.142857 5.657977338000001e-12
69827.857143 5.694865605e-12
70863.571429 5.539150794e-12
71914.285714 5.347600909999999e-12
72980.714286 5.30902096e-12
74062.857143 5.272460152e-12
75161.428571 5.208527075999999e-12
76276.428571 5.0587993349999995e-12
77407.857143 4.975257784e-12
78556.428571 4.928771873999999e-12
79722.142857 4.7913763870000005e-12
80905.0 4.72746431e-12
82105.0 4.628849461e-12
83322.857143 4.519476401e-12
84558.571429 4.463036107e-12
85812.142857 4.347239786999999e-12
87084.285714 4.339957975e-12
88375.714286 4.206346880000001e-12
89686.428571 4.197929858e-12
91016.428571 4.062794213e-12
92366.428571 4.019155673999999e-12
93736.428571 3.906993438e-12
95126.428571 3.939175873e-12
96537.142857 3.847375522e-12
97969.285714 3.700192307e-12
99422.857143 3.654201841e-12
100897.85714 3.6050630220000002e-12
102394.28571 3.4538512700000004e-12
103912.85714 3.5221306950000002e-12
105454.28571 3.3587649720000007e-12
107018.57143 3.271392361e-12
108605.71429 3.252000363e-12
110216.42857 3.162233529e-12
111851.42857 3.0176948419999997e-12
113510.71429 3.0169423180000002e-12
115194.28571 2.9351614599999995e-12
116902.85714 2.902567478e-12
118636.42857 2.8020524520000007e-12
120395.71429 2.726455951e-12
122181.42857 2.68819166e-12
123993.57143 2.62652047e-12
125832.85714 2.5983414090000005e-12
127699.28571 2.4460594569999996e-12
129592.85714 2.4388065200000004e-12
131514.28571 2.3676460609999997e-12
133464.28571 2.3259596729999998e-12
135443.57143 2.2652724090000004e-12
137452.14286 2.192654729e-12
139490.0 2.1809256220000005e-12
141558.57143 2.1178905e-12
143657.85714 2.048601855e-12
145787.85714 2.013683589e-12
147949.28571 1.964132705e-12
150142.85714 1.909448981e-12
152369.28571 1.8828176800000004e-12
154628.57143 1.795228152e-12
156921.42857 1.7749093149999999e-12
159248.57143 1.7321335929999999e-12
161610.0 1.679474507e-12
164006.42857 1.659888388e-12
166438.57143 1.585790966e-12
168906.42857 1.5664030190000002e-12
171410.71429 1.5079914170000002e-12
173952.14286 1.4843642950000002e-12
176531.42857 1.4661808479999999e-12
179149.28571 1.386437017e-12
181805.71429 1.3602174779999999e-12
184501.42857 1.319368674e-12
187237.14286 1.2951886040000003e-12
190013.57143 1.2638234820000001e-12
192831.42857 1.228992619e-12
195690.71429 1.195947583e-12
198592.14286 1.1591471459999999e-12
201536.42857 1.1344531889999999e-12
204524.28571 1.129216286e-12
207556.42857 1.066969941e-12
210633.57143 1.0340781293e-12
213756.42857 1.0186511957e-12
216925.71429 9.868966776e-13
220142.14286 9.63974856e-13
223406.42857 9.384020134e-13
226719.28571 9.028401209000001e-13
230080.71429 8.893989279000001e-13
233492.14286 8.613108542999999e-13
236954.28571 8.409539942999998e-13
240467.14286 8.224356684e-13
244032.14286 7.900562534e-13
247650.0 7.640447452e-13
251321.42857 7.475966118999998e-13
255047.85714 7.266752572999999e-13
258830.0 7.000030104e-13
262667.85714 6.862613730999999e-13
266562.14286 6.636741433999999e-13
270514.28571 6.539074016000001e-13
274525.0 6.313293673e-13
278595.0 6.162864455000001e-13
282725.71429 5.950054144999999e-13
286917.85714 5.716398885e-13
291172.14286 5.601711138e-13
295489.28571 5.409648337e-13
299870.0 5.290639277e-13
304315.71429 5.103666525000002e-13
308827.85714 4.923724148000001e-13
313407.14286 4.832399294000001e-13
318054.28571 4.673210815999999e-13
322770.0 4.534519776e-13
327555.0 4.3818202730000004e-13
332410.71429 4.2298851200000006e-13
337338.57143 4.157288038e-13
342340.0 3.9938965349999997e-13
347415.71429 3.8734364120000006e-13
352566.42857 3.774282382e-13
357793.57143 3.6524234049999996e-13
363098.57143 3.5111534859999996e-13
368482.14286 3.4335179069999997e-13
373945.0 3.3225174689999997e-13
379488.57143 3.246169719e-13
385114.28571 3.13763064e-13
390823.57143 3.012539987e-13
396617.85714 2.925829287e-13
402497.85714 2.843723877e-13
408465.0 2.7452864340000003e-13
414520.71429 2.642852718e-13
420666.42857 2.5780380339999994e-13
426903.57143 2.4752491270000004e-13
433232.85714 2.3931817650000004e-13
439655.71429 2.319203704e-13
446173.57143 2.2406733680000002e-13
452787.85714 2.1697977479999998e-13
459500.71429 2.1031320199999998e-13
466313.57143 2.022742834e-13
473227.14286 1.9663466199999997e-13
480242.85714 1.895739594e-13
487362.85714 1.842299513e-13
494588.57143 1.7779735849999998e-13
501920.71429 1.713384474e-13
509361.42857 1.6594007310000003e-13
516912.85714 1.5956959910000002e-13
524576.42857 1.5457330710000003e-13
532353.57143 1.4793822640000002e-13
540245.71429 1.4231305479999997e-13
548255.0 1.379234514e-13
556382.85714 1.335582211e-13
564630.71429 1.2716806689999998e-13
573001.42857 1.2440084610000001e-13
581496.42857 1.186971749e-13
590117.14286 1.1551903300000001e-13
598865.71429 1.108940719e-13
607743.57143 1.0627642650000001e-13
616752.85714 1.024806104e-13
625895.71429 9.864003012000001e-14
635174.28571 9.479035847e-14
644590.71429 9.079935327e-14
654146.42857 8.733959276999999e-14
663843.57143 8.357881812999999e-14
673685.0 7.976792378e-14
683672.85714 7.776367727e-14
693808.57143 7.436151279e-14
704094.28571 7.169622898000001e-14
714532.14286 6.832772639999999e-14
725125.0 6.534957789e-14
735875.0 6.277553542e-14
746784.28571 6.005945403e-14
757855.71429 5.748924454e-14
769090.71429 5.4890001450000005e-14
780492.14286 5.299661435e-14
792062.85714 5.079583507e-14
803805.0 4.830394951e-14
815721.42857 4.610027948999999e-14
827814.28571 4.4085108199999995e-14
840086.42857 4.20247236e-14
852540.71429 3.993017045e-14
865179.28571 3.840316382000001e-14
878005.0 3.653076304e-14
891020.71429 3.454624425e-14
904229.28571 3.335704818e-14
917633.57143 3.1806743899999995e-14
931237.14286 3.020527938e-14
945042.85714 2.868984437e-14
959052.85714 2.733894068e-14
973270.71429 2.6021892800000002e-14
987699.28571 2.4910881539999997e-14
1002341.4286 2.3442459619999998e-14
1017200.7143 2.249800023e-14
1032280.0 2.1465580629999998e-14
1047582.8571 2.026107215e-14
1063112.8571 1.923575913e-14
1078872.8571 1.823943702e-14
1094866.4286 1.746251681e-14
1111097.1429 1.656998459e-14
1127568.5714 1.570052193e-14
1144284.2857 1.486309604e-14
1161247.8571 1.4102835840000002e-14
1178462.8571 1.3416342970000002e-14
1195932.8571 1.2767295259999998e-14
1213662.1429 1.2105044050000001e-14
1231654.2857 1.145796308e-14
1249912.8571 1.092743349e-14
1268442.1429 1.037236515e-14
1287246.4286 9.803918728999998e-15
1306329.2857 9.286193195e-15
1325695.0 8.817286671999999e-15
1345347.8571 8.374685535999999e-15
1365292.1429 7.936553434999999e-15
1385532.1429 7.539390848e-15
1406072.1429 7.173856422e-15
1426916.4286 6.791879063e-15
1448069.2857 6.452261297000002e-15
1469535.7143 6.1170521659999994e-15
1491320.7143 5.816142739999999e-15
1513428.5714 5.549393768e-15
1535863.5714 5.243519090000001e-15
1558631.4286 4.995293424e-15
1581737.1429 4.739139778e-15
1605185.7143 4.500019414000001e-15
1628982.1429 4.275994118e-15
1653130.7143 4.0612579219999995e-15
1677637.1429 3.870314564e-15
1702507.1429 3.667754364000001e-15
1727745.7143 3.4864233199999998e-15
1753358.5714 3.342548999e-15
1779351.4286 3.181234516e-15
1805729.2857 3.02783816e-15
1832497.8571 2.8835537109999997e-15
1859663.5714 2.7492639860000004e-15
1887232.1429 2.608523032e-15
1915209.2857 2.4912986039999996e-15
1943600.7143 2.3842891739999998e-15
1972412.8571 2.2711036190000004e-15
2001652.1429 2.161944297e-15
2031325.0 2.067883896e-15
2061437.8571 1.9730382790000002e-15
2091997.1429 1.8883927240000003e-15
2123009.2857 1.799164181e-15
2154480.7143 1.7227561269999998e-15
2186418.5714 1.646483682e-15
2218830.0 1.573678858e-15
2251722.1429 1.5022163040000001e-15
2285102.1429 1.439350854e-15
2318977.1429 1.380580949e-15
2353354.2857 1.3231195779999997e-15
2388240.7143 1.2591564039999999e-15
2423644.2857 1.211037589e-15
2459572.8571 1.1653021830000002e-15
2496034.2857 1.113637051e-15
2533036.4286 1.0678272069999998e-15
2570587.1429 1.0229836340000001e-15
2608694.2857 9.82030907e-16
2647365.7143 9.433036242999998e-16
2686610.7143 9.038720211999999e-16
2726437.8571 8.661737803000001e-16
2766855.0 8.341511483999999e-16
2807871.4286 8.003370303e-16
2849495.7143 7.709057221e-16
2891737.1429 7.401276645e-16
2934605.0 7.119674500000001e-16
2978107.8571 6.83033849e-16
3022255.7143 6.578774932999999e-16
3067057.8571 6.337836057e-16
3112524.2857 6.080472596e-16
3158665.0 5.861716244e-16
3205489.2857 5.672762989e-16
3253007.8571 5.455485363e-16
3301230.7143 5.262908058000001e-16
3350168.5714 5.078806279e-16
3399832.1429 4.926360286e-16
3450231.4286 4.744841521000001e-16
3501377.8571 4.567123441000001e-16
3553282.8571 4.4156997669999993e-16
3605957.1429 4.2698264039999996e-16
3659412.1429 4.137249152e-16
3713660.0 4.017235304e-16
3768712.1429 3.886404414000001e-16
3824580.0 3.7696795100000003e-16
3881275.7143 3.6652780610000003e-16
3938812.1429 3.54729503e-16
3997201.4286 3.4626578840000004e-16
4056456.4286 3.368419085e-16
4116590.0 3.282533406e-16
4177615.0 3.200842562e-16
4239544.2857 3.126236438e-16
4302391.4286 3.0682550979999996e-16
4366170.7143 3.001173065e-16
4430895.0 2.9454755570000003e-16
4496578.5714 2.9036025870000003e-16
4563236.4286 2.856323995999999e-16
4630882.1429 2.8233654000000005e-16
4699530.0 2.802216995e-16
4769195.7143 2.765545311e-16
4839894.2857 2.747587635e-16
4911640.7143 2.730328542e-16
4973888.5714 2.7285075559999996e-16
