# F_set      Vpp_set   F1           Vpp1   OVL1 RNG1  F2           Vpp2   OVL2 RNG2 
1.000000e+03 1.568627  9.999919e+02 7.704860 0 5e+00  9.999919e+02 1.504756 0 5e+00
1.086477e+03 1.568627  1.086466e+03 7.705560 0 1e+01  1.086466e+03 1.505374 0 2e+00
1.180433e+03 1.568627  1.180403e+03 7.705180 0 1e+01  1.180403e+03 1.505262 0 2e+00
1.282513e+03 1.568627  1.282513e+03 7.703020 0 1e+01  1.282513e+03 1.504874 0 2e+00
1.393421e+03 1.568627  1.393416e+03 7.703940 0 1e+01  1.393416e+03 1.505038 0 2e+00
1.513920e+03 1.568627  1.513886e+03 7.703820 0 1e+01  1.513886e+03 1.505044 0 2e+00
1.644840e+03 1.568627  1.644825e+03 7.702680 0 1e+01  1.644825e+03 1.504834 0 2e+00
1.787081e+03 1.568627  1.787041e+03 7.702680 0 1e+01  1.787042e+03 1.504796 0 2e+00
1.941623e+03 1.568627  1.941609e+03 7.702220 0 1e+01  1.941609e+03 1.504758 0 2e+00
2.109529e+03 1.568627  2.109475e+03 7.701340 0 1e+01  2.109475e+03 1.504558 0 2e+00
2.291955e+03 1.568627  2.291902e+03 7.699860 0 1e+01  2.291902e+03 1.504294 0 2e+00
2.490156e+03 1.568627  2.490160e+03 7.700320 0 1e+01  2.490160e+03 1.504408 0 2e+00
2.705498e+03 1.568627  2.705427e+03 7.699640 0 1e+01  2.705427e+03 1.504282 0 2e+00
2.939462e+03 1.568627  2.939440e+03 7.696880 0 1e+01  2.939440e+03 1.503730 0 2e+00
3.193658e+03 1.568627  3.193633e+03 7.699140 0 1e+01  3.193633e+03 1.504206 0 2e+00
3.469836e+03 1.568627  3.469795e+03 7.697160 0 1e+01  3.469795e+03 1.503800 0 2e+00
3.769898e+03 1.568627  3.769805e+03 7.700140 0 1e+01  3.769805e+03 1.504396 0 2e+00
4.095908e+03 1.568627  4.095847e+03 7.697940 0 1e+01  4.095847e+03 1.503986 0 2e+00
4.450111e+03 1.568627  4.450017e+03 7.697200 0 1e+01  4.450017e+03 1.503838 0 2e+00
4.834943e+03 1.568627  4.834874e+03 7.696260 0 1e+01  4.834874e+03 1.503604 0 2e+00
5.253056e+03 1.568627  5.253024e+03 7.698340 0 1e+01  5.253024e+03 1.504028 0 2e+00
5.707325e+03 1.568627  5.707292e+03 7.698360 0 1e+01  5.707292e+03 1.504046 0 2e+00
6.200878e+03 1.568627  6.200896e+03 7.697620 0 1e+01  6.200896e+03 1.503898 0 2e+00
6.737112e+03 1.568627  6.737094e+03 7.697900 0 1e+01  6.737094e+03 1.503950 0 2e+00
7.319719e+03 1.568627  7.319532e+03 7.694780 0 1e+01  7.319531e+03 1.503288 0 2e+00
7.952707e+03 1.568627  7.952628e+03 7.698680 0 1e+01  7.952628e+03 1.504070 0 2e+00
8.640435e+03 1.568627  8.640415e+03 7.699080 0 1e+01  8.640414e+03 1.504142 0 2e+00
9.387635e+03 1.568627  9.387519e+03 7.700260 0 1e+01  9.387518e+03 1.504302 0 2e+00
1.019945e+04 1.568627  1.019944e+04 7.700800 0 1e+01  1.019944e+04 1.504422 0 2e+00
1.108147e+04 1.568627  1.108128e+04 7.701980 0 1e+01  1.108128e+04 1.504632 0 2e+00
1.203976e+04 1.568627  1.203956e+04 7.703840 0 1e+01  1.203956e+04 1.504986 0 2e+00
1.308093e+04 1.568627  1.308086e+04 7.704660 0 1e+01  1.308086e+04 1.505090 0 2e+00
1.421213e+04 1.568627  1.421184e+04 7.704680 0 1e+01  1.421183e+04 1.505058 0 2e+00
1.544116e+04 1.568627  1.544076e+04 7.705400 0 1e+01  1.544076e+04 1.505146 0 2e+00
1.677646e+04 1.568627  1.677626e+04 7.701860 0 1e+01  1.677626e+04 1.504470 0 2e+00
1.822724e+04 1.568627  1.822718e+04 7.701080 0 1e+01  1.822718e+04 1.504254 0 2e+00
1.980348e+04 1.568627  1.980319e+04 7.699900 0 1e+01  1.980319e+04 1.503952 0 2e+00
2.151603e+04 1.568627  2.151596e+04 7.699300 0 1e+01  2.151596e+04 1.503792 0 2e+00
2.337668e+04 1.568627  2.337677e+04 7.699780 0 1e+01  2.337677e+04 1.503808 0 2e+00
2.539823e+04 1.568627  2.539808e+04 7.699260 0 1e+01  2.539809e+04 1.503616 0 2e+00
2.759459e+04 1.568627  2.759416e+04 7.699240 0 1e+01  2.759417e+04 1.503470 0 2e+00
2.998090e+04 1.568627  2.998015e+04 7.701060 0 1e+01  2.998015e+04 1.503644 0 2e+00
3.257356e+04 1.568627  3.257369e+04 7.699340 0 1e+01  3.257369e+04 1.503042 0 2e+00
3.539043e+04 1.568627  3.539051e+04 7.702700 0 1e+01  3.539051e+04 1.503524 0 2e+00
3.845089e+04 1.568627  3.845047e+04 7.702680 0 1e+01  3.845045e+04 1.503162 0 2e+00
4.177601e+04 1.568627  4.177510e+04 7.705240 0 1e+01  4.177510e+04 1.503296 0 2e+00
4.538868e+04 1.568627  4.538833e+04 7.707060 0 1e+01  4.538831e+04 1.503090 0 2e+00
4.931377e+04 1.568627  4.931264e+04 7.710160 0 1e+01  4.931263e+04 1.502968 0 2e+00
5.357828e+04 1.568627  5.357694e+04 7.712340 0 1e+01  5.357695e+04 1.502680 0 2e+00
5.821158e+04 1.568627  5.821171e+04 7.719180 0 1e+01  5.821173e+04 1.502964 0 2e+00
6.324555e+04 1.568627  6.324548e+04 7.722740 0 1e+01  6.324545e+04 1.502486 0 2e+00
6.871485e+04 1.568627  6.871362e+04 7.732360 0 1e+01  6.871358e+04 1.502670 0 2e+00
7.465711e+04 1.568627  7.465733e+04 7.741640 0 1e+01  7.465735e+04 1.502458 0 2e+00
8.111325e+04 1.568627  8.111177e+04 7.755680 0 1e+01  8.111182e+04 1.502564 0 2e+00
8.812769e+04 1.568627  8.812774e+04 7.771540 0 1e+01  8.812781e+04 1.502502 0 2e+00
9.574872e+04 1.568627  9.574909e+04 7.792040 0 1e+01  9.574905e+04 1.502424 0 2e+00
1.040288e+05 1.568627  1.040264e+05 7.819000 0 1e+01  1.040265e+05 1.502684 0 2e+00
1.130249e+05 1.568627  1.130233e+05 7.850280 0 1e+01  1.130234e+05 1.502648 0 2e+00
1.227990e+05 1.568627  1.227979e+05 7.890800 0 1e+01  1.227978e+05 1.502938 0 2e+00
1.334183e+05 1.568627  1.334150e+05 7.940020 0 1e+01  1.334151e+05 1.503312 0 2e+00
1.449559e+05 1.568627  1.449527e+05 7.999060 0 1e+01  1.449528e+05 1.503152 0 2e+00
1.574913e+05 1.568627  1.574886e+05 8.071440 0 1e+01  1.574884e+05 1.503002 0 2e+00
1.711107e+05 1.568627  1.711064e+05 8.159500 0 1e+01  1.711065e+05 1.502902 0 2e+00
1.859079e+05 1.568627  1.859032e+05 8.265020 0 1e+01  1.859032e+05 1.503356 0 2e+00
2.019847e+05 1.568627  2.019831e+05 8.420120 0 1e+01  2.019837e+05 1.503054 0 2e+00
2.194517e+05 1.568627  2.194499e+05 8.659880 0 1e+01  2.194507e+05 1.503172 0 2e+00
2.384293e+05 1.568627  2.384291e+05 9.321840 0 1e+01  2.384253e+05 1.503710 0 2e+00
2.590480e+05 1.568627  2.590488e+05 8.623040 0 1e+01  2.590434e+05 1.506684 0 2e+00
2.814497e+05 1.568627  2.814464e+05 7.878220 0 1e+01  2.814441e+05 1.508336 0 2e+00
3.057887e+05 1.568627  3.057817e+05 7.183380 0 1e+01  3.057899e+05 1.509562 0 2e+00
3.322324e+05 1.568627  3.322303e+05 6.538400 0 1e+01  3.322277e+05 1.510268 0 2e+00
3.609629e+05 1.568627  3.609633e+05 5.942820 0 1e+01  3.609554e+05 1.510810 0 2e+00
3.921780e+05 1.568627  3.921756e+05 5.393100 0 1e+01  3.921742e+05 1.510828 0 2e+00
4.260924e+05 1.568627  4.260895e+05 4.887740 0 1e+01  4.260828e+05 1.510880 0 2e+00
4.629397e+05 1.568627  4.629327e+05 4.425880 0 5e+00  4.629414e+05 1.510144 0 2e+00
5.029734e+05 1.568627  5.029619e+05 3.998020 0 5e+00  5.029738e+05 1.509800 0 2e+00
5.464691e+05 1.568627  5.464676e+05 3.604720 0 5e+00  5.464556e+05 1.509834 0 2e+00
5.937262e+05 1.568627  5.937125e+05 3.246580 0 5e+00  5.937249e+05 1.507996 0 2e+00
6.450699e+05 1.568627  6.450542e+05 2.918760 0 5e+00  6.450636e+05 1.506930 0 2e+00
7.008537e+05 1.568627  7.008370e+05 2.621260 0 5e+00  7.008398e+05 1.505952 0 2e+00
7.614616e+05 1.568627  7.614440e+05 2.349040 0 5e+00  7.614457e+05 1.504604 0 2e+00
8.273106e+05 1.568627  8.273149e+05 2.101820 0 5e+00  8.273058e+05 1.502490 0 2e+00
8.988541e+05 1.568627  8.988402e+05 1.882334 0 5e+00  8.988314e+05 1.501298 0 2e+00
9.765844e+05 1.568627  9.765897e+05 1.682724 0 2e+00  9.765869e+05 1.497846 0 2e+00
1.061037e+06 1.568627  1.061032e+06 1.504388 0 2e+00  1.061019e+06 1.495542 0 2e+00
1.152792e+06 1.568627  1.152763e+06 1.343578 0 2e+00  1.152768e+06 1.491692 0 2e+00
1.252482e+06 1.568627  1.252478e+06 1.197312 0 2e+00  1.252488e+06 1.486122 0 2e+00
1.360793e+06 1.568627  1.360770e+06 1.066868 0 2e+00  1.360784e+06 1.480388 0 2e+00
1.478471e+06 1.568627  1.478442e+06 0.949414 0 2e+00  1.478457e+06 1.476070 0 2e+00
1.606325e+06 1.568627  1.606319e+06 0.868154 0 1e+00  1.606291e+06 1.470650 0 2e+00
1.745235e+06 1.568627  1.745226e+06 0.772352 0 1e+00  1.745194e+06 1.463542 0 2e+00
1.896158e+06 1.568627  1.896166e+06 0.683776 0 1e+00  1.896126e+06 1.452800 0 2e+00
2.060133e+06 1.568627  2.060083e+06 0.604544 0 1e+00  2.060128e+06 1.438012 0 2e+00
2.238287e+06 1.568627  2.238298e+06 0.533438 0 1e+00  2.238246e+06 1.428354 0 2e+00
2.431848e+06 1.568627  2.431810e+06 0.468882 0 1e+00  2.431880e+06 1.409130 0 2e+00
2.642147e+06 1.568627  2.642106e+06 0.393082 0 5e-01  2.642064e+06 1.392066 0 2e+00
2.870632e+06 1.568627  2.870662e+06 0.341610 0 5e-01  2.870671e+06 1.371832 0 2e+00
3.118877e+06 1.568627  3.118798e+06 0.299160 0 5e-01  3.118757e+06 1.346524 0 2e+00
3.388588e+06 1.568627  3.388648e+06 0.259488 0 5e-01  3.388643e+06 1.318370 0 2e+00
3.681624e+06 1.568627  3.681607e+06 0.225600 0 5e-01  3.681747e+06 1.280520 0 2e+00
4.000000e+06 1.568627  4.000161e+06 0.196885 0 5e-01  3.999883e+06 1.249926 0 2e+00
