# F_set      Vpp_set   F1           Vpp1   OVL1 RNG1  F2           Vpp2   OVL2 RNG2 
1.000000e+03 1.568627  9.999801e+02 7.705900 0 5e+00  9.999802e+02 1.511574 0 5e+00
1.086477e+03 1.568627  1.086462e+03 7.704020 0 1e+01  1.086462e+03 1.511618 0 2e+00
1.180433e+03 1.568627  1.180403e+03 7.703160 0 1e+01  1.180403e+03 1.511384 0 2e+00
1.282513e+03 1.568627  1.282515e+03 7.701920 0 1e+01  1.282515e+03 1.511184 0 2e+00
1.393421e+03 1.568627  1.393426e+03 7.701920 0 1e+01  1.393426e+03 1.511130 0 2e+00
1.513920e+03 1.568627  1.513885e+03 7.701740 0 1e+01  1.513885e+03 1.511126 0 2e+00
1.644840e+03 1.568627  1.644816e+03 7.701380 0 1e+01  1.644816e+03 1.511046 0 2e+00
1.787081e+03 1.568627  1.787073e+03 7.701380 0 1e+01  1.787073e+03 1.511012 0 2e+00
1.941623e+03 1.568627  1.941600e+03 7.700440 0 1e+01  1.941600e+03 1.510818 0 2e+00
2.109529e+03 1.568627  2.109501e+03 7.700760 0 1e+01  2.109501e+03 1.510816 0 2e+00
2.291955e+03 1.568627  2.291956e+03 7.698480 0 1e+01  2.291951e+03 1.510680 0 2e+00
2.490156e+03 1.568627  2.490132e+03 7.699840 0 1e+01  2.490132e+03 1.510554 0 2e+00
2.705498e+03 1.568627  2.705424e+03 7.700380 0 1e+01  2.705424e+03 1.510620 0 2e+00
2.939462e+03 1.568627  2.939466e+03 7.700940 0 1e+01  2.939467e+03 1.510670 0 2e+00
3.193658e+03 1.568627  3.193589e+03 7.698700 0 1e+01  3.193589e+03 1.510140 0 2e+00
3.469836e+03 1.568627  3.469802e+03 7.699440 0 1e+01  3.469801e+03 1.510258 0 2e+00
3.769898e+03 1.568627  3.769903e+03 7.699100 0 1e+01  3.769904e+03 1.510130 0 2e+00
4.095908e+03 1.568627  4.095912e+03 7.698380 0 1e+01  4.095913e+03 1.509854 0 2e+00
4.450111e+03 1.568627  4.449998e+03 7.699980 0 1e+01  4.449999e+03 1.510056 0 2e+00
4.834943e+03 1.568627  4.834879e+03 7.700080 0 1e+01  4.834879e+03 1.509986 0 2e+00
5.253056e+03 1.568627  5.253063e+03 7.701060 0 1e+01  5.253062e+03 1.509994 0 2e+00
5.707325e+03 1.568627  5.707299e+03 7.701400 0 1e+01  5.707301e+03 1.509892 0 2e+00
6.200878e+03 1.568627  6.200896e+03 7.703680 0 1e+01  6.200896e+03 1.510164 0 2e+00
6.737112e+03 1.568627  6.737091e+03 7.704760 0 1e+01  6.737089e+03 1.510114 0 2e+00
7.319719e+03 1.568627  7.319614e+03 7.704000 0 1e+01  7.319613e+03 1.509652 0 2e+00
7.952707e+03 1.568627  7.952590e+03 7.708060 0 1e+01  7.952592e+03 1.510122 0 2e+00
8.640435e+03 1.568627  8.640224e+03 7.711800 0 1e+01  8.640222e+03 1.510484 0 2e+00
9.387635e+03 1.568627  9.387645e+03 7.714240 0 1e+01  9.387644e+03 1.510436 0 2e+00
1.019945e+04 1.568627  1.019945e+04 7.717520 0 1e+01  1.019945e+04 1.510524 0 2e+00
1.108147e+04 1.568627  1.108145e+04 7.723020 0 1e+01  1.108145e+04 1.510914 0 2e+00
1.203976e+04 1.568627  1.203970e+04 7.727780 0 1e+01  1.203971e+04 1.511128 0 2e+00
1.308093e+04 1.568627  1.308081e+04 7.732080 0 1e+01  1.308082e+04 1.511056 0 2e+00
1.421213e+04 1.568627  1.421190e+04 7.737860 0 1e+01  1.421189e+04 1.511134 0 2e+00
1.544116e+04 1.568627  1.544119e+04 7.743100 0 1e+01  1.544120e+04 1.510908 0 2e+00
1.677646e+04 1.568627  1.677642e+04 7.750100 0 1e+01  1.677641e+04 1.510798 0 2e+00
1.822724e+04 1.568627  1.822686e+04 7.757220 0 1e+01  1.822687e+04 1.510412 0 2e+00
1.980348e+04 1.568627  1.980348e+04 7.765480 0 1e+01  1.980347e+04 1.510016 0 2e+00
2.151603e+04 1.568627  2.151586e+04 7.778340 0 1e+01  2.151585e+04 1.510130 0 2e+00
2.337668e+04 1.568627  2.337642e+04 7.791860 0 1e+01  2.337644e+04 1.509988 0 2e+00
2.539823e+04 1.568627  2.539760e+04 7.807980 0 1e+01  2.539760e+04 1.509850 0 2e+00
2.759459e+04 1.568627  2.759411e+04 7.828720 0 1e+01  2.759409e+04 1.509956 0 2e+00
2.998090e+04 1.568627  2.998098e+04 7.852680 0 1e+01  2.998096e+04 1.509902 0 2e+00
3.257356e+04 1.568627  3.257291e+04 7.880380 0 1e+01  3.257288e+04 1.509966 0 2e+00
3.539043e+04 1.568627  3.538953e+04 7.913400 0 1e+01  3.538954e+04 1.509814 0 2e+00
3.845089e+04 1.568627  3.845093e+04 7.952040 0 1e+01  3.845095e+04 1.509658 0 2e+00
4.177601e+04 1.568627  4.177506e+04 7.998740 0 1e+01  4.177502e+04 1.509572 0 2e+00
4.538868e+04 1.568627  4.538803e+04 8.053740 0 1e+01  4.538797e+04 1.509420 0 2e+00
4.931377e+04 1.568627  4.931620e+04 7.996140 0 1e+01  4.931370e+04 1.509080 0 2e+00
5.357828e+04 1.568627  5.357814e+04 8.262120 0 1e+01  5.357800e+04 1.509308 0 2e+00
5.821158e+04 1.568627  5.821026e+04 8.396380 0 1e+01  5.821038e+04 1.509340 0 2e+00
6.324555e+04 1.568627  6.324428e+04 8.297220 0 1e+01  6.324426e+04 1.509278 0 2e+00
6.871485e+04 1.568627  6.871416e+04 8.550360 0 1e+01  6.871431e+04 1.509018 0 2e+00
7.465711e+04 1.568627  7.465594e+04 8.725880 0 1e+01  7.465578e+04 1.508982 0 2e+00
8.111325e+04 1.568627  8.111337e+04 8.937560 0 1e+01  8.111346e+04 1.508810 0 2e+00
8.812769e+04 1.568627  8.812559e+04 9.202320 0 1e+01  8.812570e+04 1.509044 0 2e+00
9.574872e+04 1.568627  9.574758e+04 9.529500 0 1e+01  9.574781e+04 1.508878 0 2e+00
1.040288e+05 1.568627  1.040292e+05 9.947700 0 1e+01  1.040293e+05 1.508836 0 2e+00
1.130249e+05 1.568627  1.130254e+05 10.492780 0 1e+01  1.130254e+05 1.509440 0 2e+00
1.227990e+05 1.568627  1.227972e+05 11.220300 0 2e+01  1.227970e+05 1.509684 0 2e+00
1.334183e+05 1.568627  1.334157e+05 12.287500 0 2e+01  1.334156e+05 1.509796 0 2e+00
1.449559e+05 1.568627  1.449571e+05 14.261240 0 2e+01  1.449550e+05 1.509108 0 2e+00
1.574913e+05 1.568627  1.574900e+05 13.740580 0 2e+01  1.574914e+05 1.510040 0 2e+00
1.711107e+05 1.568627  1.711112e+05 13.000180 0 2e+01  1.711080e+05 1.509982 0 2e+00
1.859079e+05 1.568627  1.859059e+05 12.062080 0 2e+01  1.859060e+05 1.510526 0 2e+00
2.019847e+05 1.568627  2.019799e+05 11.078480 0 2e+01  2.019851e+05 1.509918 0 2e+00
2.194517e+05 1.568627  2.194464e+05 10.068820 0 2e+01  2.194514e+05 1.510096 0 2e+00
2.384293e+05 1.568627  2.384241e+05 9.124700 0 2e+01  2.384270e+05 1.510352 0 2e+00
2.590480e+05 1.568627  2.590479e+05 8.239980 0 1e+01  2.590457e+05 1.510222 0 2e+00
2.814497e+05 1.568627  2.814433e+05 7.410300 0 1e+01  2.814464e+05 1.510368 0 2e+00
3.057887e+05 1.568627  3.057825e+05 6.626860 0 1e+01  3.057831e+05 1.510554 0 2e+00
3.322324e+05 1.568627  3.322332e+05 5.881400 0 1e+01  3.322305e+05 1.510386 0 2e+00
3.609629e+05 1.568627  3.609591e+05 5.181660 0 1e+01  3.609540e+05 1.510672 0 2e+00
3.921780e+05 1.568627  3.921793e+05 4.526380 0 1e+01  3.921749e+05 1.510352 0 2e+00
4.260924e+05 1.568627  4.260822e+05 3.937880 0 5e+00  4.260918e+05 1.509588 0 2e+00
4.629397e+05 1.568627  4.629306e+05 3.408520 0 5e+00  4.629410e+05 1.509698 0 2e+00
5.029734e+05 1.568627  5.029614e+05 2.950240 0 5e+00  5.029712e+05 1.509494 0 2e+00
5.464691e+05 1.568627  5.464674e+05 2.555940 0 5e+00  5.464556e+05 1.509782 0 2e+00
5.937262e+05 1.568627  5.937247e+05 2.220300 0 5e+00  5.937263e+05 1.508342 0 2e+00
6.450699e+05 1.568627  6.450619e+05 1.934802 0 5e+00  6.450537e+05 1.507948 0 2e+00
7.008537e+05 1.568627  7.008574e+05 1.694060 0 2e+00  7.008384e+05 1.507636 0 2e+00
7.614616e+05 1.568627  7.614435e+05 1.486188 0 2e+00  7.614613e+05 1.505472 0 2e+00
8.273106e+05 1.568627  8.272905e+05 1.307392 0 2e+00  8.273082e+05 1.503776 0 2e+00
8.988541e+05 1.568627  8.988530e+05 1.152912 0 2e+00  8.988312e+05 1.503622 0 2e+00
9.765844e+05 1.568627  9.765719e+05 1.019538 0 2e+00  9.765883e+05 1.499880 0 2e+00
1.061037e+06 1.568627  1.061010e+06 0.905234 0 2e+00  1.061027e+06 1.497260 0 2e+00
1.152792e+06 1.568627  1.152761e+06 0.822434 0 1e+00  1.152794e+06 1.493718 0 2e+00
1.252482e+06 1.568627  1.252453e+06 0.734312 0 1e+00  1.252475e+06 1.490102 0 2e+00
1.360793e+06 1.568627  1.360803e+06 0.656590 0 1e+00  1.360770e+06 1.487440 0 2e+00
1.478471e+06 1.568627  1.478455e+06 0.590378 0 1e+00  1.478447e+06 1.480230 0 2e+00
1.606325e+06 1.568627  1.606284e+06 0.531372 0 1e+00  1.606332e+06 1.472342 0 2e+00
1.745235e+06 1.568627  1.745192e+06 0.479246 0 1e+00  1.745249e+06 1.463784 0 2e+00
1.896158e+06 1.568627  1.896109e+06 0.421636 0 5e-01  1.896154e+06 1.455014 0 2e+00
2.060133e+06 1.568627  2.060080e+06 0.379710 0 5e-01  2.060130e+06 1.442340 0 2e+00
2.238287e+06 1.568627  2.238294e+06 0.342594 0 5e-01  2.238224e+06 1.429996 0 2e+00
2.431848e+06 1.568627  2.431798e+06 0.308616 0 5e-01  2.431818e+06 1.415516 0 2e+00
2.642147e+06 1.568627  2.642160e+06 0.277590 0 5e-01  2.642121e+06 1.399058 0 2e+00
2.870632e+06 1.568627  2.870536e+06 0.251216 0 5e-01  2.870630e+06 1.373942 0 2e+00
3.118877e+06 1.568627  3.118760e+06 0.226016 0 5e-01  3.118945e+06 1.349212 0 2e+00
3.388588e+06 1.568627  3.388654e+06 0.203026 0 5e-01  3.388476e+06 1.324468 0 2e+00
3.681624e+06 1.568627  3.681520e+06 0.183312 0 5e-01  3.681597e+06 1.285586 0 2e+00
4.000000e+06 1.568627  4.000043e+06 0.159301 0 2e-01  4.000104e+06 1.253928 0 2e+00
