# freq [Hz]  noise density [V^2/Hz]
1.4285714286 2.6980827944e-10
4.2857142857 1.7205615489e-12
5.7142857143 1.5174147930299999e-12
7.1428571429 1.3249958612400001e-12
8.5714285714 1.2600332376999999e-12
10.0 1.00393728304e-12
11.428571429 7.46291580312e-13
12.857142857 6.868827484499998e-13
14.285714286 5.740659177999999e-13
15.714285714 3.5508145769e-13
17.142857143 6.490235999300001e-13
18.571428571 3.9192136445000003e-13
20.0 6.106670978000001e-13
21.428571429 9.5147047433e-13
22.857142857 5.254518453400001e-13
24.285714286 4.890921420300001e-13
25.714285714 4.651268827300001e-13
27.142857143 3.2672738741e-13
28.571428571 5.194367369600001e-13
30.0 5.358778488e-13
31.428571429 4.071875494700001e-13
32.857142857 5.352848591e-13
34.285714286 3.4962420804e-13
35.714285714 4.2840074682999994e-13
37.142857143 3.0581670715e-13
38.571428571 5.23509882e-13
40.0 7.321455575000001e-13
41.428571429 7.451151209999999e-13
42.857142857 7.347870628000001e-13
44.285714286 1.1554316533999999e-12
45.714285714 1.100470976e-12
47.142857143 2.9287086229999992e-12
48.571428571 1.0906065689e-11
50.0 1.570332833e-9
51.428571429 7.36298865e-12
52.857142857 2.073814393e-12
54.285714286 9.301351084e-13
55.714285714 6.90580742e-13
57.142857143 4.862709714e-13
58.571428571 7.1286093386e-13
60.0 2.501403842e-10
61.428571429 3.3873276437999997e-13
62.857142857 3.0351515436e-13
64.285714286 4.4346146853e-13
65.714285714 4.0511063310000003e-13
67.142857143 8.397230407e-14
68.571428571 1.636681194e-13
70.0 2.4490926295000003e-13
71.428571429 1.7963749351599997e-13
72.857142857 1.57240732698e-13
74.285714286 1.5835539385999999e-13
75.714285714 1.6223463576899997e-13
77.142857143 2.4458271725e-13
78.571428571 1.756739787e-13
80.0 2.7140763531e-13
81.428571429 2.35585760011e-13
82.857142857 1.5649358137999998e-13
84.285714286 1.5360507205000002e-13
85.714285714 1.8417042166e-13
87.142857143 2.558116337e-13
88.571428571 1.9783124006e-13
90.0 3.1514844136999997e-13
91.428571429 2.816482611e-13
92.857142857 1.1766208059999999e-13
94.285714286 2.32711195912e-13
95.714285714 1.1350811104999999e-13
97.142857143 2.0874143684999997e-13
99.285714286 1.565249178e-12
102.14285714 2.3116904299e-13
105.0 2.2256440407e-13
107.85714286 1.4981936910999994e-13
110.71428571 1.5014292485999999e-13
113.57142857 2.1110230141000006e-13
116.42857143 1.7229312307000002e-13
119.28571429 5.841371754999999e-11
122.14285714 1.7085744074000004e-13
125.0 1.2943996279000002e-13
127.85714286 1.0348575830999999e-13
130.71428571 1.2811462948000001e-13
133.57142857 1.3380266245e-13
136.42857143 1.1391086343000002e-13
139.28571429 1.2910087403000002e-13
142.14285714 1.9917429772e-13
145.0 1.9481080192e-13
147.85714286 2.7021511031999997e-13
150.71428571 1.8991307699000004e-12
153.57142857 1.6959663765000003e-13
156.42857143 1.7704467487999999e-13
159.28571429 9.562445864e-14
162.14285714 8.535150576e-14
165.0 1.4498296655e-13
167.85714286 1.1070373194800001e-13
170.71428571 1.3679272956e-13
173.57142857 1.120688535e-13
176.42857143 1.7344220849e-13
179.28571429 3.611307021e-12
182.14285714 9.067994891999999e-14
185.0 1.4376146983e-13
187.85714286 9.6522154188e-14
190.71428571 1.1065029235999999e-13
193.57142857 9.327117297e-14
197.14285714 1.4043208509e-13
201.42857143 1.761609068e-13
205.71428571 1.0049038645e-13
210.0 1.0631837333000002e-13
214.28571429 1.2370110986000002e-13
218.57142857 1.0689065053e-13
222.85714286 1.0663807071000001e-13
227.14285714 9.522870695e-14
231.42857143 1.5733348432e-13
235.71428571 1.4365599625e-13
240.0 6.79813254e-12
244.28571429 1.1534899428e-13
248.57142857 2.5843098257e-13
252.85714286 1.3860263611000002e-13
257.14285714 1.1653642895e-13
261.42857143 1.1922904004999998e-13
265.71428571 9.927949326e-14
270.0 1.2343069185e-13
274.28571429 9.873908441e-14
278.57142857 1.0666613802e-13
282.85714286 1.3722689915000002e-13
287.14285714 1.2277345874e-13
291.42857143 1.0681567372999998e-13
296.42857143 1.3117591288e-13
302.14285714 9.295976331e-12
307.85714286 1.0095891028000002e-13
313.57142857 1.2632204263999998e-13
319.28571429 1.0628813516999999e-13
325.0 8.300273868e-14
330.71428571 1.2018954763000002e-13
336.42857143 1.4457773556e-13
342.14285714 2.2671368639999997e-13
347.85714286 5.208813767e-12
353.57142857 4.839446161e-13
359.28571429 6.106558695e-12
365.0 1.1815983732999998e-13
370.71428571 9.734074119000002e-14
376.42857143 8.702065555e-14
382.14285714 1.211150496e-13
387.85714286 1.0562179538e-13
394.28571429 1.0607274546999998e-13
401.42857143 9.074484045000001e-14
408.57142857 8.796467786e-14
415.71428571 1.0820861452e-13
422.85714286 4.542246194999999e-12
430.0 1.0096963608e-13
437.14285714 1.1505192676e-13
444.28571429 1.8628616129999998e-13
451.42857143 1.3393655015000002e-12
458.57142857 1.3008441534e-13
465.71428571 8.751044022e-14
472.85714286 8.101902013e-14
480.0 6.619595182e-12
487.85714286 1.0230582169999999e-13
496.42857143 1.1079288298000001e-13
505.0 8.908855042e-14
513.57142857 7.902255698e-14
522.14285714 9.333668512e-14
530.71428571 7.699893151999999e-14
539.28571429 3.169987005e-12
547.85714286 7.692826809e-13
556.42857143 7.775833318e-14
565.0 8.922459522e-14
573.57142857 9.683172452999998e-14
582.14285714 1.0218462396999999e-13
591.42857143 1.0570506529999999e-13
601.42857143 5.944263233e-13
611.42857143 1.1311974659999999e-13
621.42857143 9.562332604e-14
631.42857143 1.1108999946000002e-13
641.42857143 1.0256414599999999e-13
651.42857143 9.138573823000002e-13
661.42857143 1.4339573366e-13
671.42857143 7.600427916000001e-14
682.14285714 7.300761953e-14
693.57142857 9.677474243e-14
705.0 8.389681217e-14
716.42857143 4.664584836e-13
727.85714286 9.332732296000001e-14
739.28571429 8.335514696999999e-14
750.71428571 4.798476366999999e-13
762.14285714 8.182192865999999e-14
773.57142857 8.053979364999999e-14
785.71428571 2.0693198898e-13
798.57142857 8.038039937000002e-14
811.42857143 1.0027734067000002e-13
824.28571429 8.16503106e-14
837.14285714 2.0773241399999997e-13
850.0 2.0113278250000005e-13
862.85714286 8.549266069e-14
876.42857143 8.529499478000001e-14
890.71428571 1.0941188232999999e-13
905.0 3.5739400150000004e-13
919.28571429 8.73747302e-14
933.57142857 7.549102665e-14
947.85714286 5.038077718000001e-13
962.14285714 3.7619855140000003e-13
977.14285714 8.063402464e-14
992.85714286 9.156029978999999e-14
1008.5714286 8.895887891e-14
1024.2857143 2.0385936770000002e-13
1040.0 1.1840965831e-13
1055.7142857 9.654650848e-14
1072.1428571 3.832773334e-13
1089.2857143 8.835673181e-14
1106.4285714 9.531306015000001e-14
1123.5714286 8.455606710999999e-14
1140.7142857 4.610198728e-13
1157.8571429 9.930355073000001e-14
1175.7142857 8.762548955e-14
1194.2857143 2.245044957e-13
1212.8571429 8.965370943999999e-14
1231.4285714 9.605244946e-14
1250.0 4.829400157000001e-13
1269.2857143 1.4201832859e-13
1289.2857143 9.517901949000002e-14
1309.2857143 8.651832500999999e-14
1329.2857143 1.3253351273e-13
1349.2857143 8.208857328000001e-14
1370.0 1.0701146203000002e-13
1391.4285714 1.006135376e-13
1412.8571429 9.275683631999999e-14
1434.2857143 1.0577631826999999e-13
1455.7142857 9.977301927000002e-14
1477.8571429 7.089305067000001e-14
1500.7142857 1.5456902069000001e-13
1523.5714286 9.334292903e-14
1546.4285714 1.6974862830000002e-13
1570.0 1.3725798880000002e-13
1594.2857143 8.668140759e-14
1618.5714286 1.0557788958999999e-13
1642.8571429 1.1775774962e-13
1667.8571429 1.1320725934000001e-13
1693.5714286 8.163881214999999e-14
1719.2857143 9.472661047999998e-14
1745.0 1.1639758845e-13
1771.4285714 8.968555806999998e-14
1798.5714286 1.331471787e-13
1825.7142857 8.184955116999999e-14
1853.5714286 2.327256112e-13
1882.1428571 8.956998663999999e-14
1910.7142857 1.5537641080000002e-13
1939.2857143 1.0061329064999999e-13
1968.5714286 9.793313203000001e-14
1998.5714286 8.699486395000001e-14
2028.5714286 1.2219385213e-13
2059.2857143 8.778565146999999e-14
2090.7142857 1.5335020075e-13
2122.1428571 9.292787859e-14
2154.2857143 1.0847980468999999e-13
2187.1428571 9.264315139000001e-14
2220.0 1.0001859999e-13
2253.5714286 9.799376214000001e-14
2287.8571429 1.0855032225999999e-13
2322.1428571 8.27857589e-14
2357.1428571 1.0853968858999999e-13
2392.8571429 1.3911394838e-13
2429.2857143 1.0917390932e-13
2466.4285714 1.2101533695e-13
2503.5714286 1.0706268045000001e-13
2541.4285714 9.134375094e-14
2580.0 1.0679023279e-13
2618.5714286 8.587984418000001e-14
2657.8571429 2.035873674e-13
2697.8571429 1.8894467830000002e-13
2738.5714286 8.660159931999999e-14
2780.0 1.151177413e-13
2822.1428571 1.0078062613e-13
2865.0 1.3037892380000002e-13
2907.8571429 8.320358589e-14
2951.4285714 1.4209713330000002e-13
2995.7142857 9.538197268000001e-14
3040.7142857 8.825950993e-14
3086.4285714 9.066387772e-14
3132.8571429 9.257068340000003e-14
3180.0 9.581734479e-14
3227.8571429 1.393391445e-13
3276.4285714 1.5053521609999998e-13
3325.7142857 9.143628941e-14
3375.7142857 1.2596988569999998e-13
3426.4285714 1.1424954669e-13
3477.8571429 1.202783738e-13
3530.0 1.1384396397e-13
3582.8571429 9.334830580999999e-14
3636.4285714 9.981123592e-14
3691.4285714 9.076318911e-14
3747.1428571 1.0292157864e-13
3803.5714286 8.140939590000001e-14
3860.7142857 8.893544696e-14
3918.5714286 1.0599063747e-13
3977.1428571 9.419338867999999e-14
4036.4285714 8.298424492e-14
4097.1428571 7.689433200000002e-14
4158.5714286 8.648757256000001e-14
4220.7142857 1.1385197981999998e-13
4284.2857143 1.14053733e-13
4348.5714286 9.742359822e-14
4413.5714286 8.970207655e-14
4480.0 8.708311322e-14
4547.1428571 8.479783952999999e-14
4615.0 8.848446316e-14
4684.2857143 8.773548607e-14
4754.2857143 8.604741081999999e-14
4825.0 8.221721094000002e-14
4897.1428571 8.637037475999999e-14
4970.7142857 8.578973062999999e-14
5045.0 8.704511274999999e-14
5120.0 8.297872183e-14
5196.4285714 7.938933465999999e-14
5274.2857143 8.22899842e-14
5353.5714286 8.263147161999998e-14
5433.5714286 8.092942479999999e-14
5514.2857143 8.147509368e-14
5596.4285714 8.194936482000002e-14
5680.0 9.507519799999999e-14
5765.0 8.330848921999999e-14
5851.4285714 7.561429094e-14
5939.2857143 7.868044666e-14
6028.5714286 8.486829471e-14
6119.2857143 7.331530904e-14
6210.7142857 8.311290907e-14
6302.8571429 7.763307301000001e-14
6396.4285714 8.152677781e-14
6491.4285714 8.379757398000002e-14
6587.8571429 7.769357774999999e-14
6685.7142857 8.243297562000001e-14
6785.0 7.634140349e-14
6885.7142857 7.252411975e-14
6987.8571429 7.652620772e-14
7092.1428571 8.298511329999999e-14
7198.5714286 7.545042072999999e-14
7306.4285714 7.174367782e-14
7415.7142857 7.377168151e-14
7526.4285714 7.332979941000001e-14
7638.5714286 7.340380385e-14
7752.1428571 7.564241103999999e-14
7867.8571429 7.050033021e-14
7985.7142857 1.0972411565000001e-13
8105.0 7.55727744e-14
8225.7142857 6.760531788e-14
8347.8571429 7.220806065e-14
8472.1428571 7.900174386999998e-14
8598.5714286 7.171895299000001e-14
8726.4285714 6.772790710000001e-14
8856.4285714 6.792412495e-14
8988.5714286 7.109110679e-14
9122.1428571 7.145405042999999e-14
9257.8571429 6.881469046e-14
9395.7142857 6.942623135e-14
9535.7142857 7.289877825e-14
9677.8571429 7.353823821e-14
9822.1428571 6.688823307e-14
9968.5714286 7.11169982e-14
10117.142857 7.116195103000001e-14
10267.857143 7.328101741e-14
10420.714286 7.057534342000001e-14
10575.714286 6.893850496e-14
10732.857143 7.135759974e-14
10892.857143 7.018066556e-14
11055.0 6.922392667999999e-14
11219.285714 7.023151709e-14
11386.428571 6.993237740999999e-14
11556.428571 6.928094734e-14
11728.571429 6.897912038000001e-14
11902.857143 7.380342061999998e-14
12080.0 7.216924195999999e-14
12260.0 6.84452881e-14
12442.857143 6.842110987e-14
12628.571429 7.038213543e-14
12817.142857 7.026804039000001e-14
13007.857143 6.765795794000001e-14
13200.714286 6.738470961e-14
13396.428571 7.006064848e-14
13595.714286 7.126678192e-14
13798.571429 7.160564007e-14
14004.285714 6.79082111e-14
14212.857143 6.847190568000001e-14
14424.285714 6.807940661e-14
14638.571429 6.725538871000001e-14
14856.428571 6.659941044e-14
15077.857143 6.861956688e-14
15302.142857 6.675216985000001e-14
15529.285714 6.779397148e-14
15760.0 6.951504707e-14
15994.285714 7.320541274999999e-14
16232.142857 6.969269386000002e-14
16473.571429 7.170474476e-14
16718.571429 7.041338732e-14
16967.142857 6.864752648000001e-14
17219.285714 6.96736501e-14
17475.0 6.84065903e-14
17734.285714 6.606302256e-14
17997.857143 6.72353487e-14
18265.714286 6.994012394e-14
18537.142857 6.73962358e-14
18812.142857 6.717642685e-14
19091.428571 6.665646419000001e-14
19375.0 6.837195391999999e-14
19662.857143 6.761539457e-14
19955.0 6.986231596e-14
20251.428571 6.894770625e-14
20552.142857 6.658840218e-14
20857.142857 7.013859467999999e-14
21167.142857 6.799259328e-14
21482.142857 6.820839822999999e-14
21801.428571 6.650705405e-14
22125.0 6.870440397000001e-14
22453.571429 6.523008919000001e-14
22787.142857 6.976219218e-14
23125.714286 6.876861142e-14
23469.285714 6.988003867e-14
23817.857143 6.947047381000001e-14
24171.428571 6.780667849999999e-14
24530.0 6.842691903e-14
24894.285714 6.764990864e-14
25264.285714 6.867811972e-14
25640.0 6.853356847999999e-14
26021.428571 6.743264907000001e-14
26408.571429 6.84155317e-14
26801.428571 6.641669905e-14
27200.0 6.780868581e-14
27604.285714 6.874767999e-14
28014.285714 6.836006947e-14
28430.0 7.159615941e-14
28852.142857 7.843024883999999e-14
29280.714286 5.8698389010000005e-12
29715.714286 7.174735019e-14
30157.142857 7.16240521e-14
30605.0 6.909274377e-14
31059.285714 6.709187907e-14
31520.0 6.899121239000001e-14
31987.857143 6.797161021e-14
32462.857143 7.088421593e-14
32945.0 7.074696062e-14
33434.285714 6.897343342e-14
33930.714286 7.076549437999999e-14
34434.285714 6.913883538999999e-14
34945.0 6.908230905999999e-14
35463.571429 7.000521866000001e-14
35990.0 6.846532744e-14
36524.285714 6.910345436999999e-14
37066.428571 6.864306763999998e-14
37616.428571 6.9343738e-14
38175.0 7.016953485e-14
38742.142857 7.016160168e-14
39317.142857 7.056241547000001e-14
39900.0 6.984381227e-14
40492.142857 6.9567197e-14
41093.571429 6.993588084999999e-14
41703.571429 8.128709854999999e-14
42322.142857 7.098127081000001e-14
42950.0 7.040358580000001e-14
43587.142857 7.089605588e-14
44233.571429 6.996281837e-14
44890.0 7.180579845e-14
45556.428571 7.036942774999999e-14
46232.857143 7.192911704000001e-14
46919.285714 7.319119635e-14
47615.714286 7.209807803e-14
48322.142857 7.406658796999999e-14
49039.285714 7.228063072e-14
49767.142857 7.797019566000001e-14
50505.714286 7.244758488e-14
51255.0 7.782120931e-14
52015.0 7.306821684999999e-14
52786.428571 7.273535988000001e-14
53569.285714 7.295475019000001e-14
54363.571429 7.381797275e-14
55170.0 7.062829049e-14
55988.571429 7.231886143999999e-14
56819.285714 7.340225194e-14
57662.142857 7.538464291000001e-14
58517.142857 3.2895876520000005e-12
59385.0 7.945504068000001e-14
60265.714286 7.656298378e-14
61159.285714 7.709569114e-14
62066.428571 8.071121524e-14
62987.142857 1.1627608300000002e-13
63921.428571 1.0634210796e-13
64870.0 8.515776190000001e-14
65832.857143 8.476530744e-14
66810.0 9.877273169e-14
67801.428571 2.1439461740000002e-13
68807.142857 9.947934062e-14
69827.857143 7.794306058e-14
70863.571429 8.039702952e-14
71914.285714 8.254159364e-14
72980.714286 1.215730524e-13
74062.857143 3.0333627762e-13
75161.428571 6.682115633899998e-13
76276.428571 4.8900340871e-13
77407.857143 2.9383898761000004e-13
78556.428571 1.0249403284e-13
79722.142857 1.0167944822e-13
80905.0 2.0329968283000004e-13
82105.0 1.2864139588e-13
83322.857143 3.63968675e-13
84558.571429 1.8551297715000004e-12
85812.142857 3.3072193388999997e-12
87084.285714 3.086148806e-12
88375.714286 5.8262752199999995e-12
89686.428571 1.1391753785000001e-13
91016.428571 1.2682770674000002e-13
92366.428571 1.634966928e-13
93736.428571 1.53661191e-13
95126.428571 1.0072468772999999e-13
96537.142857 1.078163388e-13
97969.285714 1.0678140128000001e-13
99422.857143 1.0534951319999999e-13
100897.85714 1.0594447276e-13
102394.28571 1.14076847e-13
103912.85714 1.735150818e-13
105454.28571 1.5907900659999999e-13
107018.57143 1.1255292450000001e-13
108605.71429 1.0771682820000002e-13
110216.42857 1.0156921951999999e-13
111851.42857 1.0131144133e-13
113510.71429 1.180003848e-13
115194.28571 1.078244138e-13
116902.85714 4.6277057119999994e-12
118636.42857 1.1899049309999998e-13
120395.71429 1.1905929480000001e-13
122181.42857 1.1171618449999999e-13
123993.57143 1.0009868527999998e-13
125832.85714 1.6625963129999998e-13
127699.28571 1.0112802851e-13
129592.85714 8.890113636e-14
131514.28571 8.747635565000001e-14
133464.28571 8.779229732999999e-14
135443.57143 9.770578465e-14
137452.14286 8.697939428e-14
139490.0 9.033912185e-14
141558.57143 9.070176489e-14
143657.85714 1.0315390338000001e-13
145787.85714 1.154295726e-11
147949.28571 1.58624925e-13
150142.85714 9.046095424999998e-14
152369.28571 8.688645015e-14
154628.57143 8.725895489e-14
156921.42857 8.643655171000001e-14
159248.57143 8.663249656e-14
161610.0 8.585347097e-14
164006.42857 8.680778487e-14
166438.57143 1.2270103030000002e-13
168906.42857 1.1948697779999999e-13
171410.71429 9.878390702e-14
173952.14286 1.279807947e-13
176531.42857 5.686986143999999e-12
179149.28571 8.662204069e-14
181805.71429 8.413846581e-14
184501.42857 8.433143506000001e-14
187237.14286 1.054895839e-13
190013.57143 9.472940480999999e-14
192831.42857 1.0041179218000001e-13
195690.71429 9.090533181e-14
198592.14286 8.235026310999998e-14
201536.42857 8.877280560999999e-14
204524.28571 8.982306848e-12
207556.42857 9.635003344000002e-14
210633.57143 9.705967468e-14
213756.42857 8.176294554000002e-14
216925.71429 8.931491486e-14
220142.14286 8.079180844000001e-14
223406.42857 7.673869631000001e-14
226719.28571 7.500677847000001e-14
230080.71429 9.907935767e-14
233492.14286 4.520656679e-12
236954.28571 8.443704595e-14
240467.14286 8.145522934e-14
244032.14286 7.570941426e-14
247650.0 6.915694153000002e-14
251321.42857 9.913139978999999e-14
255047.85714 7.017607536e-14
258830.0 6.894328858000002e-14
262667.85714 6.252561937999999e-12
266562.14286 8.313133286e-14
270514.28571 9.823593636999999e-14
274525.0 7.431362601999999e-14
278595.0 6.198243629e-14
282725.71429 6.809335286e-14
286917.85714 5.97149424e-14
291172.14286 3.69591379e-12
295489.28571 9.919529475e-14
299870.0 5.825485835e-14
304315.71429 5.48847096e-14
308827.85714 5.307894113000001e-14
313407.14286 1.084457449e-13
318054.28571 7.779473734000001e-14
322770.0 8.983958534999999e-12
327555.0 1.0893363389999998e-13
332410.71429 7.523522942999999e-14
337338.57143 7.074629399e-14
342340.0 4.752857068e-14
347415.71429 5.147871783e-14
352566.42857 1.372476051e-12
357793.57143 1.2377006869999998e-13
363098.57143 5.013512045e-14
368482.14286 3.8222675329999997e-14
373945.0 4.388084375999999e-14
379488.57143 1.2121848279999999e-12
385114.28571 9.139174237e-14
390823.57143 3.562626856e-14
396617.85714 3.6505006710000005e-14
402497.85714 3.168591765e-14
408465.0 1.4386551970000003e-13
414520.71429 7.298214160999999e-14
420666.42857 2.9652750270000004e-14
426903.57143 2.6345130420000002e-14
433232.85714 2.6680444119999995e-14
439655.71429 4.502167121e-14
446173.57143 2.6847332829999996e-14
452787.85714 2.2728858420000002e-14
459500.71429 2.306957591e-14
466313.57143 2.2998432130000003e-14
473227.14286 2.1191970069999996e-14
480242.85714 2.100286935e-14
487362.85714 2.016201494e-14
494588.57143 2.104529634e-14
501920.71429 1.8618639240000002e-14
509361.42857 2.0649484250000002e-14
516912.85714 1.626226884e-14
524576.42857 1.712284895e-14
532353.57143 1.850178756e-14
540245.71429 1.481295831e-14
548255.0 1.432849198e-14
556382.85714 2.7568732819999997e-14
564630.71429 1.4519671180000003e-14
573001.42857 1.320419491e-14
581496.42857 2.548330099e-14
590117.14286 1.5048325679999998e-14
598865.71429 1.2803212529999999e-14
607743.57143 1.5852839760000003e-14
616752.85714 5.254026382e-14
625895.71429 2.0061644620000002e-14
635174.28571 1.3943129989999998e-14
644590.71429 6.869236648e-14
654146.42857 1.852522289e-14
663843.57143 1.1999924770000002e-14
673685.0 1.494889334e-13
683672.85714 1.7170774090000002e-14
693808.57143 1.0841761279999998e-14
704094.28571 6.805594454e-14
714532.14286 1.6104270360000003e-14
725125.0 8.462559539e-15
735875.0 7.524903606000001e-14
746784.28571 7.879532916999999e-15
757855.71429 2.313035977e-14
769090.71429 1.1295186339999999e-14
780492.14286 5.6921072020000005e-15
792062.85714 3.367495923000001e-14
803805.0 7.970113627999999e-15
815721.42857 1.3165925219999999e-14
827814.28571 6.733672897e-15
840086.42857 4.470715599e-15
852540.71429 2.1212687679999998e-14
865179.28571 4.209182423e-15
878005.0 7.9889952e-15
891020.71429 4.227226166000001e-15
904229.28571 1.121673646e-14
917633.57143 3.646904718e-15
931237.14286 4.9772658469999995e-15
945042.85714 3.2944811049999992e-15
959052.85714 6.7453612369999985e-15
973270.71429 2.9770737499999998e-15
987699.28571 3.592610213000001e-15
1002341.4286 3.027524658e-15
1017200.7143 5.052813078e-15
1032280.0 2.4938413630000006e-15
1047582.8571 3.43101881e-15
1063112.8571 2.327700829e-15
1078872.8571 3.956776951e-15
1094866.4286 2.149259617e-15
1111097.1429 2.753701869e-15
1127568.5714 1.997539076e-15
1144284.2857 3.132792575e-15
1161247.8571 1.906270805e-15
1178462.8571 2.774357894e-15
1195932.8571 2.440894605e-15
1213662.1429 1.7169300659999998e-15
1231654.2857 1.7770350750000003e-15
1249912.8571 2.1821916499999998e-15
1268442.1429 1.531972247e-15
1287246.4286 1.567514384e-15
1306329.2857 1.48051388e-15
1325695.0 1.8248984150000004e-15
1345347.8571 1.4363566950000001e-15
1365292.1429 1.6719836889999996e-15
1385532.1429 1.413962211e-15
1406072.1429 1.3469666839999998e-15
1426916.4286 1.835328325e-15
1448069.2857 1.071868266e-15
1469535.7143 1.238220271e-15
1491320.7143 1.714296514e-15
1513428.5714 1.181151756e-15
1535863.5714 9.065936644e-16
1558631.4286 1.5110933630000002e-15
1581737.1429 1.0255911169999998e-15
1605185.7143 1.351363816e-15
1628982.1429 9.959957665e-16
1653130.7143 8.344651446e-16
1677637.1429 1.2272657770000001e-15
1702507.1429 9.088443411e-16
1727745.7143 1.235349756e-15
1753358.5714 1.335322906e-15
1779351.4286 1.6175105479999998e-15
1805729.2857 1.1156465720000002e-15
1832497.8571 1.2853937970000001e-15
1859663.5714 9.690139272e-16
1887232.1429 8.736515637000001e-16
1915209.2857 9.581614703e-16
1943600.7143 7.440845788e-16
1972412.8571 8.667145035999999e-16
2001652.1429 6.2976969600000005e-16
2031325.0 7.522434594e-16
2061437.8571 6.032346056e-16
2091997.1429 7.109084755999998e-16
2123009.2857 7.038362084999999e-16
2154480.7143 5.426257602e-16
2186418.5714 6.681279869e-16
2218830.0 5.610795665e-16
2251722.1429 6.648683117e-16
2285102.1429 5.547687325e-16
2318977.1429 6.466321463e-16
2353354.2857 7.693199827999999e-16
2388240.7143 4.961570502e-16
2423644.2857 5.753504871999999e-16
2459572.8571 3.938120932999999e-16
2496034.2857 5.505027631999999e-16
2533036.4286 5.978931038e-16
2570587.1429 3.593514141e-16
2608694.2857 5.274129051e-16
2647365.7143 6.066289254e-16
2686610.7143 3.830324552e-16
2726437.8571 4.977476799e-16
2766855.0 6.073562375e-16
2807871.4286 3.6624944939999997e-16
2849495.7143 5.999551279000001e-16
2891737.1429 5.178617334999999e-16
2934605.0 6.577821625e-16
2978107.8571 4.160895977e-16
3022255.7143 7.421719939999999e-16
3067057.8571 6.904653256e-16
3112524.2857 8.184408586e-16
3158665.0 3.541820848e-16
3205489.2857 8.564303875999999e-16
3253007.8571 7.753017804000001e-16
3301230.7143 1.0311385902e-15
3350168.5714 1.4971400179999999e-15
3399832.1429 1.7893068666999996e-15
3450231.4286 7.956949817999999e-16
3501377.8571 1.6964464489999997e-15
3553282.8571 1.2837489030000004e-15
3605957.1429 7.756337755e-16
3659412.1429 4.712920517e-16
3713660.0 3.7075196010000005e-16
3768712.1429 3.02826431e-16
3824580.0 2.494979066e-16
3881275.7143 2.1540552179999999e-16
3938812.1429 1.9353750439999998e-16
3997201.4286 1.783959773e-16
4056456.4286 1.72071193e-16
4116590.0 2.2313479039999997e-16
4177615.0 1.5894756429999998e-16
4239544.2857 1.5398259729999996e-16
4302391.4286 1.490572027e-16
4366170.7143 1.403332634e-16
4430895.0 1.361772806e-16
4496578.5714 1.36024009e-16
4563236.4286 1.3773810699999998e-16
4630882.1429 1.308900168e-16
4699530.0 1.743965884e-16
4769195.7143 1.305329535e-16
4839894.2857 1.286182212e-16
4911640.7143 1.364503214e-16
4973888.5714 1.269212502e-16
