# freq [Hz]  noise density [V^2/Hz]
1.4285714286 9.5924497082e-11
4.2857142857 2.4620840020000006e-12
5.7142857143 1.74629228203e-12
7.1428571429 1.5541969324999998e-12
8.5714285714 1.212859881291e-12
10.0 6.3779478515e-13
11.428571429 7.402213374100001e-13
12.857142857 8.272103485000001e-13
14.285714286 8.369903715800001e-13
15.714285714 3.8338328975999997e-13
17.142857143 8.0201115548e-13
18.571428571 5.435143615989999e-13
20.0 4.9122644349e-13
21.428571429 7.288953428099999e-13
22.857142857 5.183510257999999e-13
24.285714286 4.0430116462e-13
25.714285714 2.6018666534e-13
27.142857143 4.3521545684e-13
28.571428571 2.3453863474000006e-13
30.0 2.9773146087000003e-13
31.428571429 5.1125192066e-13
32.857142857 3.8043295290000007e-13
34.285714286 2.7872500851e-13
35.714285714 2.7348534324e-13
37.142857143 2.949734882528e-13
38.571428571 1.9236700964999997e-13
40.0 4.733302328e-13
41.428571429 4.2200245509e-13
42.857142857 2.5507272316999997e-13
44.285714286 1.491142109849e-13
45.714285714 1.2114269792e-13
47.142857143 1.8008070294999998e-13
48.571428571 2.1961146187e-13
50.0 9.7508364787e-13
51.428571429 1.63462339472e-13
52.857142857 3.4322662763e-13
54.285714286 3.02701828e-13
55.714285714 3.15776992748e-13
57.142857143 2.5096394672e-13
58.571428571 1.45353949799e-13
60.0 1.8181480896000003e-13
61.428571429 1.5151350669000001e-13
62.857142857 1.7783834943999997e-13
64.285714286 2.8642759986000003e-13
65.714285714 2.3556632209e-13
67.142857143 1.8923790921699999e-13
68.571428571 1.4234033507e-13
70.0 1.9718356445000002e-13
71.428571429 8.772749538e-14
72.857142857 2.3128918777e-13
74.285714286 1.7633129361e-13
75.714285714 1.72731220137e-13
77.142857143 1.737808322406e-13
78.571428571 1.6442643102599998e-13
80.0 2.3700546646999996e-13
81.428571429 1.7570852142e-13
82.857142857 2.0150392357299997e-13
84.285714286 2.1300519394e-13
85.714285714 1.7011556402179998e-13
87.142857143 2.708919222e-13
88.571428571 1.2285070004e-13
90.0 1.9646307622999999e-13
91.428571429 2.7976288576e-13
92.857142857 2.1096440967000004e-13
94.285714286 1.2597630136700002e-13
95.714285714 1.2005074547999996e-13
97.142857143 1.0264092940000001e-13
99.285714286 1.6758995272e-13
102.14285714 1.7224493937999998e-13
105.0 1.4730427749e-13
107.85714286 1.1031247089e-13
110.71428571 1.2130537362e-13
113.57142857 1.0092184070000001e-13
116.42857143 1.2999371164e-13
119.28571429 1.2066407126000002e-13
122.14285714 1.0267176301e-13
125.0 1.5028619567999999e-13
127.85714286 1.0744922864e-13
130.71428571 1.4358136337000002e-13
133.57142857 1.2078159704e-13
136.42857143 1.2798625793000001e-13
139.28571429 1.3726365138999998e-13
142.14285714 9.9258544055e-14
145.0 1.5647073434999996e-13
147.85714286 1.2052114320999998e-13
150.71428571 8.5225045367e-14
153.57142857 7.926232204e-14
156.42857143 9.1119008831e-14
159.28571429 1.5387082825e-13
162.14285714 1.0093697615999999e-13
165.0 9.256616452999999e-14
167.85714286 9.726707544000002e-14
170.71428571 5.6704969297e-14
173.57142857 1.4429601107e-13
176.42857143 1.6675007879e-13
179.28571429 1.3146304616099997e-13
182.14285714 1.995940567e-13
185.0 1.0331373936000001e-13
187.85714286 1.5840025670999997e-13
190.71428571 9.988516870999999e-14
193.57142857 1.15494269454e-13
197.14285714 9.585823787999998e-14
201.42857143 1.2783991438999997e-13
205.71428571 9.026659802e-14
210.0 1.3103261969299998e-13
214.28571429 8.780615319999999e-14
218.57142857 1.1919618761e-13
222.85714286 8.916017629e-14
227.14285714 9.435730590000001e-14
231.42857143 8.298423792999999e-14
235.71428571 7.058115409000001e-14
240.0 9.112208081e-14
244.28571429 7.744502109999999e-14
248.57142857 1.1542944389e-13
252.85714286 8.748130786e-14
257.14285714 7.936914080000001e-14
261.42857143 1.0582316120000002e-13
265.71428571 1.1953573876000002e-13
270.0 7.489236335999999e-14
274.28571429 1.2192036109e-13
278.57142857 6.285549553e-14
282.85714286 8.910313494999999e-14
287.14285714 1.2970633145e-13
291.42857143 8.723977228999999e-14
296.42857143 9.884326983000001e-14
302.14285714 6.654988858e-14
307.85714286 1.1191197984999999e-13
313.57142857 8.864281126e-14
319.28571429 5.971640487000001e-14
325.0 8.709664877999999e-14
330.71428571 7.494500935e-14
336.42857143 9.968055877999999e-14
342.14285714 7.759272333999999e-14
347.85714286 9.212377914e-14
353.57142857 9.452332235e-14
359.28571429 8.39591396e-14
365.0 8.072153931000001e-14
370.71428571 7.716615654e-14
376.42857143 8.334801291e-14
382.14285714 8.077498211000001e-14
387.85714286 8.080504448e-14
394.28571429 1.0985562004999999e-13
401.42857143 8.38949727e-14
408.57142857 7.650347870000001e-14
415.71428571 1.1170568623999999e-13
422.85714286 9.425619357999999e-14
430.0 6.826080452e-14
437.14285714 9.557484988000001e-14
444.28571429 5.672397006000001e-14
451.42857143 8.085864476e-14
458.57142857 6.814445872999998e-14
465.71428571 7.776620654e-14
472.85714286 8.419751324e-14
480.0 7.937631131000001e-14
487.85714286 8.268882773000001e-14
496.42857143 7.458428078e-14
505.0 7.955265968999999e-14
513.57142857 7.981956657e-14
522.14285714 8.289988380999999e-14
530.71428571 7.123610615000001e-14
539.28571429 6.623946123e-14
547.85714286 6.766571575000001e-14
556.42857143 8.499354861e-14
565.0 7.838922564999999e-14
573.57142857 8.149946860999999e-14
582.14285714 8.737177870000001e-14
591.42857143 8.183065795e-14
601.42857143 7.789868467e-14
611.42857143 7.012482987e-14
621.42857143 7.492538543e-14
631.42857143 8.286640049999999e-14
641.42857143 7.336496154e-14
651.42857143 7.179631463999998e-14
661.42857143 7.573250898e-14
671.42857143 8.914368303000001e-14
682.14285714 7.402915094e-14
693.57142857 6.104633418e-14
705.0 6.879801824999999e-14
716.42857143 8.535162512e-14
727.85714286 6.877711439e-14
739.28571429 7.605923849e-14
750.71428571 8.261990312e-14
762.14285714 6.401337352000001e-14
773.57142857 7.192853757999999e-14
785.71428571 7.703208363e-14
798.57142857 8.913100189e-14
811.42857143 6.842888087e-14
824.28571429 6.899416587999999e-14
837.14285714 7.178586044e-14
850.0 8.692628207e-14
862.85714286 7.522466656e-14
876.42857143 7.488571682000001e-14
890.71428571 7.854295617e-14
905.0 7.719244202000001e-14
919.28571429 8.193202275e-14
933.57142857 8.420264493000001e-14
947.85714286 7.449909128000001e-14
962.14285714 7.053063564000001e-14
977.14285714 8.282552862e-14
992.85714286 7.847413211999999e-14
1008.5714286 8.011321652999999e-14
1024.2857143 7.126266932000001e-14
1040.0 5.74455056e-14
1055.7142857 8.128745205e-14
1072.1428571 7.628845382e-14
1089.2857143 7.5388252e-14
1106.4285714 7.720037606999999e-14
1123.5714286 6.762791698e-14
1140.7142857 7.264342181e-14
1157.8571429 7.967441307e-14
1175.7142857 8.392397131e-14
1194.2857143 8.268345326000001e-14
1212.8571429 7.345061991000001e-14
1231.4285714 7.578175751e-14
1250.0 7.812702801e-14
1269.2857143 7.215373915000001e-14
1289.2857143 7.861464246999999e-14
1309.2857143 9.145526689e-14
1329.2857143 6.896270187999999e-14
1349.2857143 6.817399169e-14
1370.0 7.854509241000001e-14
1391.4285714 6.986532061e-14
1412.8571429 7.896460345999999e-14
1434.2857143 7.606746576e-14
1455.7142857 7.018534718000001e-14
1477.8571429 7.667166196e-14
1500.7142857 7.73171484e-14
1523.5714286 7.7088262e-14
1546.4285714 7.841663128000001e-14
1570.0 7.031605785e-14
1594.2857143 6.704396698999999e-14
1618.5714286 7.272512124e-14
1642.8571429 6.955343310000001e-14
1667.8571429 7.342362776999999e-14
1693.5714286 7.278271214000001e-14
1719.2857143 6.815341085999999e-14
1745.0 6.544277868999999e-14
1771.4285714 6.020914070000001e-14
1798.5714286 6.329711502e-14
1825.7142857 6.680640323999999e-14
1853.5714286 7.869209759e-14
1882.1428571 7.725297394e-14
1910.7142857 6.825142499e-14
1939.2857143 6.630119198000001e-14
1968.5714286 6.487651929e-14
1998.5714286 7.416587145e-14
2028.5714286 6.668746306e-14
2059.2857143 7.533681541000001e-14
2090.7142857 6.938744658e-14
2122.1428571 7.076394582e-14
2154.2857143 6.62961226e-14
2187.1428571 7.09664031e-14
2220.0 6.596581727e-14
2253.5714286 7.635057768e-14
2287.8571429 7.324867041999999e-14
2322.1428571 6.832371048e-14
2357.1428571 6.943283469e-14
2392.8571429 6.795028265e-14
2429.2857143 7.489137657000002e-14
2466.4285714 7.002468983000001e-14
2503.5714286 6.774727909e-14
2541.4285714 7.113994625e-14
2580.0 6.624807406e-14
2618.5714286 7.546373614999999e-14
2657.8571429 6.865469911e-14
2697.8571429 6.623222002e-14
2738.5714286 6.842778841e-14
2780.0 6.554279457e-14
2822.1428571 7.382329893000002e-14
2865.0 6.539228049999999e-14
2907.8571429 6.539905701e-14
2951.4285714 6.642087784e-14
2995.7142857 6.800463744e-14
3040.7142857 6.972427118000001e-14
3086.4285714 6.849120263999999e-14
3132.8571429 6.123568083999999e-14
3180.0 6.712213546999999e-14
3227.8571429 6.603397583e-14
3276.4285714 6.839354462000001e-14
3325.7142857 6.641289199e-14
3375.7142857 6.998084532999999e-14
3426.4285714 6.800978495999999e-14
3477.8571429 7.839340321000002e-14
3530.0 6.704996887000002e-14
3582.8571429 6.650386206e-14
3636.4285714 7.397183597000001e-14
3691.4285714 7.210225786000001e-14
3747.1428571 7.012211569e-14
3803.5714286 7.121391842e-14
3860.7142857 6.572931944e-14
3918.5714286 7.162987369e-14
3977.1428571 7.145035446e-14
4036.4285714 6.568150037e-14
4097.1428571 6.744320772e-14
4158.5714286 6.429478617e-14
4220.7142857 6.85966428e-14
4284.2857143 6.530854606e-14
4348.5714286 6.446969953e-14
4413.5714286 6.611687394e-14
4480.0 7.016160479e-14
4547.1428571 6.873505417e-14
4615.0 7.309647338000001e-14
4684.2857143 7.125883538999999e-14
4754.2857143 6.450450737e-14
4825.0 5.890676199000001e-14
4897.1428571 7.156848755e-14
4970.7142857 6.964687894000001e-14
5045.0 7.287351467e-14
5120.0 6.980511605999998e-14
5196.4285714 6.739258263999999e-14
5274.2857143 7.077891097e-14
5353.5714286 6.759785841999998e-14
5433.5714286 6.951696233999999e-14
5514.2857143 6.484292397e-14
5596.4285714 7.005105084999999e-14
5680.0 6.653901649e-14
5765.0 6.615586507000001e-14
5851.4285714 6.991231151e-14
5939.2857143 6.618817814e-14
6028.5714286 6.855324551999999e-14
6119.2857143 6.814834978999999e-14
6210.7142857 6.416179438000001e-14
6302.8571429 6.910967321e-14
6396.4285714 6.530201218000001e-14
6491.4285714 6.528922780999999e-14
6587.8571429 6.403789098e-14
6685.7142857 7.407745987e-14
6785.0 7.134917999999999e-14
6885.7142857 7.058243085e-14
6987.8571429 6.591121378999999e-14
7092.1428571 6.914389543000001e-14
7198.5714286 6.503731961999999e-14
7306.4285714 6.947165225999998e-14
7415.7142857 6.797582904000001e-14
7526.4285714 6.691084095e-14
7638.5714286 7.108335967000001e-14
7752.1428571 7.298661279999999e-14
7867.8571429 6.672443495999999e-14
7985.7142857 7.185153900999999e-14
8105.0 6.901856768e-14
8225.7142857 6.815199903000001e-14
8347.8571429 6.758561658e-14
8472.1428571 6.844770986999999e-14
8598.5714286 7.146901082e-14
8726.4285714 6.958816726000001e-14
8856.4285714 6.535664856000001e-14
8988.5714286 6.922489680999999e-14
9122.1428571 7.02774642e-14
9257.8571429 6.991553945e-14
9395.7142857 7.404189657999999e-14
9535.7142857 6.659349685000001e-14
9677.8571429 6.807123170000001e-14
9822.1428571 6.713300833e-14
9968.5714286 6.763876368e-14
10117.142857 7.011681327e-14
10267.857143 6.781267368e-14
10420.714286 6.884656506999999e-14
10575.714286 6.815796192000001e-14
10732.857143 7.241102249999999e-14
10892.857143 6.784957278e-14
11055.0 6.827486747999998e-14
11219.285714 6.740662653e-14
11386.428571 6.867482173999999e-14
11556.428571 6.909323067999999e-14
11728.571429 7.188146545e-14
11902.857143 6.931919911e-14
12080.0 6.634283866e-14
12260.0 6.681870109999998e-14
12442.857143 6.932353827000001e-14
12628.571429 7.033594571999999e-14
12817.142857 6.997014956000001e-14
13007.857143 7.080321525e-14
13200.714286 6.785469279e-14
13396.428571 6.659778132e-14
13595.714286 6.727475961e-14
13798.571429 6.499971959e-14
14004.285714 6.887515632000001e-14
14212.857143 6.733490869e-14
14424.285714 6.771057322999998e-14
14638.571429 7.105068296e-14
14856.428571 7.055171892e-14
15077.857143 6.781555076e-14
15302.142857 7.315126038e-14
15529.285714 7.072035629000001e-14
15760.0 6.989729399e-14
15994.285714 7.343409436e-14
16232.142857 6.742418601e-14
16473.571429 6.747836422e-14
16718.571429 6.837298206e-14
16967.142857 6.878238662999999e-14
17219.285714 7.142711211e-14
17475.0 6.855593174e-14
17734.285714 6.90201773e-14
17997.857143 7.136179916000001e-14
18265.714286 7.081917007e-14
18537.142857 6.725921905e-14
18812.142857 6.835869820999999e-14
19091.428571 6.816191043000001e-14
19375.0 6.778330351e-14
19662.857143 7.082991999000001e-14
19955.0 7.164396971000002e-14
20251.428571 7.26795225e-14
20552.142857 7.041555622e-14
20857.142857 7.010535417e-14
21167.142857 7.094115583e-14
21482.142857 7.230336584e-14
21801.428571 6.927876724000001e-14
22125.0 7.121126507e-14
22453.571429 7.054392163e-14
22787.142857 7.227276425e-14
23125.714286 7.121657022999999e-14
23469.285714 7.157440874e-14
23817.857143 7.206913376e-14
24171.428571 7.242306929e-14
24530.0 7.015905015e-14
24894.285714 7.251326771e-14
25264.285714 7.397824881e-14
25640.0 7.394799691000001e-14
26021.428571 7.245972979000001e-14
26408.571429 7.587278649e-14
26801.428571 7.318885996e-14
27200.0 7.195368048e-14
27604.285714 7.346083813e-14
28014.285714 7.312014501e-14
28430.0 7.293032763e-14
28852.142857 7.542489755999999e-14
29280.714286 7.422781686e-14
29715.714286 7.37025874e-14
30157.142857 7.525901513000002e-14
30605.0 7.657115273000001e-14
31059.285714 7.498623394000001e-14
31520.0 7.837375169e-14
31987.857143 7.711517843e-14
32462.857143 7.915215404e-14
32945.0 8.098864784999997e-14
33434.285714 7.917200488999999e-14
33930.714286 8.272234559e-14
34434.285714 8.311557782e-14
34945.0 8.355309361000001e-14
35463.571429 8.614603563e-14
35990.0 8.908513205e-14
36524.285714 9.274102112000001e-14
37066.428571 9.660935592999999e-14
37616.428571 9.574222757e-14
38175.0 1.0638267497999999e-13
38742.142857 1.158324014e-13
39317.142857 1.240540809e-13
39900.0 1.4689328440000002e-13
40492.142857 1.832171371e-13
41093.571429 2.425642134e-13
41703.571429 3.172239739e-13
42322.142857 4.115320166000001e-13
42950.0 3.9914989079999995e-13
43587.142857 3.0588393439999995e-13
44233.571429 2.180682632e-13
44890.0 1.6745487920000001e-13
45556.428571 1.362458192e-13
46232.857143 1.1767832510000002e-13
46919.285714 1.0664004729999999e-13
47615.714286 1.0243724876000003e-13
48322.142857 9.312034037e-14
49039.285714 9.076569287000001e-14
49767.142857 9.10770719e-14
50505.714286 8.816668954e-14
51255.0 8.891613606999999e-14
52015.0 8.777734614000001e-14
52786.428571 8.755969784000001e-14
53569.285714 8.714610160000001e-14
54363.571429 8.419507133999999e-14
55170.0 8.622955399000001e-14
55988.571429 8.580367611000001e-14
56819.285714 8.655465108999999e-14
57662.142857 8.549482163e-14
58517.142857 8.533252095999999e-14
59385.0 8.64196638e-14
60265.714286 8.596092115e-14
61159.285714 8.770623779e-14
62066.428571 8.581551907e-14
62987.142857 8.691494091999999e-14
63921.428571 8.694269468000001e-14
64870.0 8.771316529e-14
65832.857143 8.743754524999999e-14
66810.0 8.759055894000001e-14
67801.428571 8.697127622e-14
68807.142857 8.716011096e-14
69827.857143 8.81189699e-14
70863.571429 8.639603104e-14
71914.285714 8.831606422e-14
72980.714286 8.643168484e-14
74062.857143 9.004787856e-14
75161.428571 8.978411176e-14
76276.428571 9.069510230999999e-14
77407.857143 9.17802327e-14
78556.428571 9.352788136000001e-14
79722.142857 1.0061251169e-13
80905.0 1.15024133e-13
82105.0 1.5362695459999998e-13
83322.857143 2.091770617e-13
84558.571429 1.953484821e-13
85812.142857 1.417158714e-13
87084.285714 1.169655879e-13
88375.714286 1.060661883e-13
89686.428571 1.0164119761000003e-13
91016.428571 9.857625521000002e-14
92366.428571 9.841475777999999e-14
93736.428571 9.777547239e-14
95126.428571 9.757772256e-14
96537.142857 9.907417734999999e-14
97969.285714 9.826581020999998e-14
99422.857143 9.764319191e-14
100897.85714 9.841599648999998e-14
102394.28571 9.970996774999997e-14
103912.85714 9.958748932999999e-14
105454.28571 9.860775032000001e-14
107018.57143 9.954434474999999e-14
108605.71429 9.860683626000001e-14
110216.42857 9.94000381e-14
111851.42857 1.0116642939000003e-13
113510.71429 9.986387824e-14
115194.28571 9.877557978999999e-14
116902.85714 9.988670077e-14
118636.42857 1.0104650649e-13
120395.71429 9.90753817e-14
122181.42857 9.605162044000001e-14
123993.57143 1.0167489597e-13
125832.85714 1.8146613930000002e-13
127699.28571 1.0204780968e-13
129592.85714 9.862719770999998e-14
131514.28571 1.0048891126e-13
133464.28571 1.0127566002999999e-13
135443.57143 1.0082587864999999e-13
137452.14286 9.934533163e-14
139490.0 9.863295844e-14
141558.57143 1.0025319510000001e-13
143657.85714 9.964580523000002e-14
145787.85714 9.913037837999999e-14
147949.28571 1.0038832098999999e-13
150142.85714 9.891098722e-14
152369.28571 9.988262679e-14
154628.57143 9.909745595000001e-14
156921.42857 9.881446119e-14
159248.57143 9.86095629e-14
161610.0 9.769773849999999e-14
164006.42857 9.839265678000001e-14
166438.57143 9.94990132e-14
168906.42857 1.0560552560000001e-13
171410.71429 9.835232551000001e-14
173952.14286 9.51744521e-14
176531.42857 9.456866470999999e-14
179149.28571 9.508022032e-14
181805.71429 9.23924003e-14
184501.42857 9.163546552999999e-14
187237.14286 9.124469473000002e-14
190013.57143 9.002684552e-14
192831.42857 9.091946178000001e-14
195690.71429 8.879779281000001e-14
198592.14286 8.867332871999998e-14
201536.42857 8.669045655999999e-14
204524.28571 8.590698704000001e-14
207556.42857 8.568431584e-14
210633.57143 8.59054857e-14
213756.42857 8.342991348999999e-14
216925.71429 8.314318701999998e-14
220142.14286 8.088741533e-14
223406.42857 8.033478985000001e-14
226719.28571 7.776426249e-14
230080.71429 7.673901077000001e-14
233492.14286 7.534632971000001e-14
236954.28571 7.492143019999999e-14
240467.14286 7.282687794000001e-14
244032.14286 7.203541129000001e-14
247650.0 7.032024764999999e-14
251321.42857 6.921392044e-14
255047.85714 6.771796164e-14
258830.0 6.641696773e-14
262667.85714 6.609132584e-14
266562.14286 6.425791112e-14
270514.28571 6.217695419000001e-14
274525.0 6.159724497e-14
278595.0 5.925929255e-14
282725.71429 5.878485769e-14
286917.85714 5.688233711000001e-14
291172.14286 5.535662157e-14
295489.28571 5.406390463e-14
299870.0 5.3144530589999995e-14
304315.71429 5.167036335e-14
308827.85714 5.02802439e-14
313407.14286 4.90486868e-14
318054.28571 4.7641162149999994e-14
322770.0 4.612419565e-14
327555.0 4.499377739e-14
332410.71429 4.389052519e-14
337338.57143 4.214864347e-14
342340.0 4.119128718e-14
347415.71429 3.967020201e-14
352566.42857 3.88040421e-14
357793.57143 3.773587589e-14
363098.57143 3.6849476690000006e-14
368482.14286 3.5284078170000005e-14
373945.0 3.437079812e-14
379488.57143 3.325258822e-14
385114.28571 3.204746997999999e-14
390823.57143 3.0879748579999995e-14
396617.85714 2.9966793810000005e-14
402497.85714 2.915531065000001e-14
408465.0 2.8286825360000002e-14
414520.71429 2.6983156580000005e-14
420666.42857 2.6332394750000003e-14
426903.57143 2.5423750560000004e-14
433232.85714 2.4407042009999998e-14
439655.71429 2.3803939870000002e-14
446173.57143 2.294579427e-14
452787.85714 2.191056086e-14
459500.71429 2.1303581720000003e-14
466313.57143 2.0418948049999998e-14
473227.14286 1.9656795580000004e-14
480242.85714 1.916526462e-14
487362.85714 1.841743884e-14
494588.57143 1.7760495830000002e-14
501920.71429 1.7098789070000003e-14
509361.42857 1.6418241180000002e-14
516912.85714 1.5983165749999998e-14
524576.42857 1.5417424989999997e-14
532353.57143 1.473242585e-14
540245.71429 1.4193520980000003e-14
548255.0 1.3795227550000001e-14
556382.85714 1.333711553e-14
564630.71429 1.2800616460000002e-14
573001.42857 1.2217789150000001e-14
581496.42857 1.188225813e-14
590117.14286 1.137687036e-14
598865.71429 1.100053209e-14
607743.57143 1.0677526560000002e-14
616752.85714 1.0227858589999998e-14
625895.71429 9.813530504999999e-15
635174.28571 9.489322777000001e-15
644590.71429 9.153216145e-15
654146.42857 8.823560452999999e-15
663843.57143 8.519424219000001e-15
673685.0 8.139219663999999e-15
683672.85714 7.898277275e-15
693808.57143 7.506253006e-15
704094.28571 7.258989532e-15
714532.14286 7.025490245999999e-15
725125.0 6.707297105e-15
735875.0 6.459099983e-15
746784.28571 6.179100295e-15
757855.71429 5.933745356e-15
769090.71429 5.694440567000001e-15
780492.14286 5.401794233000001e-15
792062.85714 5.2242374349999995e-15
803805.0 5.000633038e-15
815721.42857 4.770326579e-15
827814.28571 4.592963848999999e-15
840086.42857 4.418132167e-15
852540.71429 4.2508445479999996e-15
865179.28571 4.125544947999999e-15
878005.0 4.027682018e-15
891020.71429 3.9399800170000004e-15
904229.28571 3.892852774e-15
917633.57143 3.938968974e-15
931237.14286 4.080416409e-15
945042.85714 4.241679416e-15
959052.85714 4.439323585e-15
973270.71429 4.657314012999999e-15
987699.28571 4.903106177e-15
1002341.4286 5.1183220549999995e-15
1017200.7143 5.351846468e-15
1032280.0 5.786576973999999e-15
1047582.8571 6.148561487999999e-15
1063112.8571 6.376558036000001e-15
1078872.8571 6.3825774310000005e-15
1094866.4286 6.4128869989999994e-15
1111097.1429 6.2064686880000004e-15
1127568.5714 5.982842859e-15
1144284.2857 5.76434731e-15
1161247.8571 5.557422118e-15
1178462.8571 5.234239823e-15
1195932.8571 4.9751966759999994e-15
1213662.1429 4.6056348489999995e-15
1231654.2857 4.202713406999999e-15
1249912.8571 3.831136721e-15
1268442.1429 3.4980842959999998e-15
1287246.4286 3.1491364779999997e-15
1306329.2857 2.883284034e-15
1325695.0 2.6044422769999996e-15
1345347.8571 2.347720907e-15
1365292.1429 2.0804999249999998e-15
1385532.1429 1.844006174e-15
1406072.1429 1.620954625e-15
1426916.4286 1.423352947e-15
1448069.2857 1.256803923e-15
1469535.7143 1.138710371e-15
1491320.7143 1.065724301e-15
1513428.5714 1.010373042e-15
1535863.5714 9.960225983e-16
1558631.4286 1.1297534399999998e-15
1581737.1429 1.41031669e-15
1605185.7143 1.201708963e-15
1628982.1429 9.507787107e-16
1653130.7143 8.104014817000001e-16
1677637.1429 7.337578009e-16
1702507.1429 6.890842802e-16
1727745.7143 6.56830371e-16
1753358.5714 6.39029524e-16
1779351.4286 6.233234566e-16
1805729.2857 6.069782594000001e-16
1832497.8571 5.892015099999999e-16
1859663.5714 5.742578746000001e-16
1887232.1429 5.544660771e-16
1915209.2857 5.349547760000001e-16
1943600.7143 5.153443896e-16
1972412.8571 4.930449914e-16
2001652.1429 4.760466541e-16
2031325.0 4.525492331e-16
2061437.8571 4.329723642999999e-16
2091997.1429 4.158161546999999e-16
2123009.2857 3.9985696549999997e-16
2154480.7143 3.855029942e-16
2186418.5714 3.7813657839999996e-16
2218830.0 3.6963145720000003e-16
2251722.1429 3.646266641e-16
2285102.1429 3.611738445e-16
2318977.1429 3.617562716e-16
2353354.2857 3.6330342319999995e-16
2388240.7143 3.5972671119999996e-16
2423644.2857 3.5529467709999994e-16
2459572.8571 3.488685868e-16
2496034.2857 3.406397973e-16
2533036.4286 3.3119363259999995e-16
2570587.1429 3.199684959e-16
2608694.2857 3.0690005950000005e-16
2647365.7143 2.9129560680000006e-16
2686610.7143 2.7526999919999997e-16
2726437.8571 2.5902274689999995e-16
2766855.0 2.448132084e-16
2807871.4286 2.3233764510000003e-16
2849495.7143 2.2145259139999998e-16
2891737.1429 2.110544288e-16
2934605.0 2.033885797e-16
2978107.8571 1.954410326e-16
3022255.7143 1.9050778000000002e-16
3067057.8571 1.8536599909999998e-16
3112524.2857 1.812008951e-16
3158665.0 1.769466373e-16
3205489.2857 1.729566857e-16
3253007.8571 1.6760717289999998e-16
3301230.7143 1.629512235e-16
3350168.5714 1.5869070360000001e-16
3399832.1429 1.539249931e-16
3450231.4286 1.502140752e-16
3501377.8571 1.471704866e-16
3553282.8571 1.448107715e-16
3605957.1429 1.4291973339999998e-16
3659412.1429 1.408060724e-16
3713660.0 1.3881779109999998e-16
3768712.1429 1.362179822e-16
3824580.0 1.337954155e-16
3881275.7143 1.306785519e-16
3938812.1429 1.274154082e-16
3997201.4286 1.237060766e-16
4056456.4286 1.2133105580000001e-16
4116590.0 1.182927201e-16
4177615.0 1.1573985829999998e-16
4239544.2857 1.1408368269999998e-16
4302391.4286 1.124131314e-16
4366170.7143 1.110711295e-16
4430895.0 1.094478261e-16
4496578.5714 1.080013225e-16
4563236.4286 1.0765739310000001e-16
4630882.1429 1.060600501e-16
4699530.0 1.0572564530000002e-16
4769195.7143 1.049872372e-16
4839894.2857 1.047346096e-16
4911640.7143 1.0411300390000001e-16
4973888.5714 1.047239143e-16
