# freq [Hz]  noise density [V^2/Hz]
1.4285714286 5.79621664e-10
4.2857142857 1.315794456e-12
5.7142857143 1.3397349205800002e-12
7.1428571429 1.60952313166e-12
8.5714285714 8.906953215e-13
10.0 1.2383771696800002e-12
11.428571429 1.2029011954e-12
12.857142857 1.0684497006e-12
14.285714286 8.278956717399999e-13
15.714285714 5.8419700233e-13
17.142857143 8.2574808751e-13
18.571428571 4.0192652136500003e-13
20.0 5.899271168100001e-13
21.428571429 5.8093353213e-13
22.857142857 3.4610723511e-13
24.285714286 5.4023236498e-13
25.714285714 6.61780128271e-13
27.142857143 3.1921412821600004e-13
28.571428571 5.591965328800001e-13
30.0 7.0973288114e-13
31.428571429 4.1036463131e-13
32.857142857 4.0191457481e-13
34.285714286 3.87493538552e-13
35.714285714 1.7985519676e-13
37.142857143 2.1363567846900002e-13
38.571428571 2.4227136722000003e-13
40.0 6.57268545e-13
41.428571429 4.3652159607e-13
42.857142857 2.1129726579000002e-13
44.285714286 3.3768605136999996e-13
45.714285714 3.5329390158e-13
47.142857143 2.1497709724399997e-13
48.571428571 3.4836752413e-13
50.0 3.992963582e-12
51.428571429 3.04076358579e-13
52.857142857 2.2328480057e-13
54.285714286 2.84249181911e-13
55.714285714 3.33852554132e-13
57.142857143 2.492757687e-13
58.571428571 2.2910863447e-13
60.0 2.565061621e-10
61.428571429 1.9581265802000002e-13
62.857142857 1.99303311197e-13
64.285714286 2.4196327926e-13
65.714285714 1.7549956967999997e-13
67.142857143 1.45047772e-13
68.571428571 1.934702131e-13
70.0 3.7975354467e-13
71.428571429 1.9966444450000002e-13
72.857142857 2.046231720387e-13
74.285714286 2.1106142734000002e-13
75.714285714 2.2681413411e-13
77.142857143 1.67291584e-13
78.571428571 1.8627408836000001e-13
80.0 1.0089341896500002e-13
81.428571429 3.1008214517e-13
82.857142857 1.8213671468e-13
84.285714286 1.7247710644e-13
85.714285714 2.0103622483999996e-13
87.142857143 2.1306997759300004e-13
88.571428571 1.542285403449e-13
90.0 1.2778515875999999e-13
91.428571429 2.0669566113e-13
92.857142857 2.5663668373999995e-13
94.285714286 2.8645747911600007e-13
95.714285714 2.0634447296e-13
97.142857143 2.3293794070999996e-13
99.285714286 4.431218947999999e-13
102.14285714 1.4759427581e-13
105.0 1.2916132636e-13
107.85714286 1.3914810292999998e-13
110.71428571 1.4474557078999999e-13
113.57142857 1.8102519366000002e-13
116.42857143 1.411524251e-13
119.28571429 6.030875151e-11
122.14285714 1.5977745091999997e-13
125.0 1.4106434152999997e-13
127.85714286 1.9814571015999997e-13
130.71428571 1.5654208286e-13
133.57142857 1.1264622154e-13
136.42857143 1.2310182589e-13
139.28571429 1.4603912067e-13
142.14285714 1.8922056937000002e-13
145.0 1.4465420914e-13
147.85714286 1.6290923857999998e-13
150.71428571 2.3055749355e-13
153.57142857 1.1434814498e-13
156.42857143 1.6076170305e-13
159.28571429 9.659885206000001e-14
162.14285714 1.1243747352e-13
165.0 1.3892940001999999e-13
167.85714286 1.1811129735e-13
170.71428571 1.604209934e-13
173.57142857 1.4700762814999996e-13
176.42857143 1.3771352718e-13
179.28571429 2.3935235109999997e-12
182.14285714 9.3839729295e-14
185.0 1.4750102509e-13
187.85714286 1.1120928574000002e-13
190.71428571 1.5896653746000003e-13
193.57142857 1.5468810087000002e-13
197.14285714 1.0974835743e-13
201.42857143 1.4752725679000001e-13
205.71428571 1.2875910515e-13
210.0 1.5611902259e-13
214.28571429 1.2086630948e-13
218.57142857 1.0777723870000002e-13
222.85714286 1.0982567784e-13
227.14285714 8.684953081e-14
231.42857143 1.5327395134999998e-13
235.71428571 1.2332263138e-13
240.0 5.723541666000001e-12
244.28571429 1.0668160314000002e-13
248.57142857 1.3901591014999998e-13
252.85714286 1.172587506e-13
257.14285714 8.666487234e-14
261.42857143 9.237686025e-14
265.71428571 7.692676089999999e-14
270.0 7.981017592999999e-14
274.28571429 1.2832261477e-13
278.57142857 1.0176955369e-13
282.85714286 9.938090422999999e-14
287.14285714 1.0081051339999999e-13
291.42857143 1.3519497112000003e-13
296.42857143 8.815488007e-14
302.14285714 8.706555298e-12
307.85714286 1.1616758566999999e-13
313.57142857 1.3025544588e-13
319.28571429 8.432538461e-14
325.0 1.1026180442999998e-13
330.71428571 1.2033268522000002e-13
336.42857143 1.3222988459e-13
342.14285714 8.757915099e-14
347.85714286 2.481996663e-13
353.57142857 8.374356752999999e-14
359.28571429 6.128969905e-12
365.0 1.2773920229000003e-13
370.71428571 8.408783983999998e-14
376.42857143 6.407256835999998e-14
382.14285714 8.731799166e-14
387.85714286 9.026614843e-14
394.28571429 9.222869331000001e-14
401.42857143 1.1382443776e-13
408.57142857 1.2310224004000002e-13
415.71428571 8.157739434e-14
422.85714286 5.215936324e-12
430.0 1.1773662404e-13
437.14285714 1.0225803747999999e-13
444.28571429 8.923623691e-14
451.42857143 9.802439491e-14
458.57142857 8.334867861e-14
465.71428571 7.812278424e-14
472.85714286 7.291916959e-14
480.0 5.457531293000001e-12
487.85714286 9.190272147999999e-14
496.42857143 8.830723631e-14
505.0 1.0112551281e-13
513.57142857 7.277429482999999e-14
522.14285714 1.0008636161e-13
530.71428571 9.685369405e-14
539.28571429 3.5096178449999995e-12
547.85714286 1.0535589627e-13
556.42857143 8.464602017e-14
565.0 1.0788447344e-13
573.57142857 9.261223140999997e-14
582.14285714 8.223519032e-14
591.42857143 9.572609270999999e-14
601.42857143 1.1424770336e-12
611.42857143 9.115644627999999e-14
621.42857143 7.560090836000001e-14
631.42857143 8.903353565999999e-14
641.42857143 9.220825438000001e-14
651.42857143 1.0056184509e-13
661.42857143 1.989551225e-13
671.42857143 7.624651295e-14
682.14285714 8.480068185000001e-14
693.57142857 1.0390671151e-13
705.0 9.172507763000002e-14
716.42857143 3.9352755360000003e-13
727.85714286 8.92613361e-14
739.28571429 8.13327155e-14
750.71428571 1.0382578172999999e-13
762.14285714 6.601526936e-14
773.57142857 7.879647144000001e-14
785.71428571 4.050079289e-13
798.57142857 7.433645097e-14
811.42857143 8.127275202e-14
824.28571429 1.2788555608e-13
837.14285714 1.3865020111999998e-13
850.0 8.842945512e-14
862.85714286 8.153075467e-14
876.42857143 8.626568029999999e-14
890.71428571 1.0443420080999998e-13
905.0 5.122905934e-13
919.28571429 9.535855172000001e-14
933.57142857 9.103818885e-14
947.85714286 9.308175219000002e-14
962.14285714 4.929389013e-13
977.14285714 8.553025288000001e-14
992.85714286 9.419772684999998e-14
1008.5714286 9.958502997e-14
1024.2857143 3.0061762140000004e-13
1040.0 9.714682298e-14
1055.7142857 1.0634702180999999e-13
1072.1428571 3.428303188e-13
1089.2857143 9.764667663e-14
1106.4285714 8.294719213999999e-14
1123.5714286 9.456233890000001e-14
1140.7142857 3.6397959890000004e-13
1157.8571429 7.718082382000001e-14
1175.7142857 9.730051076e-14
1194.2857143 1.3749722476e-13
1212.8571429 9.909928778999999e-14
1231.4285714 8.202257383000001e-14
1250.0 9.290847042000001e-14
1269.2857143 2.381848606e-13
1289.2857143 8.534353848e-14
1309.2857143 9.057874914999999e-14
1329.2857143 1.619103303e-13
1349.2857143 8.971311247000001e-14
1370.0 1.1541068595e-13
1391.4285714 9.949144229e-14
1412.8571429 9.2838373e-14
1434.2857143 1.1033146355e-13
1455.7142857 7.776219077e-14
1477.8571429 1.0041580094000002e-13
1500.7142857 1.723331781e-13
1523.5714286 8.903921804999999e-14
1546.4285714 9.611379971e-14
1570.0 1.5197999022999997e-13
1594.2857143 9.062676839e-14
1618.5714286 8.562266433e-14
1642.8571429 8.4626912e-14
1667.8571429 1.2042696505e-13
1693.5714286 8.486703368000001e-14
1719.2857143 9.279339736e-14
1745.0 1.0880801678999999e-13
1771.4285714 8.44286192e-14
1798.5714286 1.3474860083000002e-13
1825.7142857 9.307631648000001e-14
1853.5714286 1.3764745909999998e-13
1882.1428571 9.704971228e-14
1910.7142857 1.1549243492e-13
1939.2857143 9.410190403999999e-14
1968.5714286 9.941368337999999e-14
1998.5714286 9.557296084e-14
2028.5714286 9.854060895e-14
2059.2857143 9.885489441000001e-14
2090.7142857 1.24797402e-13
2122.1428571 8.601453732999999e-14
2154.2857143 1.1879229226e-13
2187.1428571 8.711068122e-14
2220.0 9.821513017e-14
2253.5714286 9.104940321000001e-14
2287.8571429 1.1385776877000002e-13
2322.1428571 8.822882719000001e-14
2357.1428571 1.0875870922e-13
2392.8571429 1.159891854e-13
2429.2857143 8.569602366e-14
2466.4285714 1.1147648618e-13
2503.5714286 1.0742525922999999e-13
2541.4285714 9.601759435e-14
2580.0 1.0718776089999998e-13
2618.5714286 8.242225346e-14
2657.8571429 1.9524453480000001e-13
2697.8571429 1.7389311230000002e-13
2738.5714286 8.857911313999999e-14
2780.0 1.1811516402e-13
2822.1428571 1.0827615915999999e-13
2865.0 1.1857187351000002e-13
2907.8571429 7.804211627e-14
2951.4285714 1.0409645906000002e-13
2995.7142857 1.25597294e-13
3040.7142857 8.435475954999999e-14
3086.4285714 8.938685443000001e-14
3132.8571429 9.441465173e-14
3180.0 9.751442287000001e-14
3227.8571429 1.3311066309999999e-13
3276.4285714 1.872729593e-13
3325.7142857 8.931343895e-14
3375.7142857 1.468711445e-13
3426.4285714 1.1600003920000003e-13
3477.8571429 1.2300386843e-13
3530.0 1.3539526899999997e-13
3582.8571429 8.687073940999999e-14
3636.4285714 8.978474087000001e-14
3691.4285714 8.971534754999999e-14
3747.1428571 9.250321448e-14
3803.5714286 8.248976748000001e-14
3860.7142857 9.296624958e-14
3918.5714286 8.706150324e-14
3977.1428571 8.616456541e-14
4036.4285714 8.552866826e-14
4097.1428571 8.562344150000001e-14
4158.5714286 7.723766058000001e-14
4220.7142857 1.247202398e-13
4284.2857143 1.0289619555999998e-13
4348.5714286 1.0412975101000002e-13
4413.5714286 9.207045231e-14
4480.0 9.173253199e-14
4547.1428571 8.670957658e-14
4615.0 8.592615295999999e-14
4684.2857143 9.447752986e-14
4754.2857143 8.738136487e-14
4825.0 8.3679812e-14
4897.1428571 8.34423521e-14
4970.7142857 8.257676718999998e-14
5045.0 8.207048698000001e-14
5120.0 8.600507887e-14
5196.4285714 8.546681119e-14
5274.2857143 8.566806037e-14
5353.5714286 8.388833335999999e-14
5433.5714286 8.285214852e-14
5514.2857143 7.065729169000001e-14
5596.4285714 7.239577519e-14
5680.0 9.554145556999999e-14
5765.0 7.830826124999999e-14
5851.4285714 8.878313079999999e-14
5939.2857143 7.847632173e-14
6028.5714286 8.714726651e-14
6119.2857143 8.295683805e-14
6210.7142857 7.975780914999998e-14
6302.8571429 7.934309531e-14
6396.4285714 7.679396725999999e-14
6491.4285714 7.918177227999999e-14
6587.8571429 8.447249352999999e-14
6685.7142857 8.457916967e-14
6785.0 7.943984793999999e-14
6885.7142857 7.103540791e-14
6987.8571429 7.951864893999999e-14
7092.1428571 8.31691052e-14
7198.5714286 7.512312804e-14
7306.4285714 7.393231655e-14
7415.7142857 7.331816201e-14
7526.4285714 7.391042720000001e-14
7638.5714286 6.878009463e-14
7752.1428571 7.613230398e-14
7867.8571429 7.537808649e-14
7985.7142857 1.0343260230000001e-13
8105.0 7.453201767000001e-14
8225.7142857 6.985267469e-14
8347.8571429 7.325890684999999e-14
8472.1428571 7.481248817e-14
8598.5714286 6.92154782e-14
8726.4285714 7.341514152e-14
8856.4285714 7.433171468e-14
8988.5714286 7.056932643e-14
9122.1428571 7.397704358e-14
9257.8571429 7.106032404999999e-14
9395.7142857 6.805754965e-14
9535.7142857 7.130191874999999e-14
9677.8571429 6.671140946e-14
9822.1428571 6.764456953e-14
9968.5714286 7.428737334e-14
10117.142857 6.988711003000001e-14
10267.857143 7.299899352000001e-14
10420.714286 6.947010784000001e-14
10575.714286 7.058348809999999e-14
10732.857143 7.119726664000001e-14
10892.857143 6.966542135000001e-14
11055.0 6.658074392e-14
11219.285714 6.970911574e-14
11386.428571 6.969836381e-14
11556.428571 7.040027849999999e-14
11728.571429 6.716175045999999e-14
11902.857143 6.883238204999998e-14
12080.0 7.137814956e-14
12260.0 7.033626889e-14
12442.857143 7.105106493e-14
12628.571429 6.943293604e-14
12817.142857 7.257828882e-14
13007.857143 6.714816385e-14
13200.714286 6.952644923e-14
13396.428571 7.087138381e-14
13595.714286 6.914728136999999e-14
13798.571429 6.760086203000001e-14
14004.285714 6.93631187e-14
14212.857143 6.718344302999999e-14
14424.285714 6.961330418999999e-14
14638.571429 6.820828629e-14
14856.428571 6.94511331e-14
15077.857143 7.000132965e-14
15302.142857 6.811704808e-14
15529.285714 6.775822738e-14
15760.0 6.98732514e-14
15994.285714 7.228788704000001e-14
16232.142857 6.849780361e-14
16473.571429 6.719305601e-14
16718.571429 6.871256210000001e-14
16967.142857 6.885743828999999e-14
17219.285714 6.653388711999999e-14
17475.0 6.819062498000001e-14
17734.285714 6.802017026999999e-14
17997.857143 6.686176791000001e-14
18265.714286 6.989912194e-14
18537.142857 6.653470636e-14
18812.142857 6.763663946e-14
19091.428571 6.845874164e-14
19375.0 6.731467779000001e-14
19662.857143 6.807217641e-14
19955.0 6.827063065999999e-14
20251.428571 6.740335205000001e-14
20552.142857 6.871780208000001e-14
20857.142857 6.740541551e-14
21167.142857 6.520771492e-14
21482.142857 6.784555468e-14
21801.428571 6.744334491999999e-14
22125.0 6.8956954e-14
22453.571429 6.735950399000001e-14
22787.142857 6.800758941e-14
23125.714286 7.187006513000001e-14
23469.285714 6.969865849e-14
23817.857143 6.745780183e-14
24171.428571 7.175130481000001e-14
24530.0 6.721628260000001e-14
24894.285714 6.750223334e-14
25264.285714 6.844917160000001e-14
25640.0 6.876559898e-14
26021.428571 6.839085061000001e-14
26408.571429 6.917663618999999e-14
26801.428571 7.037134167999999e-14
27200.0 6.849490429e-14
27604.285714 6.821328133000001e-14
28014.285714 6.721431124e-14
28430.0 6.65340329e-14
28852.142857 7.64350903e-14
29280.714286 4.94014108e-13
29715.714286 6.988410567e-14
30157.142857 7.050004402999998e-14
30605.0 6.84682655e-14
31059.285714 7.075612046000001e-14
31520.0 6.690150664e-14
31987.857143 6.807804584e-14
32462.857143 6.761544992e-14
32945.0 7.078199661000001e-14
33434.285714 6.782090021000001e-14
33930.714286 7.010754856999998e-14
34434.285714 7.097756011e-14
34945.0 7.041518955999999e-14
35463.571429 7.13036969e-14
35990.0 6.899475083000001e-14
36524.285714 6.933985770000001e-14
37066.428571 6.836709791e-14
37616.428571 7.014194636000001e-14
38175.0 7.017050580000001e-14
38742.142857 6.969202716e-14
39317.142857 6.89427023e-14
39900.0 7.096908019e-14
40492.142857 7.156013076e-14
41093.571429 7.002779253999999e-14
41703.571429 7.145582326e-14
42322.142857 7.074522451e-14
42950.0 7.073188809e-14
43587.142857 7.067534038e-14
44233.571429 7.063612876000001e-14
44890.0 7.28901415e-14
45556.428571 7.087535984e-14
46232.857143 7.189326981e-14
46919.285714 7.192978332000001e-14
47615.714286 7.148497177e-14
48322.142857 7.036256728999999e-14
49039.285714 7.407169623e-14
49767.142857 7.119729393999998e-14
50505.714286 7.201696411000001e-14
51255.0 7.349167351999999e-14
52015.0 7.253156693999999e-14
52786.428571 7.142393810000001e-14
53569.285714 7.36605508e-14
54363.571429 7.26903891e-14
55170.0 7.479475479999999e-14
55988.571429 7.455181078999999e-14
56819.285714 7.421961903e-14
57662.142857 7.376687458e-14
58517.142857 8.632007182000001e-14
59385.0 7.658407511000001e-14
60265.714286 7.552799010999999e-14
61159.285714 7.466197455e-14
62066.428571 7.530412056000001e-14
62987.142857 8.199419820000002e-14
63921.428571 7.694555315000002e-14
64870.0 7.598083301e-14
65832.857143 7.759594615e-14
66810.0 7.853544481e-14
67801.428571 9.889231947e-14
68807.142857 7.803781801999999e-14
69827.857143 7.657712628000001e-14
70863.571429 7.951143712999999e-14
71914.285714 7.700331863999998e-14
72980.714286 7.955697377e-14
74062.857143 7.849930108e-14
75161.428571 7.942485643000001e-14
76276.428571 7.904089468e-14
77407.857143 7.82505787e-14
78556.428571 7.949506829e-14
79722.142857 7.87816682e-14
80905.0 8.056362497e-14
82105.0 8.067122530000001e-14
83322.857143 7.926520165e-14
84558.571429 7.961476736999999e-14
85812.142857 8.276298672e-14
87084.285714 9.71606867e-14
88375.714286 8.600606372e-14
89686.428571 8.219295742000001e-14
91016.428571 8.399385773e-14
92366.428571 8.353191339999999e-14
93736.428571 8.698363105e-14
95126.428571 8.42038676e-14
96537.142857 8.484246059e-14
97969.285714 8.563382399e-14
99422.857143 8.628127985999999e-14
100897.85714 8.806650836e-14
102394.28571 8.988804054999999e-14
103912.85714 8.836338504e-14
105454.28571 8.980701402999998e-14
107018.57143 8.954575017999999e-14
108605.71429 8.91783426e-14
110216.42857 8.785270753e-14
111851.42857 8.778716121e-14
113510.71429 9.013028547999998e-14
115194.28571 8.884167802999998e-14
116902.85714 9.121219778e-14
118636.42857 8.817473197000001e-14
120395.71429 8.858519941000001e-14
122181.42857 8.916102765e-14
123993.57143 8.798495416e-14
125832.85714 8.997934998e-14
127699.28571 8.905059161e-14
129592.85714 9.052923651e-14
131514.28571 8.810622224e-14
133464.28571 8.952904112e-14
135443.57143 8.929140682999999e-14
137452.14286 8.992744304000001e-14
139490.0 8.935312227e-14
141558.57143 8.950298020999999e-14
143657.85714 9.063226070999999e-14
145787.85714 9.027837176e-14
147949.28571 8.932405562999998e-14
150142.85714 8.963415436000001e-14
152369.28571 8.879604234999999e-14
154628.57143 8.982453471e-14
156921.42857 8.890607332e-14
159248.57143 8.969070953000001e-14
161610.0 8.979293625000001e-14
164006.42857 8.832061264000001e-14
166438.57143 8.891372077000001e-14
168906.42857 8.873086689e-14
171410.71429 8.856224972e-14
173952.14286 8.894111715999999e-14
176531.42857 8.95564226e-14
179149.28571 8.694556346e-14
181805.71429 8.757438841e-14
184501.42857 8.563090296e-14
187237.14286 8.474539968e-14
190013.57143 8.533617638999998e-14
192831.42857 8.386809234e-14
195690.71429 8.369850509e-14
198592.14286 8.311106581000001e-14
201536.42857 8.27397088e-14
204524.28571 9.412356416e-14
207556.42857 8.199575762999999e-14
210633.57143 8.059325644999999e-14
213756.42857 8.04851749e-14
216925.71429 7.898809332e-14
220142.14286 7.763914871000001e-14
223406.42857 7.628825488e-14
226719.28571 7.576366171e-14
230080.71429 7.448021269999999e-14
233492.14286 1.0008921294000001e-13
236954.28571 7.264322092e-14
240467.14286 7.135302089000001e-14
244032.14286 7.020322069e-14
247650.0 6.866171901999999e-14
251321.42857 6.79633214e-14
255047.85714 6.655318861e-14
258830.0 6.491179912e-14
262667.85714 8.559133691e-14
266562.14286 6.325830688e-14
270514.28571 6.118224550999999e-14
274525.0 6.03396825e-14
278595.0 5.894100021000001e-14
282725.71429 5.818251228e-14
286917.85714 5.675521141e-14
291172.14286 6.238680960999999e-14
295489.28571 5.366637123000001e-14
299870.0 5.246453764e-14
304315.71429 5.122196118e-14
308827.85714 4.9810746169999995e-14
313407.14286 4.879376091e-14
318054.28571 4.744242236000001e-14
322770.0 5.955343910000001e-14
327555.0 4.4964412250000004e-14
332410.71429 4.341703070999999e-14
337338.57143 4.28489273e-14
342340.0 4.114405086e-14
347415.71429 4.000794622e-14
352566.42857 4.05056378e-14
357793.57143 3.804690472e-14
363098.57143 3.647748638e-14
368482.14286 3.56270634e-14
373945.0 3.4292117999999996e-14
379488.57143 3.4530495659999995e-14
385114.28571 3.240811014e-14
390823.57143 3.1359762440000003e-14
396617.85714 3.036300641e-14
402497.85714 2.913571596e-14
408465.0 2.85661784e-14
414520.71429 2.7809391e-14
420666.42857 2.6456994440000006e-14
426903.57143 2.5521534880000003e-14
433232.85714 2.4650674069999995e-14
439655.71429 2.422924276e-14
446173.57143 2.299913033e-14
452787.85714 2.215446078e-14
459500.71429 2.1296240280000003e-14
466313.57143 2.0707794399999997e-14
473227.14286 1.993851964e-14
480242.85714 1.9173342189999998e-14
487362.85714 1.849492901e-14
494588.57143 1.791804025e-14
501920.71429 1.702025849e-14
509361.42857 1.6377505009999998e-14
516912.85714 1.5895092179999997e-14
524576.42857 1.532680821e-14
532353.57143 1.472316777e-14
540245.71429 1.4133267749999999e-14
548255.0 1.3537865970000002e-14
556382.85714 1.331782374e-14
564630.71429 1.263621944e-14
573001.42857 1.218163929e-14
581496.42857 1.174329184e-14
590117.14286 1.131448429e-14
598865.71429 1.067508489e-14
607743.57143 1.032993775e-14
616752.85714 1.0070274063e-14
625895.71429 9.574655738000001e-15
635174.28571 9.123768546e-15
644590.71429 8.817517933999999e-15
654146.42857 8.496562305e-15
663843.57143 8.079429935999999e-15
673685.0 7.919449942e-15
683672.85714 7.52548675e-15
693808.57143 7.198540467e-15
704094.28571 6.9937844970000004e-15
714532.14286 6.6204057630000015e-15
725125.0 6.422780563e-15
735875.0 6.181605858000001e-15
746784.28571 5.915758328e-15
757855.71429 5.709300971e-15
769090.71429 5.472154134e-15
780492.14286 5.2087360749999994e-15
792062.85714 5.1092854809999994e-15
803805.0 4.825291745e-15
815721.42857 4.660559565e-15
827814.28571 4.427723061e-15
840086.42857 4.242886672e-15
852540.71429 4.186810682999999e-15
865179.28571 3.934075603e-15
878005.0 3.8221395230000005e-15
891020.71429 3.653749669999999e-15
904229.28571 3.5448465640000003e-15
917633.57143 3.3558408589999996e-15
931237.14286 3.2380381939999993e-15
945042.85714 3.0977114439999994e-15
959052.85714 2.9911301069999996e-15
973270.71429 2.8727406749999997e-15
987699.28571 2.7509062139999995e-15
1002341.4286 2.637187317e-15
1017200.7143 2.5467265329999995e-15
1032280.0 2.444100207e-15
1047582.8571 2.3459960330000003e-15
1063112.8571 2.244229926e-15
1078872.8571 2.180237376e-15
1094866.4286 2.1004115150000003e-15
1111097.1429 2.0071723159999997e-15
1127568.5714 1.927990485e-15
1144284.2857 1.883355572e-15
1161247.8571 1.810603419e-15
1178462.8571 2.0238099839999997e-15
1195932.8571 1.6735164990000001e-15
1213662.1429 1.6274699040000003e-15
1231654.2857 1.529465447e-15
1249912.8571 1.518178304e-15
1268442.1429 1.4655026770000002e-15
1287246.4286 1.381719543e-15
1306329.2857 1.3679885379999998e-15
1325695.0 1.308551101e-15
1345347.8571 1.24036857e-15
1365292.1429 1.226713994e-15
1385532.1429 1.1768210790000001e-15
1406072.1429 1.1148700280000003e-15
1426916.4286 1.104719359e-15
1448069.2857 1.055055911e-15
1469535.7143 9.959514473e-16
1491320.7143 9.948360295000002e-16
1513428.5714 9.303698239e-16
1535863.5714 8.859572655999999e-16
1558631.4286 8.893844181e-16
1581737.1429 8.258152492999999e-16
1605185.7143 8.348994191000002e-16
1628982.1429 7.946056504e-16
1653130.7143 7.954692293e-16
1677637.1429 8.197635559e-16
1702507.1429 7.329680715999999e-16
1727745.7143 8.454025122000002e-16
1753358.5714 1.0440817970000001e-15
1779351.4286 1.1258518869999998e-15
1805729.2857 8.667387175999999e-16
1832497.8571 8.643893904e-16
1859663.5714 8.279684454e-16
1887232.1429 7.701609251999999e-16
1915209.2857 7.122304811e-16
1943600.7143 6.436189804e-16
1972412.8571 5.926103147e-16
2001652.1429 5.461353553999999e-16
2031325.0 5.097983999e-16
2061437.8571 4.815096993e-16
2091997.1429 4.610228528999999e-16
2123009.2857 4.479893685e-16
2154480.7143 4.3747500760000007e-16
2186418.5714 4.351165677e-16
2218830.0 4.1325153209999997e-16
2251722.1429 4.196956832e-16
2285102.1429 4.015994855e-16
2318977.1429 4.088202080999999e-16
2353354.2857 4.731116288999999e-16
2388240.7143 3.698250207e-16
2423644.2857 3.681896550000001e-16
2459572.8571 3.267249877e-16
2496034.2857 3.588966959e-16
2533036.4286 3.4578622580000005e-16
2570587.1429 2.928413558e-16
2608694.2857 3.267664911e-16
2647365.7143 3.3876893979999997e-16
2686610.7143 2.8588730710000003e-16
2726437.8571 3.277763152e-16
2766855.0 3.253608924e-16
2807871.4286 2.7215810919999995e-16
2849495.7143 3.3617128150000004e-16
2891737.1429 3.1889611479999997e-16
2934605.0 4.011311673e-16
2978107.8571 2.66926595e-16
3022255.7143 4.0302799620000005e-16
3067057.8571 3.930423226e-16
3112524.2857 4.667129428e-16
3158665.0 2.585685085e-16
3205489.2857 5.113430939e-16
3253007.8571 5.795464361e-16
3301230.7143 5.402421663e-16
3350168.5714 9.186410713999998e-16
3399832.1429 1.2867052629999998e-15
3450231.4286 5.492174284e-16
3501377.8571 1.35135307e-15
3553282.8571 1.124049466e-15
3605957.1429 7.450621137000001e-16
3659412.1429 5.178685228999999e-16
3713660.0 3.883184186e-16
3768712.1429 2.837872015e-16
3824580.0 2.84156805e-16
3881275.7143 2.4966901109999998e-16
3938812.1429 2.239074066e-16
3997201.4286 2.0310504739999996e-16
4056456.4286 1.9208126289999998e-16
4116590.0 2.187686103e-16
4177615.0 1.869029482e-16
4239544.2857 1.6879147759999998e-16
4302391.4286 1.6102268569999998e-16
4366170.7143 1.5021404719999998e-16
4430895.0 1.437254692e-16
4496578.5714 1.4752007140000002e-16
4563236.4286 1.3852263740000002e-16
4630882.1429 1.3237023460000002e-16
4699530.0 1.607535496e-16
4769195.7143 1.3137214579999998e-16
4839894.2857 1.2920844019999997e-16
4911640.7143 1.4000176129999999e-16
4973888.5714 1.275382811e-16
