# freq [Hz]  noise density [V^2/Hz]
1.4285714286 2.3945052209e-10
4.2857142857 1.95219306932e-12
5.7142857143 1.8130564849e-12
7.1428571429 6.5730254472e-13
8.5714285714 1.02834057972e-12
10.0 7.308931172420001e-13
11.428571429 7.151771384700001e-13
12.857142857 7.9808064918e-13
14.285714286 5.910593418099999e-13
15.714285714 7.096119411999999e-13
17.142857143 7.514495279999999e-13
18.571428571 6.732542190080001e-13
20.0 5.6194315529e-13
21.428571429 5.173675281900001e-13
22.857142857 8.389830279500001e-13
24.285714286 3.6475751259e-13
25.714285714 3.7429166659499994e-13
27.142857143 4.4543746978000003e-13
28.571428571 6.8120192798e-13
30.0 3.6462666087e-13
31.428571429 2.9437509981799997e-13
32.857142857 3.6978855647e-13
34.285714286 4.892909570647999e-13
35.714285714 2.4732618708999997e-13
37.142857143 3.486573321e-13
38.571428571 4.5127487461999996e-13
40.0 1.9927564481000002e-13
41.428571429 2.61519867219e-13
42.857142857 2.3857801533400004e-13
44.285714286 4.8220484071e-13
45.714285714 7.9006210258e-14
47.142857143 3.6603000858000003e-13
48.571428571 3.4934975746e-13
50.0 3.3150814097999997e-12
51.428571429 3.6641927708000003e-13
52.857142857 2.24786694128e-13
54.285714286 1.5241306805199998e-13
55.714285714 2.4430648403e-13
57.142857143 2.23313946676e-13
58.571428571 3.59105052309e-13
60.0 2.4330333177e-13
61.428571429 1.5417740515000003e-13
62.857142857 2.0945084937000002e-13
64.285714286 1.48825017309e-13
65.714285714 1.3426960458e-13
67.142857143 1.61559466347e-13
68.571428571 2.211890425027e-13
70.0 1.28348277205e-13
71.428571429 2.33776263292e-13
72.857142857 2.0210875708e-13
74.285714286 1.7547011629e-13
75.714285714 1.36258231079e-13
77.142857143 1.1428125847e-13
78.571428571 1.56986265876e-13
80.0 2.1346145823399998e-13
81.428571429 1.4010485027999998e-13
82.857142857 2.5488657000999997e-13
84.285714286 9.3878697307e-14
85.714285714 9.138196927300001e-14
87.142857143 1.2842464279000003e-13
88.571428571 1.3330521136000002e-13
90.0 2.0598888439e-13
91.428571429 1.6785716756700001e-13
92.857142857 1.6738409909999999e-13
94.285714286 2.6823887582000007e-13
95.714285714 1.59967535786e-13
97.142857143 1.2365499538e-13
99.285714286 1.2830039995e-13
102.14285714 1.5249527881000002e-13
105.0 1.9231310948e-13
107.85714286 1.9225490655000003e-13
110.71428571 1.7309057983999997e-13
113.57142857 1.4659373559e-13
116.42857143 1.6448051754999996e-13
119.28571429 1.5165213965e-13
122.14285714 1.1914573574e-13
125.0 1.2842302670999998e-13
127.85714286 1.3420847741999998e-13
130.71428571 1.4707486381e-13
133.57142857 1.3197441702e-13
136.42857143 1.4049080785e-13
139.28571429 1.7452950851e-13
142.14285714 1.4025765176e-13
145.0 1.1183891751e-13
147.85714286 8.818315534000001e-14
150.71428571 1.3028843051999998e-13
153.57142857 8.836720451e-14
156.42857143 1.3186277854e-13
159.28571429 1.3310014410000003e-13
162.14285714 1.0479738998000002e-13
165.0 1.6613348729999997e-13
167.85714286 1.17297294598e-13
170.71428571 1.30218555322e-13
173.57142857 1.5972477799999999e-13
176.42857143 1.08622276338e-13
179.28571429 1.3227187984e-13
182.14285714 1.0906556668e-13
185.0 1.2182772230999999e-13
187.85714286 6.703425939e-14
190.71428571 1.0656667818100001e-13
193.57142857 1.0595511996999999e-13
197.14285714 1.0951962872999997e-13
201.42857143 1.2380052291e-13
205.71428571 1.0758397594e-13
210.0 9.279406773000001e-14
214.28571429 9.972760334e-14
218.57142857 8.813413185e-14
222.85714286 9.810413801000001e-14
227.14285714 1.2482406162e-13
231.42857143 1.3813281513999998e-13
235.71428571 1.2220997799999998e-13
240.0 9.021393541e-14
244.28571429 1.257015947e-13
248.57142857 1.1115167487000001e-13
252.85714286 1.1423088681000002e-13
257.14285714 7.068901163e-14
261.42857143 8.2710846903e-14
265.71428571 1.0778877294000001e-13
270.0 9.139088086e-14
274.28571429 7.273222738999999e-14
278.57142857 9.874826659000002e-14
282.85714286 8.663687228000001e-14
287.14285714 9.528681109999999e-14
291.42857143 1.0466302413e-13
296.42857143 7.563514779999999e-14
302.14285714 8.586810546999999e-14
307.85714286 7.349999002999999e-14
313.57142857 1.1211424016e-13
319.28571429 8.867679328e-14
325.0 7.980855738e-14
330.71428571 9.947611193000001e-14
336.42857143 9.825600988e-14
342.14285714 9.677296043e-14
347.85714286 1.1583486026e-13
353.57142857 1.3594073422e-13
359.28571429 1.2038337998e-13
365.0 9.83840585e-14
370.71428571 1.0733676904000001e-13
376.42857143 6.583002114999999e-14
382.14285714 9.02867208e-14
387.85714286 1.0401436988e-13
394.28571429 9.006371513e-14
401.42857143 9.931727554e-14
408.57142857 8.611689153999999e-14
415.71428571 1.0736219382e-13
422.85714286 9.451132743000001e-14
430.0 9.966253184999999e-14
437.14285714 8.610072668e-14
444.28571429 7.938787377e-14
451.42857143 1.0089747922000001e-13
458.57142857 7.933817004000001e-14
465.71428571 8.628577071e-14
472.85714286 7.112163044999999e-14
480.0 5.903258232e-14
487.85714286 7.264131e-14
496.42857143 7.29183256e-14
505.0 1.0405586305000002e-13
513.57142857 8.813040879999999e-14
522.14285714 6.628180672e-14
530.71428571 1.0852756671e-13
539.28571429 9.15321094e-14
547.85714286 9.334836747999999e-14
556.42857143 6.586467684e-14
565.0 9.749592623000001e-14
573.57142857 9.175175125000001e-14
582.14285714 6.190994516000001e-14
591.42857143 7.654958907e-14
601.42857143 9.431999314000001e-14
611.42857143 7.871943525e-14
621.42857143 8.946455780999999e-14
631.42857143 9.392722359000003e-14
641.42857143 8.386833884e-14
651.42857143 9.109345881000001e-14
661.42857143 6.89767971e-14
671.42857143 9.593026545999999e-14
682.14285714 8.157441588e-14
693.57142857 8.145395691e-14
705.0 8.710400261e-14
716.42857143 6.808982434e-14
727.85714286 8.186114928000001e-14
739.28571429 7.147005098000001e-14
750.71428571 8.454159257e-14
762.14285714 7.295832738000001e-14
773.57142857 9.128493512000001e-14
785.71428571 8.792341091e-14
798.57142857 7.500809293999999e-14
811.42857143 6.224734813e-14
824.28571429 6.35445908e-14
837.14285714 9.506540529e-14
850.0 7.070165377e-14
862.85714286 8.557798088e-14
876.42857143 7.180067602e-14
890.71428571 7.34391537e-14
905.0 7.918444135999999e-14
919.28571429 6.574272315e-14
933.57142857 8.327924398e-14
947.85714286 8.053408876e-14
962.14285714 6.874938215e-14
977.14285714 7.028765667000002e-14
992.85714286 6.725991285e-14
1008.5714286 7.635382869e-14
1024.2857143 8.015819716e-14
1040.0 6.992309223e-14
1055.7142857 7.751490856e-14
1072.1428571 7.647179182999999e-14
1089.2857143 7.045983171000002e-14
1106.4285714 6.976151602999999e-14
1123.5714286 7.400685177000001e-14
1140.7142857 6.305392802e-14
1157.8571429 8.149906888000001e-14
1175.7142857 6.787616763e-14
1194.2857143 7.771221236999998e-14
1212.8571429 6.420481629e-14
1231.4285714 6.450294301e-14
1250.0 8.537588099e-14
1269.2857143 6.932324497e-14
1289.2857143 7.832376278000001e-14
1309.2857143 7.693265359e-14
1329.2857143 8.014464610999999e-14
1349.2857143 9.441202915e-14
1370.0 7.250094185e-14
1391.4285714 6.547254127e-14
1412.8571429 6.953265078000001e-14
1434.2857143 6.712401925e-14
1455.7142857 7.482631334999999e-14
1477.8571429 7.477071835e-14
1500.7142857 7.363801966e-14
1523.5714286 7.327558559999999e-14
1546.4285714 6.949974737e-14
1570.0 6.747131297e-14
1594.2857143 6.992289015000001e-14
1618.5714286 6.912299614e-14
1642.8571429 7.127567993999999e-14
1667.8571429 7.373885712e-14
1693.5714286 6.82712059e-14
1719.2857143 7.450182733000001e-14
1745.0 7.517395573e-14
1771.4285714 6.372457115e-14
1798.5714286 7.36850698e-14
1825.7142857 6.824310074999999e-14
1853.5714286 7.667517163e-14
1882.1428571 6.977440024e-14
1910.7142857 7.051212287e-14
1939.2857143 6.974121824e-14
1968.5714286 8.136042041999999e-14
1998.5714286 7.245640978e-14
2028.5714286 6.738701623000002e-14
2059.2857143 7.059388783e-14
2090.7142857 7.242561429e-14
2122.1428571 6.531276003e-14
2154.2857143 7.979912478999999e-14
2187.1428571 7.493351709e-14
2220.0 6.212162414e-14
2253.5714286 6.740240262000001e-14
2287.8571429 6.431380172e-14
2322.1428571 7.373204121e-14
2357.1428571 7.353407252000001e-14
2392.8571429 6.354814379e-14
2429.2857143 7.080363127e-14
2466.4285714 6.835198591000001e-14
2503.5714286 7.841654556e-14
2541.4285714 7.285236119000001e-14
2580.0 7.160713866e-14
2618.5714286 6.909394688e-14
2657.8571429 7.577561509999999e-14
2697.8571429 6.860759894e-14
2738.5714286 6.590906005e-14
2780.0 6.772609283e-14
2822.1428571 7.592902342e-14
2865.0 7.75184342e-14
2907.8571429 7.156354342e-14
2951.4285714 7.596703192e-14
2995.7142857 7.256010494e-14
3040.7142857 7.074829191e-14
3086.4285714 7.222068712999999e-14
3132.8571429 6.611620340000001e-14
3180.0 7.748265507e-14
3227.8571429 7.290702032e-14
3276.4285714 6.748186946999999e-14
3325.7142857 6.537163905000002e-14
3375.7142857 6.932648961000001e-14
3426.4285714 6.113448716e-14
3477.8571429 6.296045943e-14
3530.0 7.59020042e-14
3582.8571429 7.013257850999999e-14
3636.4285714 6.769615329e-14
3691.4285714 6.612591971999999e-14
3747.1428571 7.454964766e-14
3803.5714286 7.319848291e-14
3860.7142857 7.388306819999999e-14
3918.5714286 6.631414033e-14
3977.1428571 7.382881311000001e-14
4036.4285714 6.132088435000002e-14
4097.1428571 6.787407165e-14
4158.5714286 6.928085692e-14
4220.7142857 6.407874471000001e-14
4284.2857143 7.081013762999999e-14
4348.5714286 7.243654536999999e-14
4413.5714286 6.756363283000001e-14
4480.0 7.695669696000001e-14
4547.1428571 6.847905695999998e-14
4615.0 7.080216151e-14
4684.2857143 6.967220911e-14
4754.2857143 6.630047614999999e-14
4825.0 6.796054443999998e-14
4897.1428571 6.591795133999999e-14
4970.7142857 6.638990367000001e-14
5045.0 6.156240109000001e-14
5120.0 6.765231560000001e-14
5196.4285714 6.884683549e-14
5274.2857143 6.722304525000001e-14
5353.5714286 7.146983330999999e-14
5433.5714286 6.906931075000001e-14
5514.2857143 6.987755563e-14
5596.4285714 7.035810607e-14
5680.0 6.799877849e-14
5765.0 6.861415691000001e-14
5851.4285714 6.557347414999998e-14
5939.2857143 6.311603425000001e-14
6028.5714286 6.926521893e-14
6119.2857143 6.852866026999999e-14
6210.7142857 6.983635803e-14
6302.8571429 6.604638269e-14
6396.4285714 6.884319926e-14
6491.4285714 6.697056676e-14
6587.8571429 6.708931557000002e-14
6685.7142857 6.539240952e-14
6785.0 7.216975412e-14
6885.7142857 7.106707081e-14
6987.8571429 6.817898751000001e-14
7092.1428571 7.014558857000001e-14
7198.5714286 6.380683008e-14
7306.4285714 6.832689309999999e-14
7415.7142857 7.040022516000001e-14
7526.4285714 6.202929281000001e-14
7638.5714286 7.042616890999999e-14
7752.1428571 6.665764910999998e-14
7867.8571429 6.861820115e-14
7985.7142857 6.834331389e-14
8105.0 7.040992176999999e-14
8225.7142857 6.759138030999999e-14
8347.8571429 6.546135835e-14
8472.1428571 6.682908063999999e-14
8598.5714286 6.482773617e-14
8726.4285714 7.136743354e-14
8856.4285714 7.509568334999999e-14
8988.5714286 6.601520718e-14
9122.1428571 6.936336772e-14
9257.8571429 7.304892819999999e-14
9395.7142857 6.531121791e-14
9535.7142857 6.591804703e-14
9677.8571429 6.576748326e-14
9822.1428571 6.857058825999998e-14
9968.5714286 6.645876578e-14
10117.142857 6.719508980999999e-14
10267.857143 7.050783380999999e-14
10420.714286 6.956627717e-14
10575.714286 6.999020653999999e-14
10732.857143 6.820662957e-14
10892.857143 6.803557740999999e-14
11055.0 6.954141118e-14
11219.285714 6.707580582e-14
11386.428571 6.996665733000001e-14
11556.428571 6.965633124e-14
11728.571429 6.920639772999999e-14
11902.857143 7.000298889999999e-14
12080.0 6.891512857999999e-14
12260.0 7.027348962000001e-14
12442.857143 7.016302677999999e-14
12628.571429 7.135511162e-14
12817.142857 6.947247719000001e-14
13007.857143 6.712574735e-14
13200.714286 6.655728999000001e-14
13396.428571 6.746035407999998e-14
13595.714286 7.22132407e-14
13798.571429 6.730016371e-14
14004.285714 7.276530253999999e-14
14212.857143 7.104735837000002e-14
14424.285714 6.888933185e-14
14638.571429 6.812876175000001e-14
14856.428571 7.172083271e-14
15077.857143 7.026533344e-14
15302.142857 6.861410453e-14
15529.285714 6.866031724000001e-14
15760.0 6.777867912999999e-14
15994.285714 6.912717286999999e-14
16232.142857 7.201431985000001e-14
16473.571429 6.752580403e-14
16718.571429 6.926467364000001e-14
16967.142857 6.7524309e-14
17219.285714 6.702491348e-14
17475.0 6.922923794000001e-14
17734.285714 7.009053503000001e-14
17997.857143 7.214191680000002e-14
18265.714286 7.035596304000001e-14
18537.142857 7.131906492000002e-14
18812.142857 7.087574878e-14
19091.428571 6.845795657e-14
19375.0 6.960768361999999e-14
19662.857143 6.935844467999999e-14
19955.0 7.009352608e-14
20251.428571 7.372283797e-14
20552.142857 6.992602138999998e-14
20857.142857 7.480896987e-14
21167.142857 6.875830069e-14
21482.142857 7.167725892999999e-14
21801.428571 7.142147369e-14
22125.0 7.097885993999999e-14
22453.571429 7.120286921000001e-14
22787.142857 7.003389141999999e-14
23125.714286 7.24864128e-14
23469.285714 7.306466307e-14
23817.857143 7.243312012e-14
24171.428571 7.216659642e-14
24530.0 7.384313376000001e-14
24894.285714 7.454622257e-14
25264.285714 7.212905721e-14
25640.0 7.199856633000001e-14
26021.428571 7.68796468e-14
26408.571429 7.676820646999999e-14
26801.428571 7.342386718e-14
27200.0 7.217094552e-14
27604.285714 7.474840881000001e-14
28014.285714 7.502562763e-14
28430.0 7.707071404e-14
28852.142857 7.531175126999999e-14
29280.714286 7.705620498000001e-14
29715.714286 7.95159469e-14
30157.142857 7.747622799e-14
30605.0 7.878742627e-14
31059.285714 7.680850882999998e-14
31520.0 8.157970925e-14
31987.857143 8.120794969e-14
32462.857143 8.323529997e-14
32945.0 8.092655137999999e-14
33434.285714 8.442109225e-14
33930.714286 8.45608908e-14
34434.285714 8.786749614e-14
34945.0 8.81441676e-14
35463.571429 8.9744165e-14
35990.0 9.823625163999999e-14
36524.285714 1.0426985033e-13
37066.428571 1.0386570392e-13
37616.428571 1.1213511170000002e-13
38175.0 1.183490615e-13
38742.142857 1.3026661240000003e-13
39317.142857 1.404912978e-13
39900.0 1.6347750670000004e-13
40492.142857 1.905551699e-13
41093.571429 2.2138274110000001e-13
41703.571429 2.751110157e-13
42322.142857 3.1801299810000005e-13
42950.0 3.534193179e-13
43587.142857 3.2591984e-13
44233.571429 2.7419489819999997e-13
44890.0 2.2190876020000003e-13
45556.428571 1.881629148e-13
46232.857143 1.58294721e-13
46919.285714 1.381335744e-13
47615.714286 1.2560621800000002e-13
48322.142857 1.1732952369999999e-13
49039.285714 1.0902166469999999e-13
49767.142857 1.0777497764000001e-13
50505.714286 1.0143579117e-13
51255.0 9.860054796e-14
52015.0 9.61948327e-14
52786.428571 9.310639850000001e-14
53569.285714 9.412595386999998e-14
54363.571429 9.26840801e-14
55170.0 8.936816062e-14
55988.571429 9.210397473e-14
56819.285714 9.119370545000001e-14
57662.142857 8.827749478e-14
58517.142857 8.94717062e-14
59385.0 8.890297227e-14
60265.714286 8.911097115e-14
61159.285714 8.884730780999999e-14
62066.428571 8.882626740000001e-14
62987.142857 9.053209777000001e-14
63921.428571 9.018883015e-14
64870.0 9.049291694e-14
65832.857143 8.937510242999999e-14
66810.0 8.769344531e-14
67801.428571 8.942785085999999e-14
68807.142857 8.918935587e-14
69827.857143 8.967927345999999e-14
70863.571429 9.066549558e-14
71914.285714 9.026592138e-14
72980.714286 9.135272180999998e-14
74062.857143 9.145452034e-14
75161.428571 9.299971157000001e-14
76276.428571 9.541523806999999e-14
77407.857143 9.7747974e-14
78556.428571 1.0138249963000002e-13
79722.142857 1.1122505950000002e-13
80905.0 1.2422724549999999e-13
82105.0 1.5456508229999997e-13
83322.857143 1.896051367e-13
84558.571429 1.9788528319999997e-13
85812.142857 1.606013457e-13
87084.285714 1.318774019e-13
88375.714286 1.1445484109999998e-13
89686.428571 1.091253977e-13
91016.428571 1.0474268605e-13
92366.428571 1.0283836814e-13
93736.428571 1.0287226817e-13
95126.428571 9.998162291e-14
96537.142857 1.0040090280000001e-13
97969.285714 9.955321188999999e-14
99422.857143 1.0001933444000001e-13
100897.85714 9.932251330999999e-14
102394.28571 9.852742177000001e-14
103912.85714 1.02014817e-13
105454.28571 1.0056684132999998e-13
107018.57143 1.0227291429000002e-13
108605.71429 1.0054168587e-13
110216.42857 1.0037639468999999e-13
111851.42857 1.0021763803000002e-13
113510.71429 1.0097570517e-13
115194.28571 1.0146906714999999e-13
116902.85714 1.0034840897000001e-13
118636.42857 1.0057905905e-13
120395.71429 1.0158909277000001e-13
122181.42857 1.0090747817999999e-13
123993.57143 1.0212848341e-13
125832.85714 1.998222644e-13
127699.28571 1.1224923339999998e-13
129592.85714 1.0030406459e-13
131514.28571 9.939805732e-14
133464.28571 9.927789595000001e-14
135443.57143 1.0192488842e-13
137452.14286 1.0140773866e-13
139490.0 1.0087788664000001e-13
141558.57143 1.0016263398999999e-13
143657.85714 9.999323697000001e-14
145787.85714 1.0048123453e-13
147949.28571 1.0183200203e-13
150142.85714 1.0080205535e-13
152369.28571 9.917734995000001e-14
154628.57143 9.81502481e-14
156921.42857 9.798439975e-14
159248.57143 9.908879349e-14
161610.0 9.829491089e-14
164006.42857 9.861634735e-14
166438.57143 1.0014738910999999e-13
168906.42857 1.056025572e-13
171410.71429 1.0268260467e-13
173952.14286 9.637956226000001e-14
176531.42857 9.609409627e-14
179149.28571 9.639748646999999e-14
181805.71429 9.403224139999999e-14
184501.42857 9.364145313e-14
187237.14286 9.300300239999998e-14
190013.57143 9.185740864999999e-14
192831.42857 9.025003298e-14
195690.71429 8.970087854e-14
198592.14286 8.935994927e-14
201536.42857 8.825995429e-14
204524.28571 8.675668476e-14
207556.42857 8.630969023999999e-14
210633.57143 8.560836478000001e-14
213756.42857 8.455607545e-14
216925.71429 8.240993078e-14
220142.14286 8.238261107e-14
223406.42857 8.087816831000001e-14
226719.28571 7.955821417e-14
230080.71429 7.822079149000001e-14
233492.14286 7.609368362e-14
236954.28571 7.503181025e-14
240467.14286 7.460797176999999e-14
244032.14286 7.251277598e-14
247650.0 7.122072372999999e-14
251321.42857 7.025346812000002e-14
255047.85714 6.918140783e-14
258830.0 6.731206633000002e-14
262667.85714 6.622645784e-14
266562.14286 6.479052911999999e-14
270514.28571 6.3568318e-14
274525.0 6.197204592e-14
278595.0 6.001987818e-14
282725.71429 5.944283479000001e-14
286917.85714 5.780918761e-14
291172.14286 5.6364439039999995e-14
295489.28571 5.5072777600000004e-14
299870.0 5.412159716000001e-14
304315.71429 5.234774212000001e-14
308827.85714 5.080902742e-14
313407.14286 5.004559696e-14
318054.28571 4.8508577209999996e-14
322770.0 4.9123752279999996e-14
327555.0 4.6338675319999994e-14
332410.71429 4.4790573580000005e-14
337338.57143 4.363089686e-14
342340.0 4.241223186e-14
347415.71429 4.08811951e-14
352566.42857 3.9358147509999996e-14
357793.57143 3.8360347620000004e-14
363098.57143 3.710507556e-14
368482.14286 3.624148549e-14
373945.0 3.506541074e-14
379488.57143 3.3828920769999997e-14
385114.28571 3.294220146e-14
390823.57143 3.1683878709999995e-14
396617.85714 3.0602773750000004e-14
402497.85714 2.966411735e-14
408465.0 2.865672822e-14
414520.71429 2.8102065790000003e-14
420666.42857 2.666435752e-14
426903.57143 2.584249199e-14
433232.85714 2.492953724e-14
439655.71429 2.4134059729999994e-14
446173.57143 2.345801628e-14
452787.85714 2.251497607e-14
459500.71429 2.1749444510000003e-14
466313.57143 2.095461108e-14
473227.14286 2.016411657e-14
480242.85714 1.9533176640000002e-14
487362.85714 1.863510001e-14
494588.57143 1.795313158e-14
501920.71429 1.7418093160000002e-14
509361.42857 1.6593472799999998e-14
516912.85714 1.609734348e-14
524576.42857 1.5497283619999997e-14
532353.57143 1.505638043e-14
540245.71429 1.436024141e-14
548255.0 1.3840873039999998e-14
556382.85714 1.33319378e-14
564630.71429 1.27807499e-14
573001.42857 1.236792132e-14
581496.42857 1.1854084419999998e-14
590117.14286 1.147776929e-14
598865.71429 1.081914291e-14
607743.57143 1.066653631e-14
616752.85714 1.0053055037999999e-14
625895.71429 9.786796518999998e-15
635174.28571 9.405322541000002e-15
644590.71429 9.017648333e-15
654146.42857 8.666581238e-15
663843.57143 8.237998132e-15
673685.0 7.957118255e-15
683672.85714 7.712780932e-15
693808.57143 7.328264962000001e-15
704094.28571 7.010053196000001e-15
714532.14286 6.762927276e-15
725125.0 6.491150991e-15
735875.0 6.247024059000001e-15
746784.28571 5.964715667e-15
757855.71429 5.724837313e-15
769090.71429 5.5347771740000006e-15
780492.14286 5.288526155000001e-15
792062.85714 5.057888309e-15
803805.0 4.8803435390000006e-15
815721.42857 4.669421596000001e-15
827814.28571 4.48228256e-15
840086.42857 4.324938407999999e-15
852540.71429 4.137767954e-15
865179.28571 3.969892809e-15
878005.0 3.8270478890000006e-15
891020.71429 3.6739474110000005e-15
904229.28571 3.5101873879999994e-15
917633.57143 3.406933321e-15
931237.14286 3.256479849e-15
945042.85714 3.1392563e-15
959052.85714 3.0107574419999996e-15
973270.71429 2.8909320060000006e-15
987699.28571 2.777392725e-15
1002341.4286 2.6672821619999997e-15
1017200.7143 2.569675136e-15
1032280.0 2.4848442779999997e-15
1047582.8571 2.379842503e-15
1063112.8571 2.29745493e-15
1078872.8571 2.193983494e-15
1094866.4286 2.117811738e-15
1111097.1429 2.0467408280000002e-15
1127568.5714 1.9846140890000002e-15
1144284.2857 1.9024957750000004e-15
1161247.8571 1.824486482e-15
1178462.8571 1.8133869940000003e-15
1195932.8571 1.6926992540000003e-15
1213662.1429 1.6264988829999999e-15
1231654.2857 1.560782405e-15
1249912.8571 1.5085807719999999e-15
1268442.1429 1.4466773819999998e-15
1287246.4286 1.398607395e-15
1306329.2857 1.340329327e-15
1325695.0 1.2918514830000002e-15
1345347.8571 1.235364846e-15
1365292.1429 1.195597675e-15
1385532.1429 1.1456839769999998e-15
1406072.1429 1.0981618450000003e-15
1426916.4286 1.0648851309999998e-15
1448069.2857 1.018915581e-15
1469535.7143 9.799917792e-16
1491320.7143 9.416387523e-16
1513428.5714 9.098569325e-16
1535863.5714 8.739226233000001e-16
1558631.4286 8.484487741999999e-16
1581737.1429 8.168979757000001e-16
1605185.7143 7.886754181999999e-16
1628982.1429 7.625485166e-16
1653130.7143 7.412161628e-16
1677637.1429 7.212089815e-16
1702507.1429 6.870356977e-16
1727745.7143 6.870529958000001e-16
1753358.5714 7.030916599e-16
1779351.4286 6.8546371139999995e-16
1805729.2857 6.169971466e-16
1832497.8571 5.965478839000001e-16
1859663.5714 5.713411677e-16
1887232.1429 5.520303667e-16
1915209.2857 5.291429233e-16
1943600.7143 5.086369386e-16
1972412.8571 4.884387324e-16
2001652.1429 4.709719677e-16
2031325.0 4.535244288999999e-16
2061437.8571 4.374009923e-16
2091997.1429 4.215162662e-16
2123009.2857 4.109551963e-16
2154480.7143 3.9600037690000004e-16
2186418.5714 3.8471489829999997e-16
2218830.0 3.7314034109999995e-16
2251722.1429 3.6227938309999997e-16
2285102.1429 3.5153162009999997e-16
2318977.1429 3.4283669499999997e-16
2353354.2857 3.603264512e-16
2388240.7143 3.209064927e-16
2423644.2857 3.116193115e-16
2459572.8571 3.009265508e-16
2496034.2857 2.9220258739999997e-16
2533036.4286 2.8217297289999997e-16
2570587.1429 2.723266657e-16
2608694.2857 2.6413839459999997e-16
2647365.7143 2.5597657979999994e-16
2686610.7143 2.480540164e-16
2726437.8571 2.4094207950000004e-16
2766855.0 2.352802734e-16
2807871.4286 2.282179979e-16
2849495.7143 2.2268108529999996e-16
2891737.1429 2.172164825e-16
2934605.0 2.322017055e-16
2978107.8571 2.0554627320000003e-16
3022255.7143 1.9826988739999998e-16
3067057.8571 1.939951684e-16
3112524.2857 1.8791736999999999e-16
3158665.0 1.8365906300000004e-16
3205489.2857 1.7863685139999998e-16
3253007.8571 1.7458017549999997e-16
3301230.7143 1.7136715810000002e-16
3350168.5714 1.664843804e-16
3399832.1429 1.633596399e-16
3450231.4286 1.61197931e-16
3501377.8571 1.6394287080000002e-16
3553282.8571 1.8654374630000004e-16
3605957.1429 1.525170575e-16
3659412.1429 1.491796701e-16
3713660.0 1.462302498e-16
3768712.1429 1.439866642e-16
3824580.0 1.4092222039999998e-16
3881275.7143 1.372772489e-16
3938812.1429 1.345483943e-16
3997201.4286 1.3133676590000001e-16
4056456.4286 1.295738663e-16
4116590.0 1.473702062e-16
4177615.0 1.240050064e-16
4239544.2857 1.224370473e-16
4302391.4286 1.2110882439999999e-16
4366170.7143 1.200992739e-16
4430895.0 1.186306296e-16
4496578.5714 1.1761668840000002e-16
4563236.4286 1.1647415619999999e-16
4630882.1429 1.161580782e-16
4699530.0 1.3581201589999998e-16
4769195.7143 1.144424839e-16
4839894.2857 1.137322063e-16
4911640.7143 1.134772941e-16
4973888.5714 1.1199992140000001e-16
