# freq [Hz]  noise density [V^2/Hz]
1.4285714286 2.6694508080000003e-9
4.2857142857 1.5094572648e-12
5.7142857143 1.5767780101000002e-12
7.1428571429 1.0795345572e-12
8.5714285714 1.1092180339e-12
10.0 5.9749043487e-13
11.428571429 8.491500804999999e-13
12.857142857 1.09595649527e-12
14.285714286 8.542991757899998e-13
15.714285714 7.096118492800001e-13
17.142857143 5.6996485091e-13
18.571428571 5.207724513830001e-13
20.0 6.097688224700001e-13
21.428571429 4.1792133985999997e-13
22.857142857 6.417703338160001e-13
24.285714286 7.2341994473e-13
25.714285714 6.4565174486e-13
27.142857143 3.7672738519e-13
28.571428571 3.023771905432e-13
30.0 3.1461332166999997e-13
31.428571429 4.2031648663e-13
32.857142857 5.18030382535e-13
34.285714286 4.77884127259e-13
35.714285714 4.0678137579000004e-13
37.142857143 3.24154398027e-13
38.571428571 3.4688278209e-13
40.0 4.71770112733e-13
41.428571429 3.558724959e-13
42.857142857 3.4813499748000003e-13
44.285714286 3.5428852938e-13
45.714285714 3.2285046093e-13
47.142857143 2.4813096572e-13
48.571428571 4.033318989500001e-13
50.0 1.0796595999000002e-10
51.428571429 1.9846194749900002e-13
52.857142857 2.5685897232999997e-13
54.285714286 3.5156846012999997e-13
55.714285714 2.048726671262e-13
57.142857143 1.9848603731399998e-13
58.571428571 3.7860222036e-13
60.0 3.217505915e-13
61.428571429 2.3832318498000003e-13
62.857142857 1.7293908575999996e-13
64.285714286 8.972297090999999e-14
65.714285714 1.3530554111099997e-13
67.142857143 2.1448165000999998e-13
68.571428571 2.4041314756999997e-13
70.0 2.1916413684000003e-13
71.428571429 1.8933997649999997e-13
72.857142857 1.5182246305e-13
74.285714286 1.5073354084999997e-13
75.714285714 2.3535779308e-13
77.142857143 1.6785775813900003e-13
78.571428571 2.0055788065e-13
80.0 3.09303091774e-13
81.428571429 1.2877747079e-13
82.857142857 2.0353268354000002e-13
84.285714286 1.3032050916e-13
85.714285714 2.9223269750799996e-13
87.142857143 2.28210117889e-13
88.571428571 1.4633710955e-13
90.0 1.0134339461300001e-13
91.428571429 1.3565998205000001e-13
92.857142857 1.7054544501899998e-13
94.285714286 1.4260701826699999e-13
95.714285714 1.5942298855e-13
97.142857143 1.8902590981e-13
99.285714286 2.3475140267e-13
102.14285714 1.8834274668000002e-13
105.0 1.213715514e-13
107.85714286 1.3759208464300002e-13
110.71428571 1.0598959083000001e-13
113.57142857 2.1502315079e-13
116.42857143 1.7908453549e-13
119.28571429 1.672322178e-13
122.14285714 1.2361310897000002e-13
125.0 1.15883420397e-13
127.85714286 1.1744178144e-13
130.71428571 1.6303847998000002e-13
133.57142857 1.4338227598e-13
136.42857143 1.2166079872e-13
139.28571429 1.30438907092e-13
142.14285714 1.1198691438999998e-13
145.0 1.2200253022299997e-13
147.85714286 1.2456283391000002e-13
150.71428571 3.1482978764999996e-13
153.57142857 1.9025444270999998e-13
156.42857143 1.7197165126e-13
159.28571429 1.3005639755000002e-13
162.14285714 1.3009894602e-13
165.0 1.4826920695e-13
167.85714286 1.3822072363e-13
170.71428571 1.6373105444e-13
173.57142857 1.4875734639e-13
176.42857143 1.0983573987999999e-13
179.28571429 1.5793237222e-13
182.14285714 1.1821372613e-13
185.0 1.0308845751999999e-13
187.85714286 1.4209054319e-13
190.71428571 1.0844002524999997e-13
193.57142857 1.5195191025000001e-13
197.14285714 1.2584065749999998e-13
201.42857143 1.0050368049999999e-13
205.71428571 1.6836955317e-13
210.0 1.1235460872e-13
214.28571429 1.1808033043e-13
218.57142857 1.0212223334e-13
222.85714286 1.0649417722e-13
227.14285714 1.0890961555e-13
231.42857143 1.5062403841000003e-13
235.71428571 8.613650931e-14
240.0 1.4219097936e-13
244.28571429 9.311859539e-14
248.57142857 1.4629533718e-13
252.85714286 1.0834570321e-13
257.14285714 1.2868938877000003e-13
261.42857143 1.1897774092e-13
265.71428571 9.453130001999998e-14
270.0 1.0720419734000002e-13
274.28571429 1.0868790368999998e-13
278.57142857 1.3109848079000003e-13
282.85714286 7.094551187e-14
287.14285714 1.2993255432e-13
291.42857143 1.0179013691000002e-13
296.42857143 7.616765096999998e-14
302.14285714 9.547934201999999e-14
307.85714286 9.074020978999999e-14
313.57142857 1.0144132309e-13
319.28571429 1.2229559346e-13
325.0 1.3229674661000003e-13
330.71428571 8.312242302999999e-14
336.42857143 1.0702590562999999e-13
342.14285714 1.0775458625000001e-13
347.85714286 4.953934323e-13
353.57142857 8.706818926e-14
359.28571429 7.245130416e-14
365.0 9.406659182000002e-14
370.71428571 9.463305885999999e-14
376.42857143 1.0390646996000001e-13
382.14285714 1.0348974686999999e-13
387.85714286 1.2281235948999997e-13
394.28571429 1.0740087783999998e-13
401.42857143 1.1682014405000002e-13
408.57142857 1.046888581e-13
415.71428571 1.0019164788999999e-13
422.85714286 1.0997603627e-13
430.0 1.1167058068e-13
437.14285714 8.969636466000001e-14
444.28571429 9.982968895e-14
451.42857143 2.4458423981000003e-13
458.57142857 1.2251208812e-13
465.71428571 1.1419499749e-13
472.85714286 8.642649125000002e-14
480.0 1.3554148573e-13
487.85714286 1.0723499514000001e-13
496.42857143 9.554497356000001e-14
505.0 9.838268018e-14
513.57142857 8.780716422000002e-14
522.14285714 8.866317091000001e-14
530.71428571 1.0699896024000001e-13
539.28571429 1.0300846311e-13
547.85714286 1.7978162957e-13
556.42857143 1.1775925309e-13
565.0 1.0527146414e-13
573.57142857 7.652732503e-14
582.14285714 1.1163614525e-13
591.42857143 9.229180832e-14
601.42857143 1.0161744694000001e-13
611.42857143 1.1549061828e-13
621.42857143 8.519211251e-14
631.42857143 1.1562238931e-13
641.42857143 1.0650516205e-13
651.42857143 2.1751236956e-13
661.42857143 1.0067815837000001e-13
671.42857143 1.0147026676e-13
682.14285714 1.0427174113999999e-13
693.57142857 8.243156311e-14
705.0 8.976898979e-14
716.42857143 1.1647821040000002e-13
727.85714286 1.1627081889e-13
739.28571429 1.1080104559999999e-13
750.71428571 1.4846962248999998e-13
762.14285714 1.2171275394e-13
773.57142857 1.1311117392999999e-13
785.71428571 1.1666139738999998e-13
798.57142857 1.1347747647000001e-13
811.42857143 1.2130558078999997e-13
824.28571429 1.0276191112000002e-13
837.14285714 1.2590767357000002e-13
850.0 1.4785256977e-13
862.85714286 1.498229692e-13
876.42857143 1.0704137262e-13
890.71428571 1.3495766408e-13
905.0 1.2526868142999999e-13
919.28571429 1.2195857555e-13
933.57142857 1.1845309186e-13
947.85714286 1.8346429340000002e-13
962.14285714 1.2453961822000003e-13
977.14285714 1.18472487e-13
992.85714286 1.2617187309e-13
1008.5714286 1.2683832125999998e-13
1024.2857143 1.3684881917e-13
1040.0 1.2894973392000002e-13
1055.7142857 1.443148003e-13
1072.1428571 1.4313178567e-13
1089.2857143 1.5097896679999998e-13
1106.4285714 1.1444202308e-13
1123.5714286 1.4435904958e-13
1140.7142857 1.4121667900000003e-13
1157.8571429 1.4511527699999998e-13
1175.7142857 1.6145778755e-13
1194.2857143 1.607216197e-13
1212.8571429 1.4885217823e-13
1231.4285714 1.6856729481e-13
1250.0 1.5799167100000002e-13
1269.2857143 1.5497053735000006e-13
1289.2857143 1.490068305e-13
1309.2857143 1.583139583e-13
1329.2857143 1.5490808649999998e-13
1349.2857143 1.612369178e-13
1370.0 1.6518337869999997e-13
1391.4285714 2.0150702350000001e-13
1412.8571429 1.6900480441e-13
1434.2857143 1.810317576e-13
1455.7142857 1.5527452507e-13
1477.8571429 1.881378337e-13
1500.7142857 1.5321337998999998e-13
1523.5714286 1.703002511e-13
1546.4285714 1.8433895069999998e-13
1570.0 1.9212390400000002e-13
1594.2857143 1.868266967e-13
1618.5714286 1.6478657860000003e-13
1642.8571429 1.773558843e-13
1667.8571429 1.8179836350000003e-13
1693.5714286 1.890074256e-13
1719.2857143 1.9316895289999998e-13
1745.0 1.8594926489999998e-13
1771.4285714 1.8204385809999997e-13
1798.5714286 1.9478912539999998e-13
1825.7142857 2.0381779229999997e-13
1853.5714286 2.2601008240000002e-13
1882.1428571 2.294935527e-13
1910.7142857 1.939155508e-13
1939.2857143 1.870292555e-13
1968.5714286 2.0048013310000004e-13
1998.5714286 2.5077065869999995e-13
2028.5714286 2.433723257e-13
2059.2857143 2.3097909919999995e-13
2090.7142857 2.281293778e-13
2122.1428571 2.459970639e-13
2154.2857143 2.403385522e-13
2187.1428571 2.4038805710000006e-13
2220.0 2.1834540699999997e-13
2253.5714286 2.550210103e-13
2287.8571429 2.8153163270000005e-13
2322.1428571 2.587364065e-13
2357.1428571 2.6802550879999997e-13
2392.8571429 2.8383427010000006e-13
2429.2857143 2.957818051e-13
2466.4285714 2.709021084e-13
2503.5714286 2.863293242e-13
2541.4285714 2.9468143620000003e-13
2580.0 2.8143330940000003e-13
2618.5714286 2.901412988e-13
2657.8571429 2.936224964e-13
2697.8571429 2.889243266e-13
2738.5714286 3.4113920369999997e-13
2780.0 3.221211315e-13
2822.1428571 3.214960141e-13
2865.0 2.9405839950000006e-13
2907.8571429 3.698202257e-13
2951.4285714 3.181682614e-13
2995.7142857 3.692949268e-13
3040.7142857 3.6830130699999993e-13
3086.4285714 3.734456353e-13
3132.8571429 3.486378683e-13
3180.0 3.8957262359999997e-13
3227.8571429 3.8784397300000003e-13
3276.4285714 3.8583172989999996e-13
3325.7142857 4.165240448e-13
3375.7142857 4.2827043359999997e-13
3426.4285714 4.472499279e-13
3477.8571429 4.4612530889999997e-13
3530.0 4.626626127000001e-13
3582.8571429 4.368623326e-13
3636.4285714 4.358200351e-13
3691.4285714 5.131792769e-13
3747.1428571 4.807260536999999e-13
3803.5714286 4.843408574e-13
3860.7142857 5.862046256e-13
3918.5714286 5.040495066000001e-13
3977.1428571 5.696938666e-13
4036.4285714 5.716391130000001e-13
4097.1428571 5.892411644999999e-13
4158.5714286 5.807163668e-13
4220.7142857 6.393929396e-13
4284.2857143 6.352447893000001e-13
4348.5714286 6.436177366e-13
4413.5714286 6.536093272e-13
4480.0 7.164630201e-13
4547.1428571 7.145861257000001e-13
4615.0 7.503931077e-13
4684.2857143 6.789325597999999e-13
4754.2857143 7.847564178e-13
4825.0 7.855363265000001e-13
4897.1428571 7.764186099e-13
4970.7142857 8.112070437999998e-13
5045.0 8.808188508000001e-13
5120.0 8.408165895999999e-13
5196.4285714 1.0147936299999999e-12
5274.2857143 9.330207931e-13
5353.5714286 1.0183926016000001e-12
5433.5714286 9.622499767e-13
5514.2857143 9.860781638e-13
5596.4285714 1.0842584997e-12
5680.0 1.1309481166e-12
5765.0 1.1496636578999998e-12
5851.4285714 1.1498750419e-12
5939.2857143 1.2259382513e-12
6028.5714286 1.312577668e-12
6119.2857143 1.34533775e-12
6210.7142857 1.270821491e-12
6302.8571429 1.3643710569999997e-12
6396.4285714 1.4671389519999997e-12
6491.4285714 1.481194534e-12
6587.8571429 1.581686032e-12
6685.7142857 1.6475802089999998e-12
6785.0 1.6937167709999999e-12
6885.7142857 1.7334919e-12
6987.8571429 1.805929538e-12
7092.1428571 1.841938643e-12
7198.5714286 1.916395602e-12
7306.4285714 1.931434482e-12
7415.7142857 2.17209947e-12
7526.4285714 2.1965431950000002e-12
7638.5714286 2.024655567e-12
7752.1428571 2.308603364e-12
7867.8571429 2.129948118e-12
7985.7142857 2.361803368e-12
8105.0 2.531488532e-12
8225.7142857 2.638253383e-12
8347.8571429 2.77414073e-12
8472.1428571 2.780833768e-12
8598.5714286 2.873289002e-12
8726.4285714 3.0648866099999992e-12
8856.4285714 3.1740322050000003e-12
8988.5714286 3.333621453e-12
9122.1428571 3.558101576e-12
9257.8571429 3.7155921789999994e-12
9395.7142857 3.698063711e-12
9535.7142857 4.027048130999999e-12
9677.8571429 4.080431172e-12
9822.1428571 4.172677241e-12
9968.5714286 4.348018601e-12
10117.142857 4.787297308e-12
10267.857143 4.953513194e-12
10420.714286 4.9831339290000005e-12
10575.714286 5.265485365999999e-12
10732.857143 5.623455176e-12
10892.857143 5.5384489540000006e-12
11055.0 5.897833361e-12
11219.285714 6.2392614459999996e-12
11386.428571 6.314366975999999e-12
11556.428571 6.682584753999999e-12
11728.571429 6.497543567000001e-12
11902.857143 7.524383161e-12
12080.0 7.788641746e-12
12260.0 7.932353365000001e-12
12442.857143 8.149897275e-12
12628.571429 8.485006066e-12
12817.142857 8.910403906999998e-12
13007.857143 9.461007171e-12
13200.714286 9.763585847000001e-12
13396.428571 1.0152414897e-11
13595.714286 1.0559274381999999e-11
13798.571429 1.1455352585999998e-11
14004.285714 1.1512854346999998e-11
14212.857143 1.270814069e-11
14424.285714 1.3370843330000003e-11
14638.571429 1.3641884449999998e-11
14856.428571 1.4632892470000002e-11
15077.857143 1.4491791809999998e-11
15302.142857 1.535412799e-11
15529.285714 1.5959466519999997e-11
15760.0 1.727204443e-11
15994.285714 1.854621732e-11
16232.142857 1.754948451e-11
16473.571429 1.8840155519999998e-11
16718.571429 2.060874134e-11
16967.142857 2.179983761e-11
17219.285714 2.199684679e-11
17475.0 2.2973897389999997e-11
17734.285714 2.4597203620000002e-11
17997.857143 2.6630255790000002e-11
18265.714286 2.7329357970000003e-11
18537.142857 2.7461036080000002e-11
18812.142857 2.935510943000001e-11
19091.428571 3.0832555000000006e-11
19375.0 3.2786903349999995e-11
19662.857143 3.370828175e-11
19955.0 3.531408666e-11
20251.428571 3.785795055e-11
20552.142857 3.690791637e-11
20857.142857 4.037583375e-11
21167.142857 4.2874749299999995e-11
21482.142857 4.367189043000001e-11
21801.428571 4.5520758840000005e-11
22125.0 4.8511272900000004e-11
22453.571429 4.9527412020000014e-11
22787.142857 5.0809412189999994e-11
23125.714286 5.236377710999999e-11
23469.285714 5.6285140670000004e-11
23817.857143 5.871229866e-11
24171.428571 5.695416486e-11
24530.0 6.202883802e-11
24894.285714 6.220409511e-11
25264.285714 6.317310516999999e-11
25640.0 6.736579732e-11
26021.428571 6.790989461e-11
26408.571429 6.975715361e-11
26801.428571 7.471382657e-11
27200.0 7.439655990999998e-11
27604.285714 7.865162433999999e-11
28014.285714 7.781863277e-11
28430.0 8.155884006e-11
28852.142857 8.164606440000001e-11
29280.714286 8.301742444000001e-11
29715.714286 8.531617658e-11
30157.142857 8.480737631000001e-11
30605.0 8.738979458e-11
31059.285714 8.976438755e-11
31520.0 9.043498764000001e-11
31987.857143 9.142127897e-11
32462.857143 9.474115182000001e-11
32945.0 9.58097539e-11
33434.285714 9.572337113e-11
33930.714286 9.921436344e-11
34434.285714 1.0043807613000001e-10
34945.0 9.915288601000002e-11
35463.571429 1.0233524738e-10
35990.0 1.0319904202999999e-10
36524.285714 1.0252369191999999e-10
37066.428571 1.0657663503e-10
37616.428571 1.0949279241000002e-10
38175.0 1.0917754399999998e-10
38742.142857 1.0717926099999999e-10
39317.142857 1.115808246e-10
39900.0 1.121175924e-10
40492.142857 1.149797811e-10
41093.571429 1.1397224099999999e-10
41703.571429 1.1503072300000003e-10
42322.142857 1.138402024e-10
42950.0 1.127871098e-10
43587.142857 1.1223627569999998e-10
44233.571429 1.128052854e-10
44890.0 1.0891117799999998e-10
45556.428571 1.0720730593e-10
46232.857143 1.0583908028000001e-10
46919.285714 1.029685048e-10
47615.714286 1.0107012334999999e-10
48322.142857 9.82113593e-11
49039.285714 1.0040675084999998e-10
49767.142857 9.734241636000001e-11
50505.714286 9.841641998000001e-11
51255.0 9.887690915999999e-11
52015.0 9.948339977000001e-11
52786.428571 9.841042055999999e-11
53569.285714 1.0127815564000002e-10
54363.571429 1.0047692940000002e-10
55170.0 1.0159261010999999e-10
55988.571429 1.0314420977000001e-10
56819.285714 1.0444647388999999e-10
57662.142857 1.067377301e-10
58517.142857 1.0821188614999999e-10
59385.0 1.1301606870000001e-10
60265.714286 1.152841905e-10
61159.285714 1.16720805e-10
62066.428571 1.215090012e-10
62987.142857 1.2711196679999997e-10
63921.428571 1.288424876e-10
64870.0 1.332736762e-10
65832.857143 1.3966364149999998e-10
66810.0 1.434813472e-10
67801.428571 1.4427570389999998e-10
68807.142857 1.5871599620000003e-10
69827.857143 1.6164677550000003e-10
70863.571429 1.6896566850000002e-10
71914.285714 1.7413889529999997e-10
72980.714286 1.796111382e-10
74062.857143 1.8890677060000001e-10
75161.428571 2.010196238e-10
76276.428571 2.01401894e-10
77407.857143 2.065857952e-10
78556.428571 2.1396531959999999e-10
79722.142857 2.1942223329999997e-10
80905.0 2.2917927399999999e-10
82105.0 2.362148854e-10
83322.857143 2.387540958e-10
84558.571429 2.470082103e-10
85812.142857 2.454274849e-10
87084.285714 2.518217962e-10
88375.714286 2.5602237350000003e-10
89686.428571 2.662474988e-10
91016.428571 2.6220573549999996e-10
92366.428571 2.621978407e-10
93736.428571 2.5901578489999996e-10
95126.428571 2.56478103e-10
96537.142857 2.5907738890000003e-10
97969.285714 2.617178884e-10
99422.857143 2.507824273e-10
100897.85714 2.497206001e-10
102394.28571 2.437854777e-10
103912.85714 2.426341833e-10
105454.28571 2.357125599e-10
107018.57143 2.282461316e-10
108605.71429 2.266524819e-10
110216.42857 2.130635174e-10
111851.42857 2.0733850169999998e-10
113510.71429 1.994462782e-10
115194.28571 1.917937117e-10
116902.85714 1.814617004e-10
118636.42857 1.755494387e-10
120395.71429 1.641060153e-10
122181.42857 1.582671828e-10
123993.57143 1.522510107e-10
125832.85714 1.4296963479999998e-10
127699.28571 1.3658897349999996e-10
129592.85714 1.3085158390000002e-10
131514.28571 1.230174689e-10
133464.28571 1.178910807e-10
135443.57143 1.1335434519999999e-10
137452.14286 1.0636080600000002e-10
139490.0 1.0585379209999999e-10
141558.57143 1.0068429569e-10
143657.85714 9.712678053e-11
145787.85714 9.775772521e-11
147949.28571 9.602710683000002e-11
150142.85714 9.507204369999999e-11
152369.28571 9.448896978999999e-11
154628.57143 9.362609250999999e-11
156921.42857 9.41524325e-11
159248.57143 9.530114479e-11
161610.0 9.807823441e-11
164006.42857 9.897210581999999e-11
166438.57143 9.917110872e-11
168906.42857 1.0302866252e-10
171410.71429 1.0354508559000002e-10
173952.14286 1.0702591120000001e-10
176531.42857 1.0747671250000001e-10
179149.28571 1.0806628200000001e-10
181805.71429 1.0982619619999998e-10
184501.42857 1.0790853679999997e-10
187237.14286 1.0720956209999999e-10
190013.57143 1.0477840899999999e-10
192831.42857 1.0313430869999999e-10
195690.71429 9.991745040999998e-11
198592.14286 9.437826495e-11
201536.42857 8.955647891999999e-11
204524.28571 8.312979400999999e-11
207556.42857 7.800265276e-11
210633.57143 7.171030258999998e-11
213756.42857 6.623961291e-11
216925.71429 6.051309707000001e-11
220142.14286 5.497234348e-11
223406.42857 4.911872913e-11
226719.28571 4.5180014920000004e-11
230080.71429 4.0595536280000006e-11
233492.14286 3.672924746e-11
236954.28571 3.382042517e-11
240467.14286 3.058367932999999e-11
244032.14286 2.892566379e-11
247650.0 2.6737384900000002e-11
251321.42857 2.5469405010000002e-11
255047.85714 2.456580401e-11
258830.0 2.3858168469999996e-11
262667.85714 2.3314495760000003e-11
266562.14286 2.279953747e-11
270514.28571 2.235169272e-11
274525.0 2.175710602e-11
278595.0 2.139674313e-11
282725.71429 2.063230233e-11
286917.85714 2.001328492e-11
291172.14286 1.88588244e-11
295489.28571 1.77799681e-11
299870.0 1.646137675e-11
304315.71429 1.482873894e-11
308827.85714 1.3185513169999998e-11
313407.14286 1.1647002890000002e-11
318054.28571 1.0276013599999998e-11
322770.0 9.307290811000001e-12
327555.0 7.767197915e-12
332410.71429 6.795794347000001e-12
337338.57143 5.945740462999999e-12
342340.0 5.213646434e-12
347415.71429 4.711888694e-12
352566.42857 4.269994331e-12
357793.57143 3.914233565e-12
363098.57143 3.6343056700000006e-12
368482.14286 3.4533016660000003e-12
373945.0 3.2131020360000005e-12
379488.57143 3.026678069e-12
385114.28571 2.84020678e-12
390823.57143 2.6004149839999996e-12
396617.85714 2.367354561e-12
402497.85714 2.114253862e-12
408465.0 1.88260853e-12
414520.71429 1.6656055459999996e-12
420666.42857 1.440902601e-12
426903.57143 1.2406330620000001e-12
433232.85714 1.0948196699999997e-12
439655.71429 9.621557624999998e-13
446173.57143 8.589117729000001e-13
452787.85714 7.725067023e-13
459500.71429 7.003882409e-13
466313.57143 6.409874811999999e-13
473227.14286 5.860475529e-13
480242.85714 5.456816818e-13
487362.85714 5.051023695000001e-13
494588.57143 4.638994719000001e-13
501920.71429 4.2589463130000006e-13
509361.42857 3.937577163e-13
516912.85714 3.61830671e-13
524576.42857 3.329525544e-13
532353.57143 3.1237943239999997e-13
540245.71429 2.8818019590000003e-13
548255.0 2.6874945630000003e-13
556382.85714 2.508158797e-13
564630.71429 2.314741171e-13
573001.42857 2.158194879e-13
581496.42857 2.013763016e-13
590117.14286 1.892610275e-13
598865.71429 1.711417092e-13
607743.57143 1.5852160940000003e-13
616752.85714 1.4781961180000002e-13
625895.71429 1.35230829e-13
635174.28571 1.246600328e-13
644590.71429 1.1361985629999999e-13
654146.42857 1.0371098200000001e-13
663843.57143 9.286069576000001e-14
673685.0 8.455890603e-14
683672.85714 7.753486722e-14
693808.57143 6.918952545000001e-14
704094.28571 6.439287970999999e-14
714532.14286 5.802939100000001e-14
725125.0 5.351602858999999e-14
735875.0 5.034033785000001e-14
746784.28571 4.597323985e-14
757855.71429 4.335007686e-14
769090.71429 4.2186000369999994e-14
780492.14286 4.1226381109999995e-14
792062.85714 4.213060891e-14
803805.0 4.3301023709999996e-14
815721.42857 4.498818225000001e-14
827814.28571 4.7840510400000004e-14
840086.42857 4.990419461e-14
852540.71429 5.276012462e-14
865179.28571 5.543801245e-14
878005.0 5.78056094e-14
891020.71429 6.042031538999999e-14
904229.28571 6.342951303e-14
917633.57143 6.542757997999999e-14
931237.14286 6.720447928e-14
945042.85714 6.890562655000001e-14
959052.85714 6.90185861e-14
973270.71429 6.924559554e-14
987699.28571 6.805775283e-14
1002341.4286 6.644098627999999e-14
1017200.7143 6.571418961e-14
1032280.0 6.924336246e-14
1047582.8571 7.474614716e-14
1063112.8571 7.606327148e-14
1078872.8571 7.566203973999999e-14
1094866.4286 7.509483628e-14
1111097.1429 7.405847615e-14
1127568.5714 7.159323506e-14
1144284.2857 7.059787746999999e-14
1161247.8571 7.030008899e-14
1178462.8571 7.012596246e-14
1195932.8571 6.703547789e-14
1213662.1429 6.455257595e-14
1231654.2857 6.090454914e-14
1249912.8571 5.749679215999999e-14
1268442.1429 5.407871804e-14
1287246.4286 5.070139157e-14
1306329.2857 4.835010312e-14
1325695.0 4.512397477e-14
1345347.8571 4.123679321e-14
1365292.1429 3.680662027999999e-14
1385532.1429 3.1727566280000004e-14
1406072.1429 2.633252411e-14
1426916.4286 2.0979106760000002e-14
1448069.2857 1.611312848e-14
1469535.7143 1.213403714e-14
1491320.7143 9.359721422e-15
1513428.5714 7.520033855e-15
1535863.5714 6.903114492999999e-15
1558631.4286 1.1809257129999999e-14
1581737.1429 3.165415062e-14
1605185.7143 3.1032497079999994e-14
1628982.1429 1.8889756769999997e-14
1653130.7143 1.0939478650000001e-14
1677637.1429 6.826487566999999e-15
1702507.1429 4.866040387e-15
1727745.7143 3.961816769999999e-15
1753358.5714 3.8216507409999995e-15
1779351.4286 3.725127914e-15
1805729.2857 3.3454193769999998e-15
1832497.8571 3.173964864e-15
1859663.5714 2.8883170330000003e-15
1887232.1429 2.487917715e-15
1915209.2857 2.031406915e-15
1943600.7143 1.5706244049999999e-15
1972412.8571 1.183254875e-15
2001652.1429 9.080863685999999e-16
2031325.0 7.77096265e-16
2061437.8571 7.974233653e-16
2091997.1429 9.224159055999998e-16
2123009.2857 1.118721804e-15
2154480.7143 1.3203117540000001e-15
2186418.5714 1.482989936e-15
2218830.0 1.6256181700000001e-15
2251722.1429 1.6883053370000001e-15
2285102.1429 1.6762429440000001e-15
2318977.1429 1.6801317779999998e-15
2353354.2857 1.7800470669999998e-15
2388240.7143 1.65552992e-15
2423644.2857 1.625736893e-15
2459572.8571 1.6533258390000002e-15
2496034.2857 1.7241233080000003e-15
2533036.4286 1.806033711e-15
2570587.1429 1.8294587149999998e-15
2608694.2857 1.7865887969999998e-15
2647365.7143 1.6344585309999995e-15
2686610.7143 1.4141019660000002e-15
2726437.8571 1.1605998830000001e-15
2766855.0 9.078802801e-16
2807871.4286 6.824478477e-16
2849495.7143 5.130458898000001e-16
2891737.1429 3.997466703e-16
2934605.0 3.717172655e-16
2978107.8571 2.888529252e-16
3022255.7143 2.6647654109999995e-16
3067057.8571 2.515163297e-16
3112524.2857 2.3816251740000005e-16
3158665.0 2.22596724e-16
3205489.2857 2.1080730590000003e-16
3253007.8571 2.036206503e-16
3301230.7143 1.989006977e-16
3350168.5714 1.9645409059999998e-16
3399832.1429 1.926141737e-16
3450231.4286 1.9253664560000002e-16
3501377.8571 2.049703379e-16
3553282.8571 2.8591844409999994e-16
3605957.1429 2.096889945e-16
3659412.1429 2.191542118e-16
3713660.0 2.236623608e-16
3768712.1429 2.1862855519999998e-16
3824580.0 2.0508692009999999e-16
3881275.7143 1.837527591e-16
3938812.1429 1.651605498e-16
3997201.4286 1.52645937e-16
4056456.4286 1.4799096489999999e-16
4116590.0 2.241456356e-16
4177615.0 1.389551761e-16
4239544.2857 1.33901675e-16
4302391.4286 1.290173699e-16
4366170.7143 1.25157244e-16
4430895.0 1.234334053e-16
4496578.5714 1.229873881e-16
4563236.4286 1.2213715819999998e-16
4630882.1429 1.226177368e-16
4699530.0 1.7636953909999999e-16
4769195.7143 1.189741913e-16
4839894.2857 1.1900486659999998e-16
4911640.7143 1.181477516e-16
4973888.5714 1.183862639e-16
