# freq [Hz]  noise density [V^2/Hz]
1.4285714286 2.7000500119999995e-10
4.2857142857 1.8673750343e-12
5.7142857143 1.45349550137e-12
7.1428571429 1.273081223787e-12
8.5714285714 9.116107767e-13
10.0 1.0863838336300002e-12
11.428571429 7.507054266000001e-13
12.857142857 9.342127825e-13
14.285714286 9.624023020999999e-13
15.714285714 8.088358008699999e-13
17.142857143 5.371613653599999e-13
18.571428571 6.659989525700001e-13
20.0 5.192764972199999e-13
21.428571429 4.2553068459e-13
22.857142857 3.1535911496e-13
24.285714286 6.7667067007e-13
25.714285714 5.464681004100001e-13
27.142857143 2.7582450781000004e-13
28.571428571 6.396778929100001e-13
30.0 4.6199336902e-13
31.428571429 4.0895737118999994e-13
32.857142857 4.977027363742999e-13
34.285714286 2.5145754759e-13
35.714285714 3.1294947068e-13
37.142857143 4.023592333499999e-13
38.571428571 1.7178235586e-13
40.0 3.726293506999999e-13
41.428571429 2.5286802391e-13
42.857142857 6.601952784599999e-13
44.285714286 9.9018817802e-14
45.714285714 2.93989149532e-13
47.142857143 1.21439890641e-13
48.571428571 1.2166246753e-13
50.0 1.98567547e-12
51.428571429 3.2309209500000005e-13
52.857142857 1.7429510151e-13
54.285714286 2.6774357262900004e-13
55.714285714 1.6024859438000002e-13
57.142857143 1.8002262077699998e-13
58.571428571 2.5289031109e-13
60.0 6.758801425e-12
61.428571429 1.9400045212e-13
62.857142857 2.210083722e-13
64.285714286 2.6730679695400006e-13
65.714285714 2.5569520646999997e-13
67.142857143 2.343057818e-13
68.571428571 1.619021749e-13
70.0 2.2456057211999998e-13
71.428571429 1.88314495904e-13
72.857142857 1.1669048408999999e-13
74.285714286 1.4398944288e-13
75.714285714 1.4549581312499997e-13
77.142857143 2.7570207535e-13
78.571428571 1.9227749911e-13
80.0 1.4637686423999997e-13
81.428571429 1.4109493633e-13
82.857142857 1.1143192062600002e-13
84.285714286 2.246048654e-13
85.714285714 2.5547390017e-13
87.142857143 2.1280988328e-13
88.571428571 2.715117795e-13
90.0 1.4178994661e-13
91.428571429 1.10789860614e-13
92.857142857 1.4551239534e-13
94.285714286 1.1258548324999998e-13
95.714285714 1.1671400887199998e-13
97.142857143 1.7222792167e-13
99.285714286 1.0023472026000002e-13
102.14285714 1.1159793319999998e-13
105.0 1.7791393835000002e-13
107.85714286 1.3872643082000001e-13
110.71428571 1.3820961336e-13
113.57142857 1.6687367915e-13
116.42857143 1.4970105611e-13
119.28571429 1.2962523195e-12
122.14285714 1.8757922385000001e-13
125.0 1.0180728172999999e-13
127.85714286 1.2910884949e-13
130.71428571 1.2526744861000002e-13
133.57142857 9.155443772e-14
136.42857143 1.3447601603e-13
139.28571429 9.809559782000001e-14
142.14285714 1.1089262582e-13
145.0 1.2629518126e-13
147.85714286 1.3527198603e-13
150.71428571 1.3890166201999997e-13
153.57142857 7.9946378488e-14
156.42857143 1.86309140894e-13
159.28571429 9.154220760699999e-14
162.14285714 1.3322648398999998e-13
165.0 9.894942605e-14
167.85714286 1.3288937789999998e-13
170.71428571 9.658565558e-14
173.57142857 1.3004557863e-13
176.42857143 1.1192332538e-13
179.28571429 1.6085626060999999e-13
182.14285714 8.166964905999998e-14
185.0 1.14028683713e-13
187.85714286 1.3087962511e-13
190.71428571 1.1497585928999999e-13
193.57142857 1.0785881112000001e-13
197.14285714 1.2305801067e-13
201.42857143 8.620171949e-14
205.71428571 1.1534405845e-13
210.0 8.319808659000001e-14
214.28571429 1.0482640287000002e-13
218.57142857 1.2485517344e-13
222.85714286 1.0666715771e-13
227.14285714 6.904936386e-14
231.42857143 1.0383566127999999e-13
235.71428571 1.1918437951e-13
240.0 1.7493387001e-13
244.28571429 1.1758816405e-13
248.57142857 8.0092984714e-14
252.85714286 1.1796211796999998e-13
257.14285714 9.774888975000002e-14
261.42857143 9.049968e-14
265.71428571 8.807937616e-14
270.0 8.694209334e-14
274.28571429 1.0539681996e-13
278.57142857 8.574585303e-14
282.85714286 8.115085148e-14
287.14285714 1.1572478610000002e-13
291.42857143 1.1983419658e-13
296.42857143 1.1465555151e-13
302.14285714 1.8727410239e-13
307.85714286 7.746981810000001e-14
313.57142857 8.504783330999999e-14
319.28571429 8.547397030999999e-14
325.0 8.074650183000002e-14
330.71428571 9.822190984000002e-14
336.42857143 8.025905507999999e-14
342.14285714 8.366584671e-14
347.85714286 7.700175060000001e-14
353.57142857 7.3932993598e-14
359.28571429 1.6343602840999998e-13
365.0 9.161384618999999e-14
370.71428571 6.668826556000001e-14
376.42857143 6.778510086e-14
382.14285714 9.978070385999999e-14
387.85714286 9.692577836e-14
394.28571429 8.879406601e-14
401.42857143 8.463451849e-14
408.57142857 8.481511991999999e-14
415.71428571 8.805642788000001e-14
422.85714286 1.3774628352999999e-13
430.0 5.658694061000001e-14
437.14285714 7.523319679999998e-14
444.28571429 9.178438639e-14
451.42857143 1.0094367593000001e-13
458.57142857 9.753906355e-14
465.71428571 1.0482296054e-13
472.85714286 7.445541032e-14
480.0 1.1184148573e-13
487.85714286 7.549159242e-14
496.42857143 8.624258088999999e-14
505.0 8.032680908999999e-14
513.57142857 7.210692273999999e-14
522.14285714 8.370457373e-14
530.71428571 6.216922419e-14
539.28571429 9.522214612000001e-14
547.85714286 6.841328598e-14
556.42857143 7.191018531000001e-14
565.0 7.865091110000001e-14
573.57142857 7.248825698000001e-14
582.14285714 7.117471185e-14
591.42857143 9.533854137e-14
601.42857143 9.226908777e-14
611.42857143 8.949078431e-14
621.42857143 6.428617787999998e-14
631.42857143 7.935864699000001e-14
641.42857143 8.385791396e-14
651.42857143 7.892517313e-14
661.42857143 8.583578211999999e-14
671.42857143 7.753334858000001e-14
682.14285714 8.68993765e-14
693.57142857 8.987269809999999e-14
705.0 8.833664602999999e-14
716.42857143 6.834907732000001e-14
727.85714286 8.766533234e-14
739.28571429 7.902333575e-14
750.71428571 6.508705557e-14
762.14285714 8.633107830999999e-14
773.57142857 7.131915100999999e-14
785.71428571 7.183435024e-14
798.57142857 7.265621597e-14
811.42857143 7.295508872000001e-14
824.28571429 6.589509355000002e-14
837.14285714 7.203842989e-14
850.0 7.124846766e-14
862.85714286 8.100937527e-14
876.42857143 7.394493215e-14
890.71428571 6.749520585999999e-14
905.0 7.590544072999998e-14
919.28571429 8.582938089e-14
933.57142857 7.249818375e-14
947.85714286 8.57251689e-14
962.14285714 7.530773176e-14
977.14285714 8.047624309e-14
992.85714286 6.467844022999998e-14
1008.5714286 7.53041203e-14
1024.2857143 8.516107317e-14
1040.0 7.037351541e-14
1055.7142857 7.281119302e-14
1072.1428571 7.666259045000001e-14
1089.2857143 7.835408320000001e-14
1106.4285714 7.929943964e-14
1123.5714286 7.669514228999999e-14
1140.7142857 6.906982133000001e-14
1157.8571429 7.593303145e-14
1175.7142857 7.733835321999999e-14
1194.2857143 7.627159078000001e-14
1212.8571429 6.303604240000001e-14
1231.4285714 7.711472365e-14
1250.0 8.233936384e-14
1269.2857143 6.672826237e-14
1289.2857143 7.594931460000001e-14
1309.2857143 6.947814291e-14
1329.2857143 7.511512752e-14
1349.2857143 6.502617455e-14
1370.0 7.214551002e-14
1391.4285714 8.460793814e-14
1412.8571429 8.375817995e-14
1434.2857143 6.804141101999998e-14
1455.7142857 7.11339461e-14
1477.8571429 6.256683561999999e-14
1500.7142857 6.984245688e-14
1523.5714286 7.057488235e-14
1546.4285714 8.032081419000001e-14
1570.0 8.315134917e-14
1594.2857143 6.694490537999999e-14
1618.5714286 6.649904269e-14
1642.8571429 7.327013713e-14
1667.8571429 8.490461609000002e-14
1693.5714286 6.580912978999999e-14
1719.2857143 6.852282738e-14
1745.0 7.438283088e-14
1771.4285714 7.521823451e-14
1798.5714286 8.230328972000001e-14
1825.7142857 7.011988667e-14
1853.5714286 7.05005858e-14
1882.1428571 7.599063318e-14
1910.7142857 6.657317798e-14
1939.2857143 7.15726957e-14
1968.5714286 7.752193207e-14
1998.5714286 7.129043297e-14
2028.5714286 6.617269924000001e-14
2059.2857143 6.492169205999999e-14
2090.7142857 7.759173525e-14
2122.1428571 7.320593284e-14
2154.2857143 6.942330302999999e-14
2187.1428571 7.577524152e-14
2220.0 6.862533314e-14
2253.5714286 6.720828802999999e-14
2287.8571429 6.474873256e-14
2322.1428571 7.327030544e-14
2357.1428571 7.000395999e-14
2392.8571429 6.742457591000001e-14
2429.2857143 6.981266630999999e-14
2466.4285714 7.112318698000001e-14
2503.5714286 7.151320252e-14
2541.4285714 5.906953183e-14
2580.0 6.946818553e-14
2618.5714286 7.183896116e-14
2657.8571429 7.383888965999999e-14
2697.8571429 7.165994273e-14
2738.5714286 6.792856835e-14
2780.0 7.055490482000001e-14
2822.1428571 5.920893877000001e-14
2865.0 7.039606523e-14
2907.8571429 6.187342724e-14
2951.4285714 7.33417614e-14
2995.7142857 6.406590419e-14
3040.7142857 6.676013691999999e-14
3086.4285714 7.577181248e-14
3132.8571429 7.149831237000001e-14
3180.0 7.460589690000001e-14
3227.8571429 6.524326808999999e-14
3276.4285714 6.751091584000001e-14
3325.7142857 6.986028854e-14
3375.7142857 7.017898885e-14
3426.4285714 6.969856704000001e-14
3477.8571429 6.560551339e-14
3530.0 7.247670206999999e-14
3582.8571429 7.552043597999999e-14
3636.4285714 6.29870594e-14
3691.4285714 6.830489952e-14
3747.1428571 6.530145085999999e-14
3803.5714286 6.967512537e-14
3860.7142857 7.206192857000001e-14
3918.5714286 7.198960563e-14
3977.1428571 6.956911368e-14
4036.4285714 6.193473545e-14
4097.1428571 6.915281705e-14
4158.5714286 6.499174236e-14
4220.7142857 6.582303463000001e-14
4284.2857143 6.532181009e-14
4348.5714286 6.523606619999999e-14
4413.5714286 6.870017639999999e-14
4480.0 6.490607442000001e-14
4547.1428571 6.59881593e-14
4615.0 6.539496848999999e-14
4684.2857143 6.771980606e-14
4754.2857143 6.578465006000001e-14
4825.0 7.237693853e-14
4897.1428571 6.763342444000001e-14
4970.7142857 7.132056073000001e-14
5045.0 6.746080594999999e-14
5120.0 7.083605580000001e-14
5196.4285714 6.845591286e-14
5274.2857143 6.202849175e-14
5353.5714286 6.907608633e-14
5433.5714286 6.596589759000001e-14
5514.2857143 6.802031707e-14
5596.4285714 7.003268255000001e-14
5680.0 6.959578607e-14
5765.0 6.475902911e-14
5851.4285714 6.763189042999999e-14
5939.2857143 6.804867872999999e-14
6028.5714286 6.397579222000001e-14
6119.2857143 7.056432814000001e-14
6210.7142857 6.37274388e-14
6302.8571429 6.545825033999999e-14
6396.4285714 6.921324992e-14
6491.4285714 6.748258382e-14
6587.8571429 6.848073628e-14
6685.7142857 6.786293429e-14
6785.0 6.79797645e-14
6885.7142857 6.574141826000001e-14
6987.8571429 6.92532518e-14
7092.1428571 7.127285208e-14
7198.5714286 7.073813886999999e-14
7306.4285714 6.617168570999999e-14
7415.7142857 6.797810389e-14
7526.4285714 6.871442722e-14
7638.5714286 6.44169594e-14
7752.1428571 6.823557557000001e-14
7867.8571429 6.508600089000001e-14
7985.7142857 7.023688471000001e-14
8105.0 6.32417532e-14
8225.7142857 6.805411095e-14
8347.8571429 6.443196498000002e-14
8472.1428571 7.040388018999999e-14
8598.5714286 6.467742082e-14
8726.4285714 6.999029925000001e-14
8856.4285714 7.22890648e-14
8988.5714286 6.563748958000001e-14
9122.1428571 6.146036918e-14
9257.8571429 7.082995417e-14
9395.7142857 6.704757221999999e-14
9535.7142857 6.609480792e-14
9677.8571429 6.510049259999999e-14
9822.1428571 6.540852266999999e-14
9968.5714286 6.875520069e-14
10117.142857 6.684184652999999e-14
10267.857143 6.579382903e-14
10420.714286 6.596671699e-14
10575.714286 6.818245212e-14
10732.857143 6.795030523e-14
10892.857143 6.708002921e-14
11055.0 6.653585629000001e-14
11219.285714 6.547761257e-14
11386.428571 6.59643168e-14
11556.428571 6.344403513e-14
11728.571429 6.688900214000001e-14
11902.857143 6.614337667e-14
12080.0 6.593499812e-14
12260.0 6.956459316000001e-14
12442.857143 6.992784535e-14
12628.571429 6.802894645e-14
12817.142857 6.607415231e-14
13007.857143 6.737665178e-14
13200.714286 7.073309468e-14
13396.428571 6.238221962000001e-14
13595.714286 6.59148648e-14
13798.571429 6.990486999e-14
14004.285714 6.282347062999999e-14
14212.857143 6.739279368e-14
14424.285714 6.809982823e-14
14638.571429 6.742227918e-14
14856.428571 6.66929263e-14
15077.857143 6.788603149e-14
15302.142857 6.967937004e-14
15529.285714 6.748043300000001e-14
15760.0 6.79440722e-14
15994.285714 6.497740688e-14
16232.142857 6.923700205000001e-14
16473.571429 6.68583588e-14
16718.571429 6.873601492000001e-14
16967.142857 6.592538440999999e-14
17219.285714 6.777399192e-14
17475.0 6.726159074000001e-14
17734.285714 6.961518177e-14
17997.857143 6.945161471000002e-14
18265.714286 6.597276621e-14
18537.142857 6.575853505e-14
18812.142857 6.769744131e-14
19091.428571 6.884254110999999e-14
19375.0 6.769666097e-14
19662.857143 6.651695208999999e-14
19955.0 6.872264344e-14
20251.428571 6.842481772e-14
20552.142857 7.017898134e-14
20857.142857 6.892567302000001e-14
21167.142857 6.958903331e-14
21482.142857 6.886669989e-14
21801.428571 6.821282104e-14
22125.0 6.855458097000001e-14
22453.571429 6.536681669000001e-14
22787.142857 6.878827433e-14
23125.714286 6.82919163e-14
23469.285714 7.188047199e-14
23817.857143 6.738415298e-14
24171.428571 6.857269146e-14
24530.0 6.585662279000001e-14
24894.285714 6.586915856999998e-14
25264.285714 7.071131372e-14
25640.0 6.762202249e-14
26021.428571 6.890865141e-14
26408.571429 6.983133888e-14
26801.428571 6.905819089999999e-14
27200.0 6.755271843e-14
27604.285714 6.764704091999999e-14
28014.285714 6.651001533000001e-14
28430.0 6.818021894e-14
28852.142857 6.928554152000001e-14
29280.714286 6.885259316e-14
29715.714286 6.798896913000001e-14
30157.142857 6.805749002000001e-14
30605.0 7.014319453000001e-14
31059.285714 6.829645653e-14
31520.0 7.025332342e-14
31987.857143 6.981668025000001e-14
32462.857143 6.908787855000001e-14
32945.0 7.031094015000001e-14
33434.285714 6.730695245e-14
33930.714286 7.028379752e-14
34434.285714 6.977922601e-14
34945.0 7.123041074e-14
35463.571429 6.888483951999999e-14
35990.0 6.908839362e-14
36524.285714 7.027587189e-14
37066.428571 6.915275896e-14
37616.428571 6.995411398999998e-14
38175.0 7.063727202e-14
38742.142857 6.935352408e-14
39317.142857 7.134819503999999e-14
39900.0 6.973128196000001e-14
40492.142857 7.034331679e-14
41093.571429 6.821267761000001e-14
41703.571429 6.922581468999999e-14
42322.142857 7.175779994e-14
42950.0 7.063884637e-14
43587.142857 7.099998495e-14
44233.571429 7.113523738e-14
44890.0 7.065836530000001e-14
45556.428571 7.121970201000001e-14
46232.857143 7.138049011e-14
46919.285714 7.124038474000001e-14
47615.714286 7.072160767e-14
48322.142857 7.031646405e-14
49039.285714 7.053970083e-14
49767.142857 7.402423999999999e-14
50505.714286 7.196024137e-14
51255.0 7.372386444e-14
52015.0 7.240463088e-14
52786.428571 7.452504371e-14
53569.285714 7.284883535000002e-14
54363.571429 7.202366872e-14
55170.0 7.366746737000001e-14
55988.571429 7.295197196e-14
56819.285714 7.364682628e-14
57662.142857 7.410695938e-14
58517.142857 7.445541024000001e-14
59385.0 7.470576226e-14
60265.714286 7.304944514999999e-14
61159.285714 7.508389367000001e-14
62066.428571 7.415482865999999e-14
62987.142857 7.620593709000001e-14
63921.428571 7.489241658000001e-14
64870.0 7.51850031e-14
65832.857143 7.488999789000001e-14
66810.0 7.461161328e-14
67801.428571 7.487425978999999e-14
68807.142857 7.603900386e-14
69827.857143 7.633004855999999e-14
70863.571429 7.732191061000001e-14
71914.285714 7.722585090000001e-14
72980.714286 7.661935202999999e-14
74062.857143 7.61322429e-14
75161.428571 7.757477886999998e-14
76276.428571 7.742240252e-14
77407.857143 7.710659231000001e-14
78556.428571 7.791782087000001e-14
79722.142857 8.000027178e-14
80905.0 7.979757439999999e-14
82105.0 8.037488562e-14
83322.857143 7.952917922000001e-14
84558.571429 8.007773788999999e-14
85812.142857 8.129230092000001e-14
87084.285714 8.099689551e-14
88375.714286 8.445744145999999e-14
89686.428571 8.105819129e-14
91016.428571 8.110856585999998e-14
92366.428571 8.246749272999999e-14
93736.428571 8.330289572e-14
95126.428571 8.232509399e-14
96537.142857 8.139459593e-14
97969.285714 8.371975774e-14
99422.857143 8.351769917e-14
100897.85714 8.482157231999999e-14
102394.28571 8.395508462e-14
103912.85714 8.515531899000001e-14
105454.28571 8.330614636e-14
107018.57143 8.545899924e-14
108605.71429 8.522316575999999e-14
110216.42857 8.496902874e-14
111851.42857 8.563202785e-14
113510.71429 8.632328975999999e-14
115194.28571 8.576299417999999e-14
116902.85714 8.886048358e-14
118636.42857 8.633069782e-14
120395.71429 8.695737001999999e-14
122181.42857 8.774180246000002e-14
123993.57143 8.923950455e-14
125832.85714 8.639391099e-14
127699.28571 8.698798239000001e-14
129592.85714 8.909495405e-14
131514.28571 8.730957585000001e-14
133464.28571 8.637078375999999e-14
135443.57143 8.963390829000002e-14
137452.14286 8.946476658e-14
139490.0 8.856374429e-14
141558.57143 8.912928917000001e-14
143657.85714 8.747231286999999e-14
145787.85714 9.459814788e-14
147949.28571 8.899942572000001e-14
150142.85714 8.887765526e-14
152369.28571 8.919705263999999e-14
154628.57143 8.876388138e-14
156921.42857 8.684500301999998e-14
159248.57143 8.888544715e-14
161610.0 8.765383887e-14
164006.42857 8.836720869e-14
166438.57143 8.736634631000001e-14
168906.42857 8.879165364e-14
171410.71429 8.586064037e-14
173952.14286 8.623684572999999e-14
176531.42857 8.96360618e-14
179149.28571 8.549567147999999e-14
181805.71429 8.597569528999999e-14
184501.42857 8.574271703e-14
187237.14286 8.532194085999999e-14
190013.57143 8.307355451999999e-14
192831.42857 8.409695063000002e-14
195690.71429 8.188623981e-14
198592.14286 8.157414875999999e-14
201536.42857 8.019447291999999e-14
204524.28571 9.065374345999999e-14
207556.42857 8.119940656999998e-14
210633.57143 7.898083278e-14
213756.42857 7.832032444000001e-14
216925.71429 7.635131082000001e-14
220142.14286 7.615347987e-14
223406.42857 7.496349295999999e-14
226719.28571 7.513501429999999e-14
230080.71429 7.323568553000001e-14
233492.14286 7.851345025999999e-14
236954.28571 7.105777362999999e-14
240467.14286 7.110027392e-14
244032.14286 6.812325637e-14
247650.0 6.753663087e-14
251321.42857 6.738666050000001e-14
255047.85714 6.59767104e-14
258830.0 6.446568186e-14
262667.85714 7.239186238999998e-14
266562.14286 6.225114536000001e-14
270514.28571 6.096265321e-14
274525.0 5.919685391e-14
278595.0 5.798160350999999e-14
282725.71429 5.6519178390000006e-14
286917.85714 5.626547089e-14
291172.14286 5.823377851000001e-14
295489.28571 5.2923126289999994e-14
299870.0 5.157068658999999e-14
304315.71429 5.0251949230000004e-14
308827.85714 4.9134813059999996e-14
313407.14286 4.8135560369999994e-14
318054.28571 4.683128819000001e-14
322770.0 5.5909121389999994e-14
327555.0 4.443642444e-14
332410.71429 4.327570376e-14
337338.57143 4.166167258e-14
342340.0 4.065211653e-14
347415.71429 3.938931380999999e-14
352566.42857 3.9834485949999995e-14
357793.57143 3.752620903e-14
363098.57143 3.6328840569999994e-14
368482.14286 3.473770055e-14
373945.0 3.3803195150000006e-14
379488.57143 3.413835124e-14
385114.28571 3.191800081e-14
390823.57143 3.0796795479999995e-14
396617.85714 2.9834647980000003e-14
402497.85714 2.878810302999999e-14
408465.0 2.8270388619999995e-14
414520.71429 2.7009395270000003e-14
420666.42857 2.599722768e-14
426903.57143 2.5153025140000003e-14
433232.85714 2.4123212039999998e-14
439655.71429 2.337867406e-14
446173.57143 2.2482610000000003e-14
452787.85714 2.1818177120000002e-14
459500.71429 2.105710887e-14
466313.57143 2.0482432789999997e-14
473227.14286 1.955532864e-14
480242.85714 1.872234908e-14
487362.85714 1.826373381e-14
494588.57143 1.744097426e-14
501920.71429 1.6882778690000003e-14
509361.42857 1.6190668359999998e-14
516912.85714 1.555568689e-14
524576.42857 1.50150364e-14
532353.57143 1.4496814440000004e-14
540245.71429 1.4096012420000001e-14
548255.0 1.338185683e-14
556382.85714 1.3092438909999999e-14
564630.71429 1.247443585e-14
573001.42857 1.1967367009999999e-14
581496.42857 1.156351315e-14
590117.14286 1.107480652e-14
598865.71429 1.0694567770000001e-14
607743.57143 1.025401422e-14
616752.85714 9.938703434999999e-15
625895.71429 9.388253689000001e-15
635174.28571 9.042630961000001e-15
644590.71429 8.800504028999999e-15
654146.42857 8.359627300999999e-15
663843.57143 8.007538698e-15
673685.0 8.093602867000001e-15
683672.85714 7.454784136999999e-15
693808.57143 7.15090441e-15
704094.28571 6.96030419e-15
714532.14286 6.548421281000001e-15
725125.0 6.331982255e-15
735875.0 6.223524057e-15
746784.28571 5.8240473979999995e-15
757855.71429 5.647705337999999e-15
769090.71429 5.34380476e-15
780492.14286 5.137248325000001e-15
792062.85714 5.000545738e-15
803805.0 4.7746741590000005e-15
815721.42857 4.574553826999999e-15
827814.28571 4.398304128e-15
840086.42857 4.2149446470000004e-15
852540.71429 4.095364754e-15
865179.28571 3.868382709e-15
878005.0 3.717767244e-15
891020.71429 3.5622231090000004e-15
904229.28571 3.4509387329999996e-15
917633.57143 3.2992108610000004e-15
931237.14286 3.179033435e-15
945042.85714 3.0446695339999996e-15
959052.85714 2.9425430830000003e-15
973270.71429 2.813990036e-15
987699.28571 2.721383122e-15
1002341.4286 2.596405058e-15
1017200.7143 2.5054681529999998e-15
1032280.0 2.393444678e-15
1047582.8571 2.3081349899999998e-15
1063112.8571 2.206307076e-15
1078872.8571 2.139199806e-15
1094866.4286 2.041971046e-15
1111097.1429 1.9592713980000003e-15
1127568.5714 1.89570536e-15
1144284.2857 1.827603061e-15
1161247.8571 1.7428990649999998e-15
1178462.8571 1.681869532e-15
1195932.8571 1.628669121e-15
1213662.1429 1.5527073079999998e-15
1231654.2857 1.503995308e-15
1249912.8571 1.4540186620000002e-15
1268442.1429 1.388389199e-15
1287246.4286 1.3322385679999998e-15
1306329.2857 1.2918013409999999e-15
1325695.0 1.2417814209999999e-15
1345347.8571 1.1935399170000001e-15
1365292.1429 1.155212535e-15
1385532.1429 1.1060208090000001e-15
1406072.1429 1.063989928e-15
1426916.4286 1.039658232e-15
1448069.2857 9.839280103e-16
1469535.7143 9.573030019e-16
1491320.7143 9.308614013e-16
1513428.5714 8.879914215e-16
1535863.5714 8.534342137e-16
1558631.4286 8.298014842e-16
1581737.1429 7.984773379e-16
1605185.7143 7.738693238e-16
1628982.1429 7.39985231e-16
1653130.7143 7.099155901e-16
1677637.1429 6.955059277e-16
1702507.1429 6.665340516e-16
1727745.7143 6.472065715e-16
1753358.5714 6.233706687e-16
1779351.4286 6.060272727e-16
1805729.2857 5.789994694e-16
1832497.8571 5.63724034e-16
1859663.5714 5.414373168e-16
1887232.1429 5.236425593e-16
1915209.2857 5.052915698e-16
1943600.7143 4.868117575999999e-16
1972412.8571 4.822243144999999e-16
2001652.1429 4.555093146e-16
2031325.0 4.51536534e-16
2061437.8571 4.32265631e-16
2091997.1429 4.176909872e-16
2123009.2857 4.0299225040000006e-16
2154480.7143 3.8476117370000007e-16
2186418.5714 3.736585794e-16
2218830.0 3.6165209179999997e-16
2251722.1429 3.50970992e-16
2285102.1429 3.3809122529999997e-16
2318977.1429 3.3071743469999994e-16
2353354.2857 3.317916089e-16
2388240.7143 3.1233180930000004e-16
2423644.2857 3.1098234859999997e-16
2459572.8571 2.9111232240000003e-16
2496034.2857 2.921002232e-16
2533036.4286 2.8432745839999996e-16
2570587.1429 2.647511498e-16
2608694.2857 2.6683635889999996e-16
2647365.7143 2.6147461399999997e-16
2686610.7143 2.426029696e-16
2726437.8571 2.4133535330000006e-16
2766855.0 2.3853541299999997e-16
2807871.4286 2.2175641399999996e-16
2849495.7143 2.24641379e-16
2891737.1429 2.143147712e-16
2934605.0 2.136756593e-16
2978107.8571 1.9772484570000002e-16
3022255.7143 2.0333234440000003e-16
3067057.8571 1.9466463740000002e-16
3112524.2857 1.913807333e-16
3158665.0 1.777338293e-16
3205489.2857 1.805362718e-16
3253007.8571 1.763115155e-16
3301230.7143 1.7247634430000002e-16
3350168.5714 1.844308599e-16
3399832.1429 1.87897119e-16
3450231.4286 1.606977406e-16
3501377.8571 1.9313652799999996e-16
3553282.8571 2.0316090220000004e-16
3605957.1429 1.98748095e-16
3659412.1429 1.776236448e-16
3713660.0 1.5346226709999999e-16
3768712.1429 1.4643434690000001e-16
3824580.0 1.368387957e-16
3881275.7143 1.312772274e-16
3938812.1429 1.281226647e-16
3997201.4286 1.238063554e-16
4056456.4286 1.212297093e-16
4116590.0 1.1936938650000002e-16
4177615.0 1.169862031e-16
4239544.2857 1.148452578e-16
4302391.4286 1.1270507800000002e-16
4366170.7143 1.108672885e-16
4430895.0 1.093161931e-16
4496578.5714 1.0826445939999998e-16
4563236.4286 1.073470075e-16
4630882.1429 1.064484352e-16
4699530.0 1.0591502509999999e-16
4769195.7143 1.0524407249999999e-16
4839894.2857 1.0439067489999999e-16
4911640.7143 1.0444696390000001e-16
4973888.5714 1.042083187e-16
