# freq [Hz]  noise density [V^2/Hz]
1.4285714286 2.38754924e-10
4.2857142857 1.5166519324999997e-12
5.7142857143 1.37891047333e-12
7.1428571429 1.5656357236099995e-12
8.5714285714 1.0857896806999998e-12
10.0 1.077100290537e-12
11.428571429 1.1847631738989999e-12
12.857142857 8.17228972056e-13
14.285714286 8.614986638799998e-13
15.714285714 5.9259061841e-13
17.142857143 4.68239484291e-13
18.571428571 6.920934646e-13
20.0 5.4786689612e-13
21.428571429 4.2427268483999996e-13
22.857142857 5.268577946599999e-13
24.285714286 3.79286159045e-13
25.714285714 5.257907867900001e-13
27.142857143 3.5475635254e-13
28.571428571 6.178624192e-13
30.0 4.4500968903000005e-13
31.428571429 4.5707894214e-13
32.857142857 5.8296981707e-13
34.285714286 2.9470072708e-13
35.714285714 2.9265327926999997e-13
37.142857143 1.4731760532e-13
38.571428571 2.9569198656999995e-13
40.0 2.7671989248429996e-13
41.428571429 2.3149863923999996e-13
42.857142857 2.5640448199e-13
44.285714286 2.6274556153e-13
45.714285714 1.3194029583550005e-13
47.142857143 2.8697419350999997e-13
48.571428571 1.6263112563999998e-13
50.0 3.255949988e-12
51.428571429 2.9775182898899996e-13
52.857142857 1.74477272e-13
54.285714286 2.2209944914799997e-13
55.714285714 1.1231882936000002e-13
57.142857143 2.8153015107000003e-13
58.571428571 1.2002549135e-13
60.0 1.1481904559999999e-10
61.428571429 1.24949021457e-13
62.857142857 1.94343927724e-13
64.285714286 9.706683456e-14
65.714285714 1.87026387497e-13
67.142857143 1.6221065376999999e-13
68.571428571 2.432688709e-13
70.0 1.7315221042100001e-13
71.428571429 5.865061905800001e-14
72.857142857 1.75810845098e-13
74.285714286 2.1991475537499997e-13
75.714285714 1.2819068074999999e-13
77.142857143 1.21408912178e-13
78.571428571 1.46829417424e-13
80.0 1.3331905247e-13
81.428571429 1.5715090518e-13
82.857142857 1.41485783376e-13
84.285714286 2.1493393855000004e-13
85.714285714 1.68366749315e-13
87.142857143 2.3679123122e-13
88.571428571 1.5746344058999998e-13
90.0 1.87017519964e-13
91.428571429 2.0379568510999996e-13
92.857142857 1.6480090841000002e-13
94.285714286 1.7247410648899998e-13
95.714285714 1.6141207534e-13
97.142857143 2.3871847899400003e-13
99.285714286 3.0879776739999997e-13
102.14285714 1.3312219356999999e-13
105.0 1.8168327264999999e-13
107.85714286 2.0175129413e-13
110.71428571 1.7892193308000002e-13
113.57142857 1.6893042001999998e-13
116.42857143 1.3706909327e-13
119.28571429 1.8504171090000002e-11
122.14285714 1.1437968908000003e-13
125.0 8.564624686e-14
127.85714286 1.5285509225e-13
130.71428571 7.1044712411e-14
133.57142857 1.0867889995999999e-13
136.42857143 9.864457977000002e-14
139.28571429 1.2389275908e-13
142.14285714 1.02745432328e-13
145.0 9.891233090999999e-14
147.85714286 1.1353110980999998e-13
150.71428571 1.6478194345e-13
153.57142857 7.705096429e-14
156.42857143 8.795752494000002e-14
159.28571429 1.4771709531000002e-13
162.14285714 1.1942063904e-13
165.0 1.0722699311000002e-13
167.85714286 9.649603792e-14
170.71428571 1.3187063653999999e-13
173.57142857 6.492679242e-14
176.42857143 1.1724374471999998e-13
179.28571429 6.725385001e-13
182.14285714 1.373551737e-13
185.0 1.3813145498e-13
187.85714286 1.2199628929999998e-13
190.71428571 1.6601604758e-13
193.57142857 1.16076843463e-13
197.14285714 1.4645785334999998e-13
201.42857143 1.257226974e-13
205.71428571 1.3198623498000002e-13
210.0 7.440409669999999e-14
214.28571429 9.464256211000001e-14
218.57142857 1.0808790438e-13
222.85714286 1.5858770706999998e-13
227.14285714 9.334583222000001e-14
231.42857143 1.1449841298e-13
235.71428571 1.0842371472999999e-13
240.0 1.3997852590000002e-12
244.28571429 1.2451957803e-13
248.57142857 1.0834149257000001e-13
252.85714286 1.0870340281e-13
257.14285714 1.238307858e-13
261.42857143 6.747154423e-14
265.71428571 7.982719907e-14
270.0 9.261275540999999e-14
274.28571429 1.0671853360999998e-13
278.57142857 8.278176845999999e-14
282.85714286 1.0314863386999999e-13
287.14285714 1.0909796944000001e-13
291.42857143 1.0790612493000002e-13
296.42857143 8.719622110999999e-14
302.14285714 2.0264445330000003e-12
307.85714286 8.835650403000001e-14
313.57142857 6.517997403e-14
319.28571429 8.312467429e-14
325.0 1.3081826682000002e-13
330.71428571 9.771640162e-14
336.42857143 1.0054863825000001e-13
342.14285714 7.858226984999999e-14
347.85714286 1.0295568471e-13
353.57142857 7.999629864e-14
359.28571429 1.4807360329999999e-12
365.0 7.354244111999998e-14
370.71428571 9.29743608e-14
376.42857143 7.275702162e-14
382.14285714 8.766693211e-14
387.85714286 8.92400186e-14
394.28571429 8.718848154e-14
401.42857143 9.656055235000001e-14
408.57142857 8.424519484e-14
415.71428571 5.519243020999999e-14
422.85714286 1.1955529583000001e-12
430.0 1.1765384026e-13
437.14285714 8.706998108000001e-14
444.28571429 7.707120255e-14
451.42857143 1.083397026e-13
458.57142857 8.425689119999999e-14
465.71428571 7.072980027e-14
472.85714286 9.406138734e-14
480.0 1.2740446590000003e-12
487.85714286 8.143736131e-14
496.42857143 8.450299998e-14
505.0 9.210612606e-14
513.57142857 8.355014423e-14
522.14285714 8.631933808999999e-14
530.71428571 6.196078865000001e-14
539.28571429 7.188541970999999e-13
547.85714286 1.0055854736e-13
556.42857143 7.07680683e-14
565.0 6.323879336e-14
573.57142857 8.36613226e-14
582.14285714 7.56380953e-14
591.42857143 8.186149598000002e-14
601.42857143 2.583917119e-13
611.42857143 7.621442401e-14
621.42857143 9.731809419999999e-14
631.42857143 7.759728887e-14
641.42857143 7.004433766e-14
651.42857143 8.783688434e-14
661.42857143 1.1173163986000001e-13
671.42857143 7.147944068000001e-14
682.14285714 9.919057335000001e-14
693.57142857 8.274512211e-14
705.0 7.277163996e-14
716.42857143 1.2520440354999997e-13
727.85714286 8.448361538e-14
739.28571429 7.501082854e-14
750.71428571 7.452342700999998e-14
762.14285714 8.568692361e-14
773.57142857 9.310398376000002e-14
785.71428571 1.076264687e-13
798.57142857 6.703367640999999e-14
811.42857143 8.062015594e-14
824.28571429 8.760112173000001e-14
837.14285714 8.728973595000001e-14
850.0 7.078861934e-14
862.85714286 7.613449941999999e-14
876.42857143 6.585171593e-14
890.71428571 8.100591764e-14
905.0 1.2549660466e-13
919.28571429 6.981682068e-14
933.57142857 8.090381274e-14
947.85714286 8.372927236000001e-14
962.14285714 1.3457469392999997e-13
977.14285714 7.040396864999999e-14
992.85714286 7.735751249000001e-14
1008.5714286 8.507574589e-14
1024.2857143 1.1073727093e-13
1040.0 7.404271873000001e-14
1055.7142857 6.32042054e-14
1072.1428571 1.2210905007000004e-13
1089.2857143 7.947095833000001e-14
1106.4285714 6.849703514e-14
1123.5714286 7.353287355e-14
1140.7142857 1.1143509437000001e-13
1157.8571429 7.206982603e-14
1175.7142857 8.784409102e-14
1194.2857143 7.961436207e-14
1212.8571429 8.437222482e-14
1231.4285714 6.832300736e-14
1250.0 7.704842036e-14
1269.2857143 8.574506880000002e-14
1289.2857143 7.602926835e-14
1309.2857143 7.994189707000001e-14
1329.2857143 8.080622917e-14
1349.2857143 7.435986624e-14
1370.0 7.047251688e-14
1391.4285714 6.958624796e-14
1412.8571429 8.224374733e-14
1434.2857143 7.753804828e-14
1455.7142857 7.447839233e-14
1477.8571429 6.250625139000001e-14
1500.7142857 7.961940256999999e-14
1523.5714286 8.062539108e-14
1546.4285714 6.912367229999999e-14
1570.0 9.077174832e-14
1594.2857143 6.660550265e-14
1618.5714286 7.121457538000001e-14
1642.8571429 7.044928143e-14
1667.8571429 8.205606803000001e-14
1693.5714286 7.972960706000001e-14
1719.2857143 7.869852201e-14
1745.0 8.345628111999999e-14
1771.4285714 6.95629569e-14
1798.5714286 8.314663952e-14
1825.7142857 7.742298364e-14
1853.5714286 6.828196601999998e-14
1882.1428571 7.721793138e-14
1910.7142857 7.879876412e-14
1939.2857143 7.154626829000001e-14
1968.5714286 8.612589733999999e-14
1998.5714286 7.08112511e-14
2028.5714286 7.069411493e-14
2059.2857143 7.271155136000001e-14
2090.7142857 7.556549585e-14
2122.1428571 7.679455256e-14
2154.2857143 7.026948286e-14
2187.1428571 8.314025471e-14
2220.0 7.700857659e-14
2253.5714286 6.717461446e-14
2287.8571429 7.407362067999999e-14
2322.1428571 7.016372620999998e-14
2357.1428571 7.306830183e-14
2392.8571429 6.453761277000001e-14
2429.2857143 6.440204236999999e-14
2466.4285714 8.045598384999999e-14
2503.5714286 6.359132762000001e-14
2541.4285714 7.270853207000001e-14
2580.0 6.870047204000001e-14
2618.5714286 6.921308179999998e-14
2657.8571429 8.914779456e-14
2697.8571429 8.291907362000001e-14
2738.5714286 6.963023451000001e-14
2780.0 8.344750498e-14
2822.1428571 7.274397224999998e-14
2865.0 7.775584511e-14
2907.8571429 6.729473695e-14
2951.4285714 6.742162063999999e-14
2995.7142857 7.57569302e-14
3040.7142857 7.083890538e-14
3086.4285714 6.666550905e-14
3132.8571429 6.757464838000001e-14
3180.0 6.873655688e-14
3227.8571429 8.195408428000001e-14
3276.4285714 8.223335932999999e-14
3325.7142857 6.875965706000001e-14
3375.7142857 7.29712411e-14
3426.4285714 7.019700589999999e-14
3477.8571429 7.138080227e-14
3530.0 7.633945717e-14
3582.8571429 7.728061088000002e-14
3636.4285714 8.102291050000001e-14
3691.4285714 7.334192632999999e-14
3747.1428571 6.691466732000001e-14
3803.5714286 6.815594047999998e-14
3860.7142857 6.827397036e-14
3918.5714286 7.075790616999998e-14
3977.1428571 7.174182014999999e-14
4036.4285714 7.050011045999999e-14
4097.1428571 7.045170928999999e-14
4158.5714286 7.331886676e-14
4220.7142857 7.228833219999999e-14
4284.2857143 6.840693635000002e-14
4348.5714286 7.2764626e-14
4413.5714286 7.267178123e-14
4480.0 6.952832848999999e-14
4547.1428571 6.723600299e-14
4615.0 6.9839485e-14
4684.2857143 7.257987362999999e-14
4754.2857143 6.905257187999999e-14
4825.0 7.179801972e-14
4897.1428571 7.102498828e-14
4970.7142857 7.021349871999999e-14
5045.0 6.696282995e-14
5120.0 7.017233669999999e-14
5196.4285714 7.122271425e-14
5274.2857143 6.847966269e-14
5353.5714286 7.281199677000001e-14
5433.5714286 6.678789477000001e-14
5514.2857143 6.783737677e-14
5596.4285714 6.890847415000001e-14
5680.0 6.925535644e-14
5765.0 6.647010242e-14
5851.4285714 6.883910247e-14
5939.2857143 7.056736673999999e-14
6028.5714286 7.400432402e-14
6119.2857143 6.604101071e-14
6210.7142857 6.617852042000001e-14
6302.8571429 7.256776684e-14
6396.4285714 6.960872755e-14
6491.4285714 6.614016173e-14
6587.8571429 6.278143278000001e-14
6685.7142857 6.709357972999999e-14
6785.0 7.390027473e-14
6885.7142857 7.054338614e-14
6987.8571429 6.764929215e-14
7092.1428571 7.369018007999999e-14
7198.5714286 6.796169298e-14
7306.4285714 7.005337520000001e-14
7415.7142857 7.016099799e-14
7526.4285714 7.036463311999999e-14
7638.5714286 7.014429117e-14
7752.1428571 7.079851709000001e-14
7867.8571429 6.76251472e-14
7985.7142857 7.043056967000002e-14
8105.0 6.690357574000001e-14
8225.7142857 6.893477895000001e-14
8347.8571429 6.556181010999999e-14
8472.1428571 7.220640136000001e-14
8598.5714286 6.381437292999999e-14
8726.4285714 6.662172996999999e-14
8856.4285714 6.605320846999999e-14
8988.5714286 6.91791505e-14
9122.1428571 6.639083299999999e-14
9257.8571429 6.904166718e-14
9395.7142857 6.946023357000001e-14
9535.7142857 6.738582237999999e-14
9677.8571429 6.710879729e-14
9822.1428571 6.719371302e-14
9968.5714286 6.581330768999999e-14
10117.142857 6.759861926e-14
10267.857143 6.937433963999999e-14
10420.714286 6.729814786e-14
10575.714286 6.835703289e-14
10732.857143 6.714308870000001e-14
10892.857143 7.010062750000002e-14
11055.0 7.123680194e-14
11219.285714 6.470635282999999e-14
11386.428571 6.551413873e-14
11556.428571 6.834975629000001e-14
11728.571429 6.426907227e-14
11902.857143 6.731808978e-14
12080.0 6.802420661e-14
12260.0 6.842544766000001e-14
12442.857143 6.744254392999999e-14
12628.571429 6.533300226e-14
12817.142857 6.594495434e-14
13007.857143 6.764412024e-14
13200.714286 6.627584543e-14
13396.428571 6.659819207e-14
13595.714286 7.036037437000001e-14
13798.571429 6.520018435e-14
14004.285714 6.980522847e-14
14212.857143 6.837048879e-14
14424.285714 6.698680995000001e-14
14638.571429 7.095531582e-14
14856.428571 6.906557282e-14
15077.857143 6.77949014e-14
15302.142857 6.648912454999999e-14
15529.285714 6.686977029e-14
15760.0 6.889079038e-14
15994.285714 7.076947364e-14
16232.142857 6.701482242e-14
16473.571429 6.919495075e-14
16718.571429 6.481348945e-14
16967.142857 6.939695260000001e-14
17219.285714 6.633008178000001e-14
17475.0 6.664746652e-14
17734.285714 6.862163533000002e-14
17997.857143 6.489238543e-14
18265.714286 6.687040183e-14
18537.142857 6.676520532e-14
18812.142857 6.824926111e-14
19091.428571 6.895520843999999e-14
19375.0 6.832731286e-14
19662.857143 6.805426579e-14
19955.0 6.609715006e-14
20251.428571 6.708082640999999e-14
20552.142857 6.912986525e-14
20857.142857 6.634365773000001e-14
21167.142857 6.911355125000001e-14
21482.142857 6.734458137000001e-14
21801.428571 6.782907006e-14
22125.0 6.529010031000001e-14
22453.571429 6.800298814e-14
22787.142857 6.546051374e-14
23125.714286 6.689482716000001e-14
23469.285714 6.891116826000001e-14
23817.857143 6.718706869000001e-14
24171.428571 6.700095046999998e-14
24530.0 6.935931073e-14
24894.285714 6.724502476e-14
25264.285714 6.823853521999999e-14
25640.0 7.019342959e-14
26021.428571 7.021534566e-14
26408.571429 6.907772581000001e-14
26801.428571 7.027021012e-14
27200.0 6.929514508e-14
27604.285714 6.81188145e-14
28014.285714 6.871302274000001e-14
28430.0 6.834185878e-14
28852.142857 7.066041663e-14
29280.714286 1.199261251e-13
29715.714286 7.088332283e-14
30157.142857 6.762209649000001e-14
30605.0 7.03682285e-14
31059.285714 7.030991555e-14
31520.0 6.745252239e-14
31987.857143 6.987694632000001e-14
32462.857143 6.794226793000001e-14
32945.0 6.980826399e-14
33434.285714 6.992543317e-14
33930.714286 7.070280603e-14
34434.285714 6.993948971e-14
34945.0 7.181562993e-14
35463.571429 7.085445659e-14
35990.0 6.982599974e-14
36524.285714 6.867177789e-14
37066.428571 6.923550168e-14
37616.428571 7.184695813e-14
38175.0 7.018753011000001e-14
38742.142857 6.938538772000001e-14
39317.142857 6.897657069e-14
39900.0 6.913219752999999e-14
40492.142857 6.822704348e-14
41093.571429 7.122947183e-14
41703.571429 6.903778312999999e-14
42322.142857 7.058452245e-14
42950.0 7.23079247e-14
43587.142857 7.129339784e-14
44233.571429 7.091662367e-14
44890.0 7.136993359000001e-14
45556.428571 7.372132047999999e-14
46232.857143 7.033623724999999e-14
46919.285714 7.260813892e-14
47615.714286 7.283422965e-14
48322.142857 7.221248385000001e-14
49039.285714 7.349176557e-14
49767.142857 7.233246774000001e-14
50505.714286 7.297623015999999e-14
51255.0 7.268951994e-14
52015.0 7.100866854000001e-14
52786.428571 7.404323385e-14
53569.285714 7.349205492999999e-14
54363.571429 7.225043202e-14
55170.0 7.408737392999999e-14
55988.571429 7.375713861e-14
56819.285714 7.331322283e-14
57662.142857 7.661145139000001e-14
58517.142857 7.621071148e-14
59385.0 7.293655878000001e-14
60265.714286 7.452727948e-14
61159.285714 7.528162622e-14
62066.428571 7.455427813e-14
62987.142857 7.696281124e-14
63921.428571 7.733924952000001e-14
64870.0 7.480844924999999e-14
65832.857143 7.586831831999998e-14
66810.0 7.665951346000001e-14
67801.428571 7.814965778e-14
68807.142857 7.639252253e-14
69827.857143 7.948498678e-14
70863.571429 7.636212987000001e-14
71914.285714 7.901074869999999e-14
72980.714286 7.833094134999998e-14
74062.857143 7.776510203e-14
75161.428571 7.854320164999999e-14
76276.428571 7.988328716999998e-14
77407.857143 7.793353079e-14
78556.428571 8.032652462e-14
79722.142857 8.056908952e-14
80905.0 8.024024625999998e-14
82105.0 8.060148385e-14
83322.857143 7.950832966e-14
84558.571429 8.131977188000001e-14
85812.142857 8.02822926e-14
87084.285714 8.495803929e-14
88375.714286 8.400973560000001e-14
89686.428571 8.265696202e-14
91016.428571 8.433827823e-14
92366.428571 8.302647538999999e-14
93736.428571 8.15893648e-14
95126.428571 8.181129412e-14
96537.142857 8.388439966999999e-14
97969.285714 8.394114965e-14
99422.857143 8.373336365999999e-14
100897.85714 8.427031354e-14
102394.28571 8.640903455e-14
103912.85714 8.598006626999999e-14
105454.28571 8.605259074e-14
107018.57143 8.535712807e-14
108605.71429 8.431674225999999e-14
110216.42857 8.638174215e-14
111851.42857 8.648731387e-14
113510.71429 8.609894258999998e-14
115194.28571 8.725659443e-14
116902.85714 8.826564439e-14
118636.42857 8.674417313e-14
120395.71429 8.691987916999999e-14
122181.42857 8.782087814e-14
123993.57143 8.813030363e-14
125832.85714 8.808690166999999e-14
127699.28571 8.730314961999999e-14
129592.85714 8.887251811000001e-14
131514.28571 8.820882122000002e-14
133464.28571 8.9015906e-14
135443.57143 8.86017666e-14
137452.14286 8.917824723e-14
139490.0 8.93026158e-14
141558.57143 8.989427400999999e-14
143657.85714 8.885155351e-14
145787.85714 9.312005934e-14
147949.28571 8.963239773999998e-14
150142.85714 8.856418666999998e-14
152369.28571 8.928771080999999e-14
154628.57143 8.849764187e-14
156921.42857 8.898489105e-14
159248.57143 8.766342459e-14
161610.0 8.832529078e-14
164006.42857 8.839358343e-14
166438.57143 8.937693711999999e-14
168906.42857 8.800290842000001e-14
171410.71429 8.736888891e-14
173952.14286 8.889799268e-14
176531.42857 8.78084146e-14
179149.28571 8.721535952e-14
181805.71429 8.661009124e-14
184501.42857 8.525549406999999e-14
187237.14286 8.498306237e-14
190013.57143 8.37237206e-14
192831.42857 8.400309719e-14
195690.71429 8.357655912e-14
198592.14286 8.180454482e-14
201536.42857 8.245700762e-14
204524.28571 9.043609163e-14
207556.42857 8.029558598000001e-14
210633.57143 8.023058694e-14
213756.42857 7.864069222000001e-14
216925.71429 7.787936301000002e-14
220142.14286 7.663626743000001e-14
223406.42857 7.589391479e-14
226719.28571 7.451274340999999e-14
230080.71429 7.415129653000001e-14
233492.14286 8.912300028e-14
236954.28571 7.151000292000001e-14
240467.14286 7.036626018e-14
244032.14286 6.891263193999998e-14
247650.0 6.832116451000001e-14
251321.42857 6.700599215e-14
255047.85714 6.521828282e-14
258830.0 6.475513627e-14
262667.85714 7.570221063000001e-14
266562.14286 6.193078993000001e-14
270514.28571 6.084757581000001e-14
274525.0 5.994606812000001e-14
278595.0 5.872325036e-14
282725.71429 5.643848122e-14
286917.85714 5.4704919269999996e-14
291172.14286 5.898049993000001e-14
295489.28571 5.318488892999999e-14
299870.0 5.2095605969999995e-14
304315.71429 5.054606674000001e-14
308827.85714 4.9546179869999996e-14
313407.14286 4.823963324e-14
318054.28571 4.669057672e-14
322770.0 5.2484820069999987e-14
327555.0 4.413044619e-14
332410.71429 4.341259814e-14
337338.57143 4.16802449e-14
342340.0 4.0756884829999996e-14
347415.71429 3.944785687e-14
352566.42857 3.920237705e-14
357793.57143 3.7323950620000004e-14
363098.57143 3.586125494e-14
368482.14286 3.5077907e-14
373945.0 3.388324983e-14
379488.57143 3.3204565129999997e-14
385114.28571 3.181521838e-14
390823.57143 3.048705255e-14
396617.85714 2.979250013e-14
402497.85714 2.876146289e-14
408465.0 2.7965592879999998e-14
414520.71429 2.697340954e-14
420666.42857 2.6038027559999997e-14
426903.57143 2.5049727960000003e-14
433232.85714 2.414567708e-14
439655.71429 2.347036142e-14
446173.57143 2.2650383559999997e-14
452787.85714 2.17687312e-14
459500.71429 2.0956561150000002e-14
466313.57143 2.0405892339999996e-14
473227.14286 1.947909957e-14
480242.85714 1.8929313880000002e-14
487362.85714 1.824432956e-14
494588.57143 1.7578244909999998e-14
501920.71429 1.681456427e-14
509361.42857 1.6207150569999998e-14
516912.85714 1.552797866e-14
524576.42857 1.504883399e-14
532353.57143 1.449024475e-14
540245.71429 1.3898145480000004e-14
548255.0 1.3405207189999998e-14
556382.85714 1.2966411579999997e-14
564630.71429 1.245788268e-14
573001.42857 1.19639726e-14
581496.42857 1.1401309549999997e-14
590117.14286 1.1022070200000001e-14
598865.71429 1.065088677e-14
607743.57143 1.025113992e-14
616752.85714 9.926888066e-15
625895.71429 9.443681265999999e-15
635174.28571 9.047174699999999e-15
644590.71429 8.772843830000001e-15
654146.42857 8.263778881e-15
663843.57143 8.001397604999999e-15
673685.0 8.001200777999998e-15
683672.85714 7.354513331e-15
693808.57143 7.114629263e-15
704094.28571 6.892935826999999e-15
714532.14286 6.583515651999999e-15
725125.0 6.352673022000001e-15
735875.0 6.068983007e-15
746784.28571 5.803480909e-15
757855.71429 5.589231264999999e-15
769090.71429 5.369298661e-15
780492.14286 5.14746917e-15
792062.85714 4.948541143e-15
803805.0 4.730256835e-15
815721.42857 4.568577249e-15
827814.28571 4.390604437999999e-15
840086.42857 4.184615181e-15
852540.71429 4.035380276e-15
865179.28571 3.870576698e-15
878005.0 3.737358105000001e-15
891020.71429 3.5776725909999995e-15
904229.28571 3.414444371e-15
917633.57143 3.300273099e-15
931237.14286 3.15839819e-15
945042.85714 3.0429255520000006e-15
959052.85714 2.930890752e-15
973270.71429 2.8176874910000002e-15
987699.28571 2.698817093e-15
1002341.4286 2.5812685039999998e-15
1017200.7143 2.5015308910000004e-15
1032280.0 2.387104272e-15
1047582.8571 2.306154348e-15
1063112.8571 2.210226058e-15
1078872.8571 2.121285729e-15
1094866.4286 2.036338947e-15
1111097.1429 1.9610095459999995e-15
1127568.5714 1.886122651e-15
1144284.2857 1.826264604e-15
1161247.8571 1.7491218399999998e-15
1178462.8571 1.7127789810000001e-15
1195932.8571 1.6196881619999999e-15
1213662.1429 1.5574003340000002e-15
1231654.2857 1.502388298e-15
1249912.8571 1.4449548219999997e-15
1268442.1429 1.3890193280000001e-15
1287246.4286 1.3351989840000003e-15
1306329.2857 1.2915366510000002e-15
1325695.0 1.243587358e-15
1345347.8571 1.194060913e-15
1365292.1429 1.151732132e-15
1385532.1429 1.1077960370000001e-15
1406072.1429 1.0648252130000002e-15
1426916.4286 1.031499018e-15
1448069.2857 9.911383876e-16
1469535.7143 9.558276310999999e-16
1491320.7143 9.219114168e-16
1513428.5714 8.894253079e-16
1535863.5714 8.519300020999999e-16
1558631.4286 8.250660604e-16
1581737.1429 7.956252291000001e-16
1605185.7143 7.681242505000001e-16
1628982.1429 7.4426511979999995e-16
1653130.7143 7.212828184e-16
1677637.1429 6.999614208999999e-16
1702507.1429 6.676854321e-16
1727745.7143 6.654442437999999e-16
1753358.5714 6.707552327000001e-16
1779351.4286 6.676193057999999e-16
1805729.2857 6.166264255000001e-16
1832497.8571 6.041072973e-16
1859663.5714 5.807465868e-16
1887232.1429 5.597056149e-16
1915209.2857 5.337191271e-16
1943600.7143 5.089605508e-16
1972412.8571 4.860303941e-16
2001652.1429 4.644090562999999e-16
2031325.0 4.456551487e-16
2061437.8571 4.3044731420000005e-16
2091997.1429 4.15576159e-16
2123009.2857 4.0080793050000004e-16
2154480.7143 3.8763478069999994e-16
2186418.5714 3.7764607079999997e-16
2218830.0 3.6555411540000005e-16
2251722.1429 3.546895863e-16
2285102.1429 3.4204935239999997e-16
2318977.1429 3.3629808700000005e-16
2353354.2857 3.2862413670000003e-16
2388240.7143 3.115966185e-16
2423644.2857 3.0390514000000003e-16
2459572.8571 2.9111974110000005e-16
2496034.2857 2.8584066489999995e-16
2533036.4286 2.7595954169999997e-16
2570587.1429 2.64977019e-16
2608694.2857 2.6179814189999996e-16
2647365.7143 2.530164814e-16
2686610.7143 2.4279727369999994e-16
2726437.8571 2.410632403e-16
2766855.0 2.332533371e-16
2807871.4286 2.229784958e-16
2849495.7143 2.238663036e-16
2891737.1429 2.169485367e-16
2934605.0 2.1805451189999998e-16
2978107.8571 2.0222430999999997e-16
3022255.7143 2.097426301e-16
3067057.8571 2.0446297859999998e-16
3112524.2857 2.0769077359999996e-16
3158665.0 1.8306388259999998e-16
3205489.2857 2.069492146e-16
3253007.8571 2.1098840619999997e-16
3301230.7143 2.0370779859999999e-16
3350168.5714 2.4770866020000003e-16
3399832.1429 2.906228528e-16
3450231.4286 3.2111637310000005e-16
3501377.8571 1.899000004e-16
3553282.8571 2.777339823e-16
3605957.1429 2.26499613e-16
3659412.1429 1.9293504129999997e-16
3713660.0 1.742558181e-16
3768712.1429 1.624898031e-16
3824580.0 1.4787757349999996e-16
3881275.7143 1.472208969e-16
3938812.1429 1.4095926080000003e-16
3997201.4286 1.355863722e-16
4056456.4286 1.316651241e-16
4116590.0 1.3504042449999998e-16
4177615.0 1.265862227e-16
4239544.2857 1.232931037e-16
4302391.4286 1.2087171779999997e-16
4366170.7143 1.1858959940000003e-16
4430895.0 1.163538889e-16
4496578.5714 1.165051441e-16
4563236.4286 1.1304653770000002e-16
4630882.1429 1.135905521e-16
4699530.0 1.1391963200000002e-16
4769195.7143 1.1063537650000001e-16
4839894.2857 1.0987015019999999e-16
4911640.7143 1.115429229e-16
4973888.5714 1.114835389e-16
