# F_set      Vpp_set 
  F0           Vpp0   OVL0 RNG0
  F1           Vpp1   OVL1 RNG1
1.000000e+03 0.100000  1.000081e+03 0.000110 0 2e-01  9.999993e+02 0.101566 0 2e-01
1.086477e+03 0.100000  1.086355e+03 0.000108 0 1e-02  1.086444e+03 0.101591 0 2e-01
1.180433e+03 0.100000  1.180494e+03 0.000108 0 1e-02  1.180422e+03 0.101601 0 2e-01
1.282513e+03 0.100000  1.282432e+03 0.000109 0 1e-02  1.282503e+03 0.101584 0 2e-01
1.393421e+03 0.100000  1.393364e+03 0.000107 0 1e-02  1.393386e+03 0.101573 0 2e-01
1.513920e+03 0.100000  1.513899e+03 0.000108 0 1e-02  1.513887e+03 0.101564 0 2e-01
1.644840e+03 0.100000  1.644860e+03 0.000107 0 1e-02  1.644822e+03 0.101559 0 2e-01
1.787081e+03 0.100000  1.787171e+03 0.000108 0 1e-02  1.787043e+03 0.101545 0 2e-01
1.941623e+03 0.100000  1.941494e+03 0.000106 0 1e-02  1.941602e+03 0.101532 0 2e-01
2.109529e+03 0.100000  2.109553e+03 0.000108 0 1e-02  2.109506e+03 0.101526 0 2e-01
2.291955e+03 0.100000  2.291723e+03 0.000110 0 1e-02  2.291913e+03 0.101520 0 2e-01
2.490156e+03 0.100000  2.490078e+03 0.000110 0 1e-02  2.490089e+03 0.101522 0 2e-01
2.705498e+03 0.100000  2.705492e+03 0.000110 0 1e-02  2.705467e+03 0.101510 0 2e-01
2.939462e+03 0.100000  2.939468e+03 0.000114 0 1e-02  2.939469e+03 0.101509 0 2e-01
3.193658e+03 0.100000  3.193436e+03 0.000112 0 1e-02  3.193662e+03 0.101496 0 2e-01
3.469836e+03 0.100000  3.469612e+03 0.000113 0 1e-02  3.469840e+03 0.101490 0 2e-01
3.769898e+03 0.100000  3.769043e+03 0.000117 0 1e-02  3.769897e+03 0.101493 0 2e-01
4.095908e+03 0.100000  4.095837e+03 0.000117 0 1e-02  4.095862e+03 0.101489 0 2e-01
4.450111e+03 0.100000  4.450643e+03 0.000123 0 1e-02  4.450104e+03 0.101496 0 2e-01
4.834943e+03 0.100000  4.835050e+03 0.000126 0 1e-02  4.834824e+03 0.101500 0 2e-01
5.253056e+03 0.100000  5.253524e+03 0.000128 0 1e-02  5.252965e+03 0.101495 0 2e-01
5.707325e+03 0.100000  5.706936e+03 0.000133 0 1e-02  5.707320e+03 0.101499 0 2e-01
6.200878e+03 0.100000  6.201176e+03 0.000136 0 1e-02  6.200886e+03 0.101502 0 2e-01
6.737112e+03 0.100000  6.737141e+03 0.000144 0 1e-02  6.736940e+03 0.101499 0 2e-01
7.319719e+03 0.100000  7.319247e+03 0.000147 0 1e-02  7.319576e+03 0.101490 0 2e-01
7.952707e+03 0.100000  7.952165e+03 0.000160 0 1e-02  7.952691e+03 0.101491 0 2e-01
8.640435e+03 0.100000  8.640295e+03 0.000161 0 1e-02  8.640320e+03 0.101511 0 2e-01
9.387635e+03 0.100000  9.386965e+03 0.000167 0 1e-02  9.387560e+03 0.101529 0 2e-01
1.019945e+04 0.100000  1.019889e+04 0.000174 0 1e-02  1.019942e+04 0.101540 0 2e-01
1.108147e+04 0.100000  1.108106e+04 0.000188 0 1e-02  1.108131e+04 0.101567 0 2e-01
1.203976e+04 0.100000  1.204160e+04 0.000199 0 1e-02  1.203981e+04 0.101573 0 2e-01
1.308093e+04 0.100000  1.308064e+04 0.000208 0 1e-02  1.308059e+04 0.101587 0 2e-01
1.421213e+04 0.100000  1.421277e+04 0.000221 0 1e-02  1.421216e+04 0.101594 0 2e-01
1.544116e+04 0.100000  1.544089e+04 0.000242 0 1e-02  1.544100e+04 0.101587 0 2e-01
1.677646e+04 0.100000  1.677593e+04 0.000248 0 1e-02  1.677604e+04 0.101570 0 2e-01
1.822724e+04 0.100000  1.822879e+04 0.000275 0 1e-02  1.822702e+04 0.101567 0 2e-01
1.980348e+04 0.100000  1.980395e+04 0.000281 0 1e-02  1.980307e+04 0.101548 0 2e-01
2.151603e+04 0.100000  2.151627e+04 0.000308 0 1e-02  2.151590e+04 0.101553 0 2e-01
2.337668e+04 0.100000  2.337600e+04 0.000336 0 1e-02  2.337617e+04 0.101544 0 2e-01
2.539823e+04 0.100000  2.539770e+04 0.000355 0 1e-02  2.539783e+04 0.101540 0 2e-01
2.759459e+04 0.100000  2.759174e+04 0.000387 0 1e-02  2.759451e+04 0.101541 0 2e-01
2.998090e+04 0.100000  2.997770e+04 0.000411 0 1e-02  2.998096e+04 0.101543 0 2e-01
3.257356e+04 0.100000  3.257515e+04 0.000443 0 1e-02  3.257275e+04 0.101561 0 2e-01
3.539043e+04 0.100000  3.538984e+04 0.000484 0 1e-02  3.539042e+04 0.101547 0 2e-01
3.845089e+04 0.100000  3.845029e+04 0.000532 0 1e-02  3.845107e+04 0.101564 0 2e-01
4.177601e+04 0.100000  4.177600e+04 0.000559 0 1e-02  4.177601e+04 0.101550 0 2e-01
4.538868e+04 0.100000  4.538815e+04 0.000609 0 1e-02  4.538773e+04 0.101564 0 2e-01
4.931377e+04 0.100000  4.931044e+04 0.000667 0 1e-02  4.931353e+04 0.101570 0 2e-01
5.357828e+04 0.100000  5.357258e+04 0.000731 0 1e-02  5.357807e+04 0.101568 0 2e-01
5.821158e+04 0.100000  5.820864e+04 0.000765 0 1e-02  5.821104e+04 0.101614 0 2e-01
6.324555e+04 0.100000  6.324554e+04 0.000857 0 1e-02  6.324398e+04 0.101595 0 2e-01
6.871485e+04 0.100000  6.870850e+04 0.000916 0 1e-02  6.871507e+04 0.101627 0 2e-01
7.465711e+04 0.100000  7.465967e+04 0.000984 0 1e-02  7.465560e+04 0.101659 0 2e-01
8.111325e+04 0.100000  8.110668e+04 0.001075 0 1e-02  8.111353e+04 0.101690 0 2e-01
8.812769e+04 0.100000  8.812741e+04 0.001181 0 1e-02  8.812803e+04 0.101692 0 2e-01
9.574872e+04 0.100000  9.574404e+04 0.001279 0 1e-02  9.574643e+04 0.101737 0 2e-01
1.040288e+05 0.100000  1.040305e+05 0.001388 0 1e-02  1.040288e+05 0.101740 0 2e-01
1.130249e+05 0.100000  1.130277e+05 0.001490 0 1e-02  1.130244e+05 0.101732 0 2e-01
1.227990e+05 0.100000  1.227976e+05 0.001628 0 1e-02  1.227982e+05 0.101658 0 2e-01
1.334183e+05 0.100000  1.334225e+05 0.001760 0 1e-02  1.334151e+05 0.101596 0 2e-01
1.449559e+05 0.100000  1.449547e+05 0.001919 0 1e-02  1.449539e+05 0.101524 0 2e-01
1.574913e+05 0.100000  1.574869e+05 0.002090 0 1e-02  1.574872e+05 0.101444 0 2e-01
1.711107e+05 0.100000  1.711135e+05 0.002281 0 1e-02  1.711086e+05 0.101458 0 2e-01
1.859079e+05 0.100000  1.858991e+05 0.002465 0 1e-02  1.859084e+05 0.101464 0 2e-01
2.019847e+05 0.100000  2.019752e+05 0.002709 0 1e-02  2.019855e+05 0.101463 0 2e-01
2.194517e+05 0.100000  2.194433e+05 0.002935 0 1e-02  2.194527e+05 0.101472 0 2e-01
2.384293e+05 0.100000  2.384268e+05 0.003192 0 1e-02  2.384254e+05 0.101403 0 2e-01
2.590480e+05 0.100000  2.590438e+05 0.003438 0 1e-02  2.590412e+05 0.101442 0 2e-01
2.814497e+05 0.100000  2.814377e+05 0.003760 0 1e-02  2.814452e+05 0.101422 0 2e-01
3.057887e+05 0.100000  3.057901e+05 0.004086 0 1e-02  3.057875e+05 0.101381 0 2e-01
3.322324e+05 0.100000  3.322285e+05 0.004431 0 1e-02  3.322246e+05 0.101444 0 2e-01
3.609629e+05 0.100000  3.609587e+05 0.004821 0 1e-02  3.609617e+05 0.101343 0 2e-01
3.921780e+05 0.100000  3.921776e+05 0.005207 0 1e-02  3.921791e+05 0.101233 0 2e-01
4.260924e+05 0.100000  4.260943e+05 0.005622 0 1e-02  4.260903e+05 0.101301 0 2e-01
4.629397e+05 0.100000  4.629273e+05 0.006068 0 1e-02  4.629279e+05 0.101249 0 2e-01
5.029734e+05 0.100000  5.029745e+05 0.006595 0 1e-02  5.029727e+05 0.101168 0 2e-01
5.464691e+05 0.100000  5.464659e+05 0.007178 0 1e-02  5.464577e+05 0.100976 0 2e-01
5.937262e+05 0.100000  5.937066e+05 0.007815 0 1e-02  5.937108e+05 0.100928 0 2e-01
6.450699e+05 0.100000  6.450796e+05 0.008607 0 1e-02  6.450608e+05 0.100789 0 2e-01
7.008537e+05 0.100000  7.008543e+05 0.009564 0 1e-02  7.008452e+05 0.100628 0 2e-01
7.614616e+05 0.100000  7.614403e+05 0.011088 0 2e-02  7.614484e+05 0.100610 0 5e-01
8.273106e+05 0.100000  8.273036e+05 0.012542 0 2e-02  8.272914e+05 0.100365 0 2e-01
8.988541e+05 0.100000  8.988469e+05 0.014314 0 2e-02  8.988366e+05 0.100235 0 2e-01
9.765844e+05 0.100000  9.766121e+05 0.016092 0 2e-02  9.765733e+05 0.099901 0 2e-01
1.061037e+06 0.100000  1.061054e+06 0.017789 0 2e-02  1.061033e+06 0.099596 0 1e-01
1.152792e+06 0.100000  1.152773e+06 0.019105 0 2e-02  1.152799e+06 0.099228 0 1e-01
1.252482e+06 0.100000  1.252481e+06 0.019985 0 2e-02  1.252450e+06 0.098964 0 1e-01
1.360793e+06 0.100000  1.360834e+06 0.020226 0 2e-02  1.360766e+06 0.098541 0 1e-01
1.478471e+06 0.100000  1.478443e+06 0.020078 0 5e-02  1.478481e+06 0.098007 0 1e-01
1.606325e+06 0.100000  1.606265e+06 0.018756 0 5e-02  1.606290e+06 0.097620 0 1e-01
1.745235e+06 0.100000  1.745234e+06 0.016569 0 2e-02  1.745216e+06 0.096808 0 1e-01
1.896158e+06 0.100000  1.896202e+06 0.014446 0 2e-02  1.896170e+06 0.096140 0 1e-01
2.060133e+06 0.100000  2.060146e+06 0.012431 0 2e-02  2.060139e+06 0.095334 0 1e-01
2.238287e+06 0.100000  2.238192e+06 0.010553 0 2e-02  2.238247e+06 0.094702 0 1e-01
2.431848e+06 0.100000  2.431960e+06 0.008936 0 2e-02  2.431769e+06 0.093789 0 1e-01
2.642147e+06 0.100000  2.642153e+06 0.006971 0 1e-02  2.642079e+06 0.092793 0 1e-01
2.870632e+06 0.100000  2.870716e+06 0.005877 0 1e-02  2.870606e+06 0.091656 0 1e-01
3.118877e+06 0.100000  3.118909e+06 0.004832 0 1e-02  3.118916e+06 0.090374 0 1e-01
3.388588e+06 0.100000  3.388389e+06 0.004062 0 1e-02  3.388432e+06 0.088728 0 1e-01
3.681624e+06 0.100000  3.681423e+06 0.003396 0 1e-02  3.681667e+06 0.086725 0 1e-01
4.000000e+06 0.100000  4.000091e+06 0.002785 0 1e-02  4.000170e+06 0.085198 0 1e-01
