# F_set      Vpp_set   F0           Vpp0   OVL0 RNG0  F1           Vpp1   OVL1 RNG1
1.000000e+03 0.052562  9.999794e+02 3.981090e+00 5.246870e-04 0  9.999802e+02 2.602520e-02 3.192910e-06 0
1.088904e+03 0.052562  1.088898e+03 3.981180e+00 2.408560e-04 0  1.088898e+03 2.603160e-02 6.336810e-07 0
1.185713e+03 0.052562  1.185713e+03 3.981230e+00 -6.060830e-05 0  1.185709e+03 2.604020e-02 1.019800e-06 0
1.291127e+03 0.052562  1.291113e+03 3.980720e+00 3.561360e-04 0  1.291116e+03 2.603440e-02 7.940370e-07 0
1.405914e+03 0.052562  1.405875e+03 3.980700e+00 2.963500e-04 0  1.405877e+03 2.603830e-02 4.143150e-06 0
1.530906e+03 0.052562  1.530905e+03 3.979830e+00 6.719010e-05 0  1.530905e+03 2.602860e-02 1.749870e-06 0
1.667010e+03 0.052562  1.667005e+03 3.979290e+00 -8.875880e-05 0  1.667002e+03 2.602750e-02 -3.142530e-09 0
1.815214e+03 0.052562  1.815172e+03 3.979320e+00 6.038020e-04 0  1.815174e+03 2.603970e-02 5.774400e-06 0
1.976595e+03 0.052562  1.976581e+03 3.978420e+00 3.368920e-04 0  1.976579e+03 2.601860e-02 1.772030e-06 0
2.152322e+03 0.052562  2.152306e+03 3.979580e+00 3.076520e-04 0  2.152310e+03 2.605330e-02 -1.429430e-06 0
2.343673e+03 0.052562  2.343645e+03 3.978620e+00 -6.374360e-04 0  2.343642e+03 2.604550e-02 -6.315550e-06 0
2.552035e+03 0.052562  2.552028e+03 3.978960e+00 1.943410e-04 0  2.552030e+03 2.605890e-02 -6.726910e-08 0
2.778922e+03 0.052562  2.778880e+03 3.979340e+00 5.860270e-04 0  2.778873e+03 2.607280e-02 4.438460e-06 0
3.025980e+03 0.052562  3.025910e+03 3.978880e+00 -2.359620e-04 0  3.025915e+03 2.606700e-02 6.062310e-07 0
3.295003e+03 0.052562  3.294922e+03 3.977610e+00 -2.566130e-04 0  3.294921e+03 2.604440e-02 -9.854330e-07 0
3.587943e+03 0.052562  3.587900e+03 3.978090e+00 5.596100e-04 0  3.587900e+03 2.607280e-02 4.631350e-06 0
3.906926e+03 0.052562  3.906859e+03 3.978440e+00 -5.315530e-04 0  3.906859e+03 2.609470e-02 -3.539630e-06 0
4.254269e+03 0.052562  4.254165e+03 3.977930e+00 -3.341370e-04 0  4.254165e+03 2.607640e-02 -1.379910e-06 0
4.632491e+03 0.052562  4.632372e+03 3.977830e+00 2.944080e-04 0  4.632378e+03 2.609480e-02 3.581210e-06 0
5.044339e+03 0.052562  5.044279e+03 3.978540e+00 -4.769670e-04 0  5.044262e+03 2.610630e-02 -2.805290e-06 0
5.492803e+03 0.052562  5.492780e+03 3.978680e+00 4.114890e-04 0  5.492788e+03 2.613210e-02 3.297980e-06 0
5.981136e+03 0.052562  5.981114e+03 3.977860e+00 3.977590e-04 0  5.981113e+03 2.611450e-02 5.066290e-06 0
6.512885e+03 0.052562  6.512892e+03 3.977180e+00 7.583810e-05 0  6.512882e+03 2.611240e-02 4.288560e-07 0
7.091908e+03 0.052562  7.091892e+03 3.977530e+00 -4.477090e-04 0  7.091895e+03 2.613430e-02 -3.859170e-06 0
7.722409e+03 0.052562  7.722375e+03 3.977940e+00 -2.671940e-04 0  7.722376e+03 2.615360e-02 1.983400e-06 0
8.408964e+03 0.052562  8.408743e+03 3.977460e+00 9.460030e-05 0  8.408725e+03 2.615630e-02 5.180300e-06 0
9.156557e+03 0.052562  9.156533e+03 3.977870e+00 1.014040e-04 0  9.156533e+03 2.618630e-02 -3.866580e-06 0
9.970614e+03 0.052562  9.970557e+03 3.977030e+00 -1.431780e-04 0  9.970522e+03 2.618070e-02 6.228220e-06 0
1.085704e+04 0.052562  1.085693e+04 3.976530e+00 5.434580e-04 0  1.085694e+04 2.618850e-02 3.653660e-06 0
1.182228e+04 0.052562  1.182219e+04 3.976490e+00 4.628780e-04 0  1.182220e+04 2.622370e-02 2.871080e-06 0
1.287333e+04 0.052562  1.287303e+04 3.975760e+00 -1.233670e-04 0  1.287303e+04 2.624060e-02 2.559670e-06 0
1.401783e+04 0.052562  1.401747e+04 3.973540e+00 6.033470e-04 0  1.401746e+04 2.622620e-02 1.073770e-05 0
1.526407e+04 0.052562  1.526410e+04 3.971340e+00 -2.783010e-04 0  1.526406e+04 2.624270e-02 -2.676440e-06 0
1.662111e+04 0.052562  1.662087e+04 3.968360e+00 -4.624880e-04 0  1.662079e+04 2.625300e-02 -1.162820e-06 0
1.809880e+04 0.052562  1.809832e+04 3.964670e+00 1.158540e-04 0  1.809831e+04 2.624450e-02 -2.505440e-07 0
1.970786e+04 0.052562  1.970735e+04 3.959830e+00 5.856760e-05 0  1.970736e+04 2.622220e-02 5.280510e-07 0
2.145997e+04 0.052562  2.146003e+04 3.954000e+00 -4.179880e-04 0  2.146007e+04 2.619700e-02 -6.606270e-06 0
2.336786e+04 0.052562  2.336742e+04 3.949420e+00 -2.435020e-04 0  2.336737e+04 2.622200e-02 3.358840e-06 0
2.544536e+04 0.052562  2.544537e+04 3.942500e+00 -1.661530e-04 0  2.544526e+04 2.619950e-02 1.045360e-06 0
2.770756e+04 0.052562  2.770753e+04 3.935910e+00 3.236370e-04 0  2.770766e+04 2.621790e-02 7.051630e-07 0
3.017088e+04 0.052562  3.017098e+04 3.926360e+00 -1.059260e-04 0  3.017092e+04 2.618530e-02 -1.073210e-06 0
3.285320e+04 0.052562  3.285267e+04 3.917270e+00 -4.711350e-04 0  3.285250e+04 2.620500e-02 -3.050710e-06 0
3.577399e+04 0.052562  3.577315e+04 3.905040e+00 4.620930e-04 0  3.577339e+04 2.619890e-02 4.233200e-06 0
3.895445e+04 0.052562  3.895448e+04 3.890550e+00 9.799440e-05 0  3.895441e+04 2.617460e-02 -1.894460e-07 0
4.241767e+04 0.052562  4.241783e+04 3.875990e+00 2.023580e-05 0  4.241779e+04 2.621340e-02 9.345330e-08 0
4.618878e+04 0.052562  4.618781e+04 3.856650e+00 4.531020e-04 0  4.618810e+04 2.618890e-02 1.563330e-06 0
5.029516e+04 0.052562  5.029499e+04 3.835180e+00 4.209320e-05 0  5.029435e+04 2.620570e-02 4.697460e-06 0
5.476662e+04 0.052562  5.476514e+04 3.802750e+00 1.246510e-04 0  5.476539e+04 2.621420e-02 1.856220e-06 0
5.963560e+04 0.052562  5.963415e+04 3.740850e+00 2.178900e-05 0  5.963412e+04 2.623680e-02 2.832790e-06 0
6.493746e+04 0.052562  6.493633e+04 3.645550e+00 6.497310e-04 0  6.493761e+04 2.618990e-02 -4.690290e-06 0
7.071068e+04 0.052562  7.071100e+04 3.526330e+00 -2.757460e-04 0  7.071042e+04 2.626910e-02 -5.048020e-06 0
7.699716e+04 0.052562  7.699547e+04 3.384600e+00 2.449410e-04 0  7.699677e+04 2.618530e-02 3.635750e-06 0
8.384254e+04 0.052562  8.384168e+04 3.230820e+00 -4.350980e-05 0  8.384064e+04 2.619930e-02 1.013770e-05 0
9.129649e+04 0.052562  9.129510e+04 3.067980e+00 5.904180e-04 0  9.129657e+04 2.621120e-02 1.438410e-05 0
9.941314e+04 0.052562  9.941277e+04 2.900870e+00 -5.632520e-04 0  9.941032e+04 2.627350e-02 8.603360e-06 0
1.082514e+05 0.052562  1.082498e+05 2.732270e+00 6.114690e-04 0  1.082514e+05 2.626140e-02 8.167690e-06 0
1.178754e+05 0.052562  1.178728e+05 2.559450e+00 1.002540e-04 0  1.178753e+05 2.617840e-02 4.982960e-06 0
1.283550e+05 0.052562  1.283551e+05 2.382630e+00 2.431040e-04 0  1.283525e+05 2.619530e-02 4.727580e-06 0
1.397663e+05 0.052562  1.397658e+05 2.205740e+00 2.265100e-04 0  1.397643e+05 2.616810e-02 4.350070e-06 0
1.521922e+05 0.052562  1.521904e+05 2.032410e+00 8.091780e-05 0  1.521900e+05 2.617620e-02 -7.927640e-07 0
1.657227e+05 0.052562  1.657214e+05 1.867000e+00 2.798150e-04 0  1.657201e+05 2.617380e-02 -2.065060e-06 0
1.804562e+05 0.052562  1.804556e+05 1.712550e+00 1.350740e-04 0  1.804531e+05 2.613350e-02 -4.664680e-06 0
1.964995e+05 0.052562  1.964992e+05 1.569720e+00 6.948740e-05 0  1.964951e+05 2.617180e-02 3.647620e-06 0
2.139691e+05 0.052562  2.139657e+05 1.437770e+00 2.472900e-05 0  2.139643e+05 2.617310e-02 6.716440e-06 0
2.329919e+05 0.052562  2.329867e+05 1.316280e+00 1.639940e-04 0  2.329889e+05 2.614610e-02 -1.366910e-06 0
2.537059e+05 0.052562  2.537017e+05 1.204240e+00 2.916820e-05 0  2.536995e+05 2.619050e-02 -3.950270e-06 0
2.762614e+05 0.052562  2.762591e+05 1.100810e+00 -2.555400e-04 0  2.762556e+05 2.614860e-02 -1.946840e-05 0
3.008222e+05 0.052562  3.008168e+05 1.005380e+00 -3.086860e-04 0  3.008145e+05 2.615740e-02 -3.074230e-05 0
3.275666e+05 0.052562  3.275641e+05 9.175790e-01 -3.173590e-04 0  3.275621e+05 2.608570e-02 -2.862130e-05 0
3.566887e+05 0.052562  3.566810e+05 8.361610e-01 1.214260e-04 0  3.566865e+05 2.606450e-02 -2.159530e-06 0
3.883998e+05 0.052562  3.883921e+05 7.613290e-01 -1.466390e-04 0  3.883939e+05 2.612780e-02 -2.007240e-05 0
4.229302e+05 0.052562  4.229208e+05 6.920880e-01 -1.063890e-04 0  4.229137e+05 2.611370e-02 -5.819610e-06 0
4.605305e+05 0.052562  4.605326e+05 6.279330e-01 -4.129210e-05 0  4.605299e+05 2.612820e-02 -5.911470e-07 0
5.014736e+05 0.052562  5.014730e+05 5.688400e-01 -1.606570e-04 0  5.014761e+05 2.605140e-02 -1.605970e-06 0
5.460568e+05 0.052562  5.460459e+05 5.143600e-01 9.294470e-06 0  5.460450e+05 2.607820e-02 -4.296860e-06 0
5.946036e+05 0.052562  5.945898e+05 4.641980e-01 -2.665890e-05 0  5.945862e+05 2.609050e-02 -9.704610e-07 0
6.474664e+05 0.052562  6.474513e+05 4.187800e-01 -2.381830e-05 0  6.474523e+05 2.606640e-02 3.173860e-06 0
7.050289e+05 0.052562  7.050128e+05 3.761430e-01 1.864520e-04 0  7.050206e+05 2.604730e-02 -2.063320e-05 0
7.677089e+05 0.052562  7.677032e+05 3.366450e-01 7.524100e-05 0  7.677090e+05 2.592160e-02 -7.558960e-06 0
8.359616e+05 0.052562  8.359562e+05 3.005600e-01 -2.273820e-04 0  8.359461e+05 2.590570e-02 9.479780e-06 0
9.102821e+05 0.052562  9.102719e+05 2.679920e-01 4.029830e-05 0  9.102902e+05 2.593740e-02 -3.844020e-06 0
9.912101e+05 0.052562  9.912190e+05 2.384960e-01 -3.017360e-04 0  9.912061e+05 2.584600e-02 5.217280e-06 0
1.079333e+06 0.052562  1.079317e+06 2.155320e-01 -7.224330e-05 0  1.079339e+06 2.579890e-02 -2.235090e-05 0
1.175290e+06 0.052562  1.175315e+06 1.906610e-01 3.251050e-05 0  1.175321e+06 2.576760e-02 3.461660e-06 0
1.279778e+06 0.052562  1.279771e+06 1.685550e-01 1.747160e-05 0  1.279747e+06 2.563400e-02 2.031470e-05 0
1.393556e+06 0.052562  1.393560e+06 1.481580e-01 -1.930020e-04 0  1.393519e+06 2.550000e-02 2.045400e-05 0
1.517449e+06 0.052562  1.517450e+06 1.299870e-01 1.354760e-05 0  1.517457e+06 2.538610e-02 -2.034490e-05 0
1.652357e+06 0.052562  1.652365e+06 1.132380e-01 1.383050e-04 0  1.652328e+06 2.527820e-02 1.489860e-05 0
1.799259e+06 0.052562  1.799231e+06 9.760650e-02 1.484480e-05 0  1.799318e+06 2.504960e-02 -4.170270e-05 0
1.959220e+06 0.052562  1.959246e+06 8.304800e-02 -2.156290e-04 0  1.959232e+06 2.489460e-02 -7.225220e-06 0
2.133404e+06 0.052562  2.133364e+06 6.676010e-02 1.254550e-04 0  2.133397e+06 2.468720e-02 -1.125310e-05 0
2.323072e+06 0.052562  2.323036e+06 5.429900e-02 -6.599380e-05 0  2.323081e+06 2.438300e-02 2.652090e-05 0
2.529603e+06 0.052562  2.529642e+06 4.357090e-02 1.242600e-05 0  2.529611e+06 2.408380e-02 2.736990e-05 0
2.754496e+06 0.052562  2.754535e+06 3.463130e-02 -8.750880e-05 0  2.754617e+06 2.376560e-02 2.457740e-06 0
2.999382e+06 0.052562  2.999433e+06 2.768950e-02 -5.345520e-05 0  2.999276e+06 2.324850e-02 2.640060e-05 0
3.266040e+06 0.052562  3.265969e+06 2.165060e-02 3.936680e-05 0  3.265930e+06 2.296810e-02 -2.847680e-05 0
3.556405e+06 0.052562  3.556490e+06 1.701560e-02 1.513380e-05 0  3.556376e+06 2.229040e-02 -5.633750e-05 0
3.872585e+06 0.052562  3.872459e+06 1.354010e-02 3.530810e-05 0  3.872473e+06 2.174120e-02 6.144430e-05 0
4.216874e+06 0.052562  4.217215e+06 1.029390e-02 -9.107710e-06 0  4.216843e+06 2.112960e-02 -5.753380e-05 0
4.591772e+06 0.052562  4.591822e+06 8.040700e-03 1.670050e-04 0  4.592080e+06 2.065180e-02 -6.361260e-05 0
5.000000e+06 0.052562  3.769227e+06 4.438830e-05 -4.746270e-04 0  4.802115e+06 -3.779910e-04 2.276850e-04 0
