# F_set      Vpp_set   F0           Vpp0   OVL0 RNG0  F1           Vpp1   OVL1 RNG1
1.000000e+03 0.100000  1.000003e+03 7.730530e+00 -7.080850e-02 0  1.000003e+03 5.064140e-02 -3.579110e-06 0
1.185713e+03 0.100000  1.185697e+03 7.729600e+00 -7.966380e-02 0  1.185697e+03 5.064170e-02 4.965400e-06 0
1.405914e+03 0.100000  1.405898e+03 7.728150e+00 -9.279870e-02 0  1.405898e+03 5.064370e-02 -4.329430e-06 0
1.667010e+03 0.100000  1.667003e+03 7.726400e+00 -1.067890e-01 0  1.667003e+03 5.063560e-02 1.972860e-07 0
1.976595e+03 0.100000  1.976568e+03 7.725790e+00 -1.245500e-01 0  1.976568e+03 5.064500e-02 -6.186380e-06 0
2.343673e+03 0.100000  2.343609e+03 7.724200e+00 -1.430670e-01 0  2.343609e+03 5.064560e-02 -8.706900e-07 0
2.778922e+03 0.100000  2.778874e+03 7.723870e+00 -1.662050e-01 0  2.778874e+03 5.066610e-02 8.347920e-06 0
3.295003e+03 0.100000  3.294960e+03 7.722340e+00 -1.956090e-01 0  3.294960e+03 5.066710e-02 5.648580e-06 0
3.906926e+03 0.100000  3.906840e+03 7.720310e+00 -2.292440e-01 0  3.906840e+03 5.066570e-02 6.223300e-06 0
4.632491e+03 0.100000  4.632442e+03 7.718200e+00 -2.696390e-01 0  4.632442e+03 5.068300e-02 3.453310e-06 0
5.492803e+03 0.100000  5.492815e+03 7.716420e+00 -3.186520e-01 0  5.492815e+03 5.072050e-02 -3.115480e-06 0
6.512885e+03 0.100000  6.512795e+03 7.712050e+00 -3.768310e-01 0  6.512795e+03 5.071270e-02 -1.204070e-05 0
7.722409e+03 0.100000  7.722216e+03 7.707150e+00 -4.417500e-01 0  7.722216e+03 5.072440e-02 -7.243490e-06 0
9.156557e+03 0.100000  9.156549e+03 7.700190e+00 -5.212310e-01 0  9.156549e+03 5.074760e-02 4.868890e-07 0
1.085704e+04 0.100000  1.085690e+04 7.692590e+00 -6.134760e-01 0  1.085690e+04 5.078600e-02 6.191070e-06 0
1.287333e+04 0.100000  1.287300e+04 7.681100e+00 -7.207390e-01 0  1.287300e+04 5.084070e-02 4.114530e-06 0
1.526407e+04 0.100000  1.526383e+04 7.659930e+00 -8.508120e-01 0  1.526383e+04 5.086660e-02 1.222060e-06 0
1.809880e+04 0.100000  1.809881e+04 7.626670e+00 -1.000990e+00 0  1.809881e+04 5.083890e-02 1.955360e-06 0
2.145997e+04 0.100000  2.145991e+04 7.581210e+00 -1.185210e+00 0  2.145991e+04 5.082660e-02 -7.459550e-06 0
2.544536e+04 0.100000  2.544524e+04 7.516970e+00 -1.405120e+00 0  2.544524e+04 5.077890e-02 -3.855040e-06 0
3.017088e+04 0.100000  3.017035e+04 7.263760e+00 -1.859690e+00 0  3.017035e+04 5.079810e-02 -5.604110e-06 0
3.577399e+04 0.100000  3.577336e+04 6.648750e+00 -2.468000e+00 0  3.577336e+04 5.078650e-02 -4.056580e-06 0
4.241767e+04 0.100000  4.241671e+04 5.799380e+00 -2.989480e+00 0  4.241671e+04 5.079970e-02 4.212200e-06 0
5.029516e+04 0.100000  5.029380e+04 4.800670e+00 -3.387690e+00 0  5.029380e+04 5.082660e-02 3.791960e-06 0
5.963560e+04 0.100000  5.963580e+04 3.564120e+00 -3.735470e+00 0  5.963580e+04 5.083650e-02 5.572730e-06 0
7.071068e+04 0.100000  7.071077e+04 2.217600e+00 -3.811790e+00 0  7.071077e+04 5.082540e-02 -1.718230e-06 0
8.384254e+04 0.100000  8.384209e+04 1.046550e+00 -3.564510e+00 0  8.384209e+04 5.085230e-02 9.940610e-06 0
9.941314e+04 0.100000  9.941282e+04 2.288850e-01 -3.119280e+00 0  9.941282e+04 5.086920e-02 1.280620e-05 0
1.178754e+05 0.100000  1.178734e+05 -3.081750e-01 -2.612380e+00 0  1.178734e+05 5.094020e-02 8.874180e-06 0
1.397663e+05 0.100000  1.397626e+05 -6.471620e-01 -2.115170e+00 0  1.397626e+05 5.077900e-02 -2.307160e-06 0
1.657227e+05 0.100000  1.657190e+05 -8.435150e-01 -1.656840e+00 0  1.657190e+05 5.073320e-02 1.295850e-06 0
1.964995e+05 0.100000  1.964956e+05 -9.355380e-01 -1.250130e+00 0  1.964956e+05 5.077280e-02 9.846990e-07 0
2.329919e+05 0.100000  2.329896e+05 -9.637100e-01 -8.925100e-01 0  2.329896e+05 5.071120e-02 1.666860e-06 0
2.762614e+05 0.100000  2.762561e+05 -9.325110e-01 -5.845620e-01 0  2.762561e+05 5.077320e-02 3.632600e-05 0
3.275666e+05 0.100000  3.275681e+05 -8.588480e-01 -3.288310e-01 0  3.275681e+05 5.068620e-02 2.350360e-05 0
3.883998e+05 0.100000  3.883982e+05 -7.560880e-01 -1.267810e-01 0  3.883982e+05 5.070010e-02 1.479590e-05 0
4.605305e+05 0.100000  4.605177e+05 -6.452100e-01 -2.011410e-02 0  4.605177e+05 5.065640e-02 7.581810e-06 0
5.460568e+05 0.100000  5.460424e+05 -5.251600e-01 8.238040e-02 0  5.460424e+05 5.060750e-02 1.675050e-06 0
6.474664e+05 0.100000  6.474499e+05 -4.082480e-01 1.455760e-01 0  6.474499e+05 5.061630e-02 7.910410e-07 0
7.677089e+05 0.100000  7.677056e+05 -3.023020e-01 1.767750e-01 0  7.677056e+05 5.037010e-02 -1.824760e-05 0
9.102821e+05 0.100000  9.102906e+05 -1.979280e-01 1.967780e-01 0  9.102906e+05 5.025980e-02 4.266610e-06 0
1.079333e+06 0.100000  1.079307e+06 -1.263370e-01 1.838020e-01 0  1.079307e+06 5.004170e-02 3.226970e-05 0
1.279778e+06 0.100000  1.279779e+06 -7.358090e-02 1.618630e-01 0  1.279779e+06 4.969250e-02 1.958570e-05 0
1.517449e+06 0.100000  1.517453e+06 -3.691400e-02 1.351860e-01 0  1.517453e+06 4.923040e-02 -1.410480e-05 0
1.799259e+06 0.100000  1.799256e+06 -1.364150e-02 1.084740e-01 0  1.799256e+06 4.864900e-02 -6.419930e-05 0
2.133404e+06 0.100000  2.133409e+06 6.022390e-04 8.200440e-02 0  2.133409e+06 4.766060e-02 -4.139740e-05 0
2.529603e+06 0.100000  2.529627e+06 1.519810e-02 5.359630e-02 0  2.529627e+06 4.667820e-02 6.015800e-05 0
2.999382e+06 0.100000  2.999439e+06 1.728140e-02 3.069830e-02 0  2.999439e+06 4.521870e-02 -1.166770e-04 0
3.556405e+06 0.100000  3.556274e+06 1.593590e-02 1.484870e-02 0  3.556274e+06 4.335880e-02 4.830230e-06 0
4.216874e+06 0.100000  4.216752e+06 1.168510e-02 6.448810e-03 0  4.216752e+06 3.981840e-02 1.830740e-04 0
5.000000e+06 0.100000  4.866962e+06 -2.897380e-05 1.135350e-03 0  4.866962e+06 -1.058910e-03 3.914210e-03 0
