# freq [Hz]  noise density [V^2/Hz]
1.4285714286 6.6968142015e-11
4.2857142857 4.102084840840001e-11
5.7142857143 3.6331659498e-11
7.1428571429 3.957617183550001e-11
8.5714285714 4.465634405400001e-11
10.0 5.732381641440001e-11
11.428571429 4.5606598491500004e-11
12.857142857 5.2716022876250005e-11
14.285714286 3.150344635985e-11
15.714285714 3.691062306445e-11
17.142857143 3.9675897323950006e-11
18.571428571 4.2685542680500004e-11
20.0 5.870528395749999e-11
21.428571429 3.952182031193701e-11
22.857142857 4.8974787194499996e-11
24.285714286 3.43884030725e-11
25.714285714 5.6518289063499996e-11
27.142857143 3.9457491723999994e-11
28.571428571 3.1902418686e-11
30.0 5.042377073999999e-11
31.428571429 5.4447797254999993e-11
32.857142857 3.2235882584999995e-11
34.285714286 4.6286481011099995e-11
35.714285714 4.8519414185e-11
37.142857143 3.3502040576499995e-11
38.571428571 2.47295184282365e-11
40.0 4.5281787419549996e-11
41.428571429 6.388776453999998e-11
42.857142857 4.8840302913e-11
44.285714286 6.1547757435e-11
45.714285714 5.697416918299999e-11
47.142857143 4.48156420295e-11
48.571428571 9.079327585524998e-11
50.0 3.5691964775000007e-7
51.428571429 6.858939888799999e-11
52.857142857 6.60979400595e-11
54.285714286 4.34473324775e-11
55.714285714 5.785262503285e-11
57.142857143 4.2675544586e-11
58.571428571 5.73233372e-11
60.0 4.61059835302e-11
61.428571429 4.17528578618e-11
62.857142857 3.9695295673e-11
64.285714286 4.9631630562000006e-11
65.714285714 3.601292795405e-11
67.142857143 5.209624727984999e-11
68.571428571 7.240646404234999e-11
70.0 5.96575041755e-11
71.428571429 5.030210578500001e-11
72.857142857 3.3514669015000006e-11
74.285714286 3.8457792095e-11
75.714285714 4.9102174774000006e-11
77.142857143 4.63675513472e-11
78.571428571 3.9526888665e-11
80.0 4.779915489215e-11
81.428571429 4.45532743378e-11
82.857142857 6.1721271794e-11
84.285714286 3.9197579488999997e-11
85.714285714 3.91274936655e-11
87.142857143 3.8601910394e-11
88.571428571 3.307088262755e-11
90.0 4.3545446792849996e-11
91.428571429 3.912742446474e-11
92.857142857 4.2809549262499993e-11
94.285714286 2.4995123576350002e-11
95.714285714 2.7478039023e-11
97.142857143 5.021908609535001e-11
99.285714286 8.448147929e-11
102.14285714 4.9929805999999994e-11
105.0 3.741898103850001e-11
107.85714286 5.7568274660999976e-11
110.71428571 4.9816695603e-11
113.57142857 4.6762352867499996e-11
116.42857143 2.6707713266500002e-11
119.28571429 4.0300089127e-11
122.14285714 4.1248303487e-11
125.0 4.5371626818e-11
127.85714286 4.2849003416999995e-11
130.71428571 4.3897733881499995e-11
133.57142857 3.622667979949999e-11
136.42857143 5.1130366582e-11
139.28571429 3.445363975850001e-11
142.14285714 4.5566532081999996e-11
145.0 4.395655865699999e-11
147.85714286 3.151725978049999e-11
150.71428571 9.7265977045e-11
153.57142857 4.9316408079000006e-11
156.42857143 2.6160535384000003e-11
159.28571429 4.1050664932e-11
162.14285714 4.265480430950001e-11
165.0 3.5391255444000006e-11
167.85714286 5.213989557e-11
170.71428571 4.73604734395e-11
173.57142857 4.8877955709500004e-11
176.42857143 4.9488439174e-11
179.28571429 3.962574458899999e-11
182.14285714 3.8902859956e-11
185.0 4.0357510430000006e-11
187.85714286 3.6615483938499996e-11
190.71428571 3.5336136708999984e-11
193.57142857 3.9119600075e-11
197.14285714 3.21279148495e-11
201.42857143 3.699779708500001e-11
205.71428571 4.1280751210000005e-11
210.0 3.0232137773000006e-11
214.28571429 4.432515090799999e-11
218.57142857 4.3829325060500006e-11
222.85714286 3.4516211794500003e-11
227.14285714 4.4072735354999997e-11
231.42857143 5.1017205430000003e-11
235.71428571 3.8485185110999994e-11
240.0 3.7027738095e-11
244.28571429 3.3988337537999996e-11
248.57142857 4.777112176e-11
252.85714286 3.8919192511e-11
257.14285714 2.8735786280499996e-11
261.42857143 4.1448913805000006e-11
265.71428571 3.7603708494000003e-11
270.0 3.2845663351000004e-11
274.28571429 3.2531022634000004e-11
278.57142857 3.6876604059999995e-11
282.85714286 3.6009771180000005e-11
287.14285714 4.1305658075e-11
291.42857143 4.170147895999999e-11
296.42857143 4.7261339495000005e-11
302.14285714 3.846643082e-11
307.85714286 4.0351536843e-11
313.57142857 3.6387831844999994e-11
319.28571429 3.727858213450001e-11
325.0 3.848877217e-11
330.71428571 3.895083664000001e-11
336.42857143 3.6539913045e-11
342.14285714 3.75937559e-11
347.85714286 7.323666568e-11
353.57142857 4.422224168000001e-11
359.28571429 3.9474825015000003e-11
365.0 3.8622922824999995e-11
370.71428571 3.8141480109999995e-11
376.42857143 4.012872164500001e-11
382.14285714 4.0704094934999997e-11
387.85714286 3.7285215804999996e-11
394.28571429 3.3485359289499994e-11
401.42857143 4.0545643794999994e-11
408.57142857 4.1248457165e-11
415.71428571 3.831360302e-11
422.85714286 4.2141626475e-11
430.0 4.3217327130000004e-11
437.14285714 4.99875019085e-11
444.28571429 3.712249903000001e-11
451.42857143 4.34440642075e-11
458.57142857 3.54597820145e-11
465.71428571 3.3248937655000004e-11
472.85714286 4.4126643425e-11
480.0 3.9474642407500006e-11
487.85714286 3.670319443e-11
496.42857143 3.4238034096e-11
505.0 3.6278339809999994e-11
513.57142857 3.88235745e-11
522.14285714 3.603467556499999e-11
530.71428571 3.4974547410000004e-11
539.28571429 3.523256166e-11
547.85714286 4.7133992355e-11
556.42857143 4.0351821579999994e-11
565.0 3.9751163845e-11
573.57142857 3.402020199e-11
582.14285714 3.9362782915e-11
591.42857143 4.1127572549999994e-11
601.42857143 3.6427060315e-11
611.42857143 3.8237721125e-11
621.42857143 3.8883979425e-11
631.42857143 3.2407404085e-11
641.42857143 4.10468247835e-11
651.42857143 4.085064509e-11
661.42857143 3.9992563744999994e-11
671.42857143 4.0792266695000005e-11
682.14285714 4.264241127e-11
693.57142857 4.188580289500001e-11
705.0 4.1960115598e-11
716.42857143 3.873897326e-11
727.85714286 3.6090388965e-11
739.28571429 4.1097911975e-11
750.71428571 4.4277678255000007e-11
762.14285714 3.655894050999999e-11
773.57142857 3.481488259e-11
785.71428571 3.801495166e-11
798.57142857 3.8227272455e-11
811.42857143 3.8813885214999996e-11
824.28571429 3.769757431e-11
837.14285714 3.8801793759999994e-11
850.0 3.7082426725e-11
862.85714286 3.7403375975e-11
876.42857143 4.076780918e-11
890.71428571 3.556197406e-11
905.0 3.4352538695e-11
919.28571429 4.7259056194999995e-11
933.57142857 3.8675514405e-11
947.85714286 4.5974719355e-11
962.14285714 4.0921569379999995e-11
977.14285714 3.7559869285000007e-11
992.85714286 4.432639232500001e-11
1008.5714286 3.4973527025e-11
1024.2857143 3.9377952919999994e-11
1040.0 4.1759634005e-11
1055.7142857 3.7998444259999996e-11
1072.1428571 3.806321397e-11
1089.2857143 3.8576463245000006e-11
1106.4285714 4.130231167999999e-11
1123.5714286 4.0485837484999996e-11
1140.7142857 3.942920515500001e-11
1157.8571429 4.3415772319999996e-11
1175.7142857 3.700335315e-11
1194.2857143 4.3535643549999993e-11
1212.8571429 3.9631480594999995e-11
1231.4285714 3.9083300895e-11
1250.0 4.326405725500002e-11
1269.2857143 3.862488887000001e-11
1289.2857143 3.418159688e-11
1309.2857143 3.7632958664999994e-11
1329.2857143 3.839409344e-11
1349.2857143 3.9553925589999993e-11
1370.0 4.310279526499999e-11
1391.4285714 4.2282825354999996e-11
1412.8571429 3.6161158155e-11
1434.2857143 4.1138096579999994e-11
1455.7142857 4.068282945e-11
1477.8571429 3.7468103325e-11
1500.7142857 4.0729644475e-11
1523.5714286 3.7883473925000004e-11
1546.4285714 4.2664157505000007e-11
1570.0 3.6760638275e-11
1594.2857143 3.802937853e-11
1618.5714286 3.5608091525e-11
1642.8571429 3.8654979815000005e-11
1667.8571429 3.84500202e-11
1693.5714286 3.8609895680000005e-11
1719.2857143 3.451043197e-11
1745.0 4.185905732e-11
1771.4285714 4.0120703115e-11
1798.5714286 3.436717865e-11
1825.7142857 3.9044936265e-11
1853.5714286 3.7320668185e-11
1882.1428571 3.9096666055e-11
1910.7142857 3.916775297e-11
1939.2857143 3.5899528315e-11
1968.5714286 4.02797747e-11
1998.5714286 3.592734535e-11
2028.5714286 3.8693709199999993e-11
2059.2857143 4.151570093e-11
2090.7142857 3.6806754880000005e-11
2122.1428571 3.8852160175000004e-11
2154.2857143 3.8422175984999995e-11
2187.1428571 4.0082403510000006e-11
2220.0 3.5713088925e-11
2253.5714286 4.1179660645000006e-11
2287.8571429 3.6648854150000003e-11
2322.1428571 4.2104641925000005e-11
2357.1428571 3.8282032905e-11
2392.8571429 3.8533669929999996e-11
2429.2857143 3.872768649e-11
2466.4285714 3.680598522499999e-11
2503.5714286 3.6981138670000007e-11
2541.4285714 3.827260221e-11
2580.0 3.7073439799999996e-11
2618.5714286 4.2848938565e-11
2657.8571429 4.1504667065e-11
2697.8571429 4.1088262005e-11
2738.5714286 3.7618088705000003e-11
2780.0 4.045269044000001e-11
2822.1428571 3.8064691730000005e-11
2865.0 3.916417118e-11
2907.8571429 3.89088435e-11
2951.4285714 3.6517711635e-11
2995.7142857 3.8564409755e-11
3040.7142857 4.1865154855e-11
3086.4285714 3.8329732615e-11
3132.8571429 3.668382089e-11
3180.0 3.6914438559999996e-11
3227.8571429 3.742778443e-11
3276.4285714 3.914471678999999e-11
3325.7142857 3.9439018695000004e-11
3375.7142857 3.7686126520000004e-11
3426.4285714 3.6887429435e-11
3477.8571429 3.923823381e-11
3530.0 3.531799667e-11
3582.8571429 3.7609443115e-11
3636.4285714 4.0846006674999996e-11
3691.4285714 3.7733971450000005e-11
3747.1428571 3.7568041430000005e-11
3803.5714286 3.9265202650000005e-11
3860.7142857 4.0135574949999996e-11
3918.5714286 3.868192868e-11
3977.1428571 3.9491740110000003e-11
4036.4285714 4.007774238e-11
4097.1428571 3.8358406130000004e-11
4158.5714286 3.5102804e-11
4220.7142857 3.941868874e-11
4284.2857143 4.0440212465000006e-11
4348.5714286 3.929697815999999e-11
4413.5714286 3.8834426260000004e-11
4480.0 4.1688590529999997e-11
4547.1428571 4.040323044e-11
4615.0 3.8880308189999996e-11
4684.2857143 3.7123831964999997e-11
4754.2857143 4.070247055e-11
4825.0 3.955281665500001e-11
4897.1428571 4.0508738175000004e-11
4970.7142857 3.889924705999999e-11
5045.0 3.8343971560000006e-11
5120.0 3.6385434734999997e-11
5196.4285714 3.80297026e-11
5274.2857143 3.9598657655e-11
5353.5714286 3.8035453685000005e-11
5433.5714286 3.8948649030000006e-11
5514.2857143 3.963447327e-11
5596.4285714 3.8345643745e-11
5680.0 3.769187684500001e-11
5765.0 3.8874906044999994e-11
5851.4285714 3.6426844415e-11
5939.2857143 3.9509684015e-11
6028.5714286 3.8272851024999995e-11
6119.2857143 3.7100314715e-11
6210.7142857 3.9178751825000006e-11
6302.8571429 3.842498833000001e-11
6396.4285714 3.80631688e-11
6491.4285714 3.8307270520000005e-11
6587.8571429 3.789934591500001e-11
6685.7142857 3.851999865e-11
6785.0 3.7775441540000005e-11
6885.7142857 3.894587132000001e-11
6987.8571429 4.0175167864999994e-11
7092.1428571 3.838261116e-11
7198.5714286 3.7999762324999996e-11
7306.4285714 3.9805904229999996e-11
7415.7142857 3.968994135e-11
7526.4285714 3.8808210999999994e-11
7638.5714286 3.6243298955e-11
7752.1428571 3.8315511194999994e-11
7867.8571429 3.7605500014999996e-11
7985.7142857 3.885118911e-11
8105.0 3.793546266e-11
8225.7142857 3.8453503045e-11
8347.8571429 3.7307254374999994e-11
8472.1428571 3.7300206265e-11
8598.5714286 3.9494650255e-11
8726.4285714 3.718559407e-11
8856.4285714 3.842332595500001e-11
8988.5714286 3.6549437214999994e-11
9122.1428571 4.068750901e-11
9257.8571429 3.9018568335e-11
9395.7142857 3.7315037895000005e-11
9535.7142857 3.8152433365e-11
9677.8571429 4.0150717695e-11
9822.1428571 3.737368707999999e-11
9968.5714286 3.7998906030000005e-11
10117.142857 3.7885433675e-11
10267.857143 3.713799583499999e-11
10420.714286 3.745059801e-11
10575.714286 3.688292176e-11
10732.857143 3.8652787595e-11
10892.857143 3.7631235945e-11
11055.0 3.819666632999999e-11
11219.285714 3.841158068e-11
11386.428571 3.782663338000001e-11
11556.428571 3.699481519e-11
11728.571429 3.8249266189999994e-11
11902.857143 3.768932962e-11
12080.0 3.7788221695e-11
12260.0 3.828264835000001e-11
12442.857143 3.7765442205e-11
12628.571429 3.7969964820000004e-11
12817.142857 3.75165786e-11
13007.857143 3.8059112444999996e-11
13200.714286 3.7737440109999996e-11
13396.428571 3.777780003999999e-11
13595.714286 3.7365206015e-11
13798.571429 3.7859382425e-11
14004.285714 3.7954410565e-11
14212.857143 3.6928395855e-11
14424.285714 3.6605662525e-11
14638.571429 3.858993212999999e-11
14856.428571 3.7606085530000004e-11
15077.857143 3.6549382039999997e-11
15302.142857 3.684149124999999e-11
15529.285714 3.778417839e-11
15760.0 3.678491260500001e-11
15994.285714 3.798790270499999e-11
16232.142857 3.651256412e-11
16473.571429 3.6874535745000004e-11
16718.571429 3.7791559369999996e-11
16967.142857 3.7157417035e-11
17219.285714 3.5836831265e-11
17475.0 3.708354514e-11
17734.285714 3.6132118545e-11
17997.857143 3.754812842e-11
18265.714286 3.5925233614999997e-11
18537.142857 3.6301749805e-11
18812.142857 3.669520167e-11
19091.428571 3.6691577735e-11
19375.0 3.7048704975e-11
19662.857143 3.507279546e-11
19955.0 3.663004415499999e-11
20251.428571 3.5660334365000006e-11
20552.142857 3.6320359984999995e-11
20857.142857 3.7109726935e-11
21167.142857 3.6536116220000004e-11
21482.142857 3.5246661565000004e-11
21801.428571 3.6545971425e-11
22125.0 3.6473947290000005e-11
22453.571429 3.7582142530000006e-11
22787.142857 3.6912902630000006e-11
23125.714286 3.6188415459999994e-11
23469.285714 3.5303049430000005e-11
23817.857143 3.709157278e-11
24171.428571 3.5966317245e-11
24530.0 3.673403628e-11
24894.285714 3.5818864500000006e-11
25264.285714 3.5926625494999996e-11
25640.0 3.613255357e-11
26021.428571 3.5634548895e-11
26408.571429 3.4990387005e-11
26801.428571 3.424334532e-11
27200.0 3.4932281485e-11
27604.285714 3.4928094829999994e-11
28014.285714 3.4670537385e-11
28430.0 3.5109713869999996e-11
28852.142857 3.5226415345e-11
29280.714286 3.424234023e-11
29715.714286 3.4087560205e-11
30157.142857 3.4905924200000005e-11
30605.0 3.397859842499999e-11
31059.285714 3.462191284000001e-11
31520.0 3.4896044075e-11
31987.857143 3.4161788145e-11
32462.857143 3.359831386e-11
32945.0 3.4061486545000007e-11
33434.285714 3.3646128270000007e-11
33930.714286 3.3691307430000006e-11
34434.285714 3.3505506624999996e-11
34945.0 3.361404535e-11
35463.571429 3.321852573500001e-11
35990.0 3.2669542550000004e-11
36524.285714 3.200759024e-11
37066.428571 3.2941266755e-11
37616.428571 3.3169519815e-11
38175.0 3.238058343e-11
38742.142857 3.2821397585000005e-11
39317.142857 3.1873155940000004e-11
39900.0 3.153344416e-11
40492.142857 3.1526044974999996e-11
41093.571429 3.1795585275e-11
41703.571429 3.138878931e-11
42322.142857 3.1313577365e-11
42950.0 3.068926986e-11
43587.142857 3.090614007500001e-11
44233.571429 3.084803344499999e-11
44890.0 3.051445697e-11
45556.428571 2.9966332299999994e-11
46232.857143 2.975929871e-11
46919.285714 2.996169199e-11
47615.714286 2.9890768790000004e-11
48322.142857 2.9202027955000006e-11
49039.285714 2.9312284634999996e-11
49767.142857 2.9171230084999994e-11
50505.714286 2.881127529e-11
51255.0 2.848204214499999e-11
52015.0 2.7892920219999995e-11
52786.428571 2.7610868805000003e-11
53569.285714 2.7743174440000002e-11
54363.571429 2.7536380824999997e-11
55170.0 2.7411743585e-11
55988.571429 2.7165444755e-11
56819.285714 2.684524583e-11
57662.142857 2.6552371774999998e-11
58517.142857 2.6276907934999996e-11
59385.0 2.5428941925000005e-11
60265.714286 2.5548971874999997e-11
61159.285714 2.5702409465000002e-11
62066.428571 2.4791332745000005e-11
62987.142857 2.4536920049999998e-11
63921.428571 2.4715398464999997e-11
64870.0 2.4547617174999997e-11
65832.857143 2.4846987595e-11
66810.0 2.3817858770000004e-11
67801.428571 2.4036962485e-11
68807.142857 2.3159614184999998e-11
69827.857143 2.3115322115e-11
70863.571429 2.280190483e-11
71914.285714 2.2529042945e-11
72980.714286 2.1810709155e-11
74062.857143 2.192124314e-11
75161.428571 2.1698968575e-11
76276.428571 2.1462559050000002e-11
77407.857143 2.0866483945e-11
78556.428571 2.034538721e-11
79722.142857 2.0311802755000004e-11
80905.0 1.9822074075000002e-11
82105.0 1.9559239290000002e-11
83322.857143 1.9217657334999996e-11
84558.571429 1.9167093744999998e-11
85812.142857 1.9082637924999994e-11
87084.285714 1.8453010065e-11
88375.714286 1.790102934e-11
89686.428571 1.7559485805e-11
91016.428571 1.712960237e-11
92366.428571 1.6977456130000003e-11
93736.428571 1.6654649609999997e-11
95126.428571 1.6368567725e-11
96537.142857 1.5783821e-11
97969.285714 1.5478286435000003e-11
99422.857143 1.5015691965e-11
100897.85714 1.492239163e-11
102394.28571 1.4390883910000001e-11
103912.85714 1.4374481695e-11
105454.28571 1.4021589325000003e-11
107018.57143 1.3648340865e-11
108605.71429 1.3132267985000004e-11
110216.42857 1.3178043535e-11
111851.42857 1.2686334884999998e-11
113510.71429 1.2329736495000001e-11
115194.28571 1.2103030349999997e-11
116902.85714 1.1787137805e-11
118636.42857 1.1461742584999998e-11
120395.71429 1.1319430094999999e-11
122181.42857 1.0907575680000001e-11
123993.57143 1.0530558914e-11
125832.85714 1.0274136491e-11
127699.28571 9.986569365499999e-12
129592.85714 9.8007882825e-12
131514.28571 9.4189113525e-12
133464.28571 9.129166412500002e-12
135443.57143 9.0218794725e-12
137452.14286 8.6279880395e-12
139490.0 8.4583128785e-12
141558.57143 8.185168844e-12
143657.85714 7.874104568499998e-12
145787.85714 7.727552905999998e-12
147949.28571 7.464337730000001e-12
150142.85714 7.1962207100000015e-12
152369.28571 6.982815284e-12
154628.57143 6.750661582999999e-12
156921.42857 6.5258565780000006e-12
159248.57143 6.343374796e-12
161610.0 6.200309840499999e-12
164006.42857 5.9231423115e-12
166438.57143 5.7415804765000005e-12
168906.42857 5.589067368499999e-12
171410.71429 5.337071279e-12
173952.14286 5.1366024655e-12
176531.42857 4.962565726e-12
179149.28571 4.7765097875e-12
181805.71429 4.631094533e-12
184501.42857 4.425801857e-12
187237.14286 4.295816569e-12
190013.57143 4.178516577000001e-12
192831.42857 4.0142997805e-12
195690.71429 3.8401146755e-12
198592.14286 3.6936417675000005e-12
201536.42857 3.5773187930000003e-12
204524.28571 3.4535095634999992e-12
207556.42857 3.3188058935e-12
210633.57143 3.1951967075000002e-12
213756.42857 3.0522007554999997e-12
216925.71429 2.9413591025e-12
220142.14286 2.8266610760000006e-12
223406.42857 2.7201225955000004e-12
226719.28571 2.629227173e-12
230080.71429 2.4976926744999996e-12
233492.14286 2.4015866165e-12
236954.28571 2.3272328275e-12
240467.14286 2.2023674945e-12
244032.14286 2.1129554229999998e-12
247650.0 2.0342160885e-12
251321.42857 1.9595549169999995e-12
255047.85714 1.8808327720000003e-12
258830.0 1.7921213354999999e-12
262667.85714 1.7380929100000003e-12
266562.14286 1.6565398019999995e-12
270514.28571 1.603565102e-12
274525.0 1.5239558139999999e-12
278595.0 1.4567023655e-12
282725.71429 1.3989333885e-12
286917.85714 1.3294825305e-12
291172.14286 1.3018981855e-12
295489.28571 1.2647078709999999e-12
299870.0 1.1965477740000001e-12
304315.71429 1.1220741104999999e-12
308827.85714 1.0673637989999998e-12
313407.14286 1.0718879705e-12
318054.28571 1.0140949380500002e-12
322770.0 9.890270575e-13
327555.0 9.627784796500002e-13
332410.71429 8.855623244e-13
337338.57143 8.5567481735e-13
342340.0 7.947408189000001e-13
347415.71429 7.5517624125e-13
352566.42857 7.903555568000001e-13
357793.57143 7.235417626000001e-13
363098.57143 6.628471834500001e-13
368482.14286 6.2835470425e-13
373945.0 6.034043999999999e-13
379488.57143 5.789430113e-13
385114.28571 6.087467093e-13
390823.57143 5.261026451500001e-13
396617.85714 5.016904109999999e-13
402497.85714 4.7894726225e-13
408465.0 4.553039798e-13
414520.71429 4.823372489000001e-13
420666.42857 4.1397065645e-13
426903.57143 3.974580643e-13
433232.85714 3.816135849999999e-13
439655.71429 3.6950713070000004e-13
446173.57143 3.4696355165000005e-13
452787.85714 3.3032337699999997e-13
459500.71429 3.131535633e-13
466313.57143 2.9848583969999997e-13
473227.14286 2.8560712200000003e-13
480242.85714 2.7407995175e-13
487362.85714 2.606488549e-13
494588.57143 2.485286905e-13
501920.71429 2.3803328410000003e-13
509361.42857 2.282499587e-13
516912.85714 2.155872478e-13
524576.42857 2.0601564365e-13
532353.57143 1.9740991514999998e-13
540245.71429 1.878603131e-13
548255.0 1.7781812989999997e-13
556382.85714 1.7135085719999998e-13
564630.71429 1.641444201e-13
573001.42857 1.5665178259999997e-13
581496.42857 1.4888167615e-13
590117.14286 1.4702177920000002e-13
598865.71429 1.3615595725e-13
607743.57143 1.3579800669999998e-13
616752.85714 1.306510467e-13
625895.71429 1.3364165250000001e-13
635174.28571 1.2036993145000003e-13
644590.71429 1.137680886e-13
654146.42857 1.1125670704999999e-13
663843.57143 9.8229714025e-14
673685.0 9.807323794999998e-14
683672.85714 1.00007688135e-13
693808.57143 8.656190061000001e-14
704094.28571 8.453063353e-14
714532.14286 8.802503994e-14
725125.0 7.275577367999999e-14
735875.0 7.973239901999999e-14
746784.28571 6.616126166999999e-14
757855.71429 6.121732999499999e-14
769090.71429 6.632126737e-14
780492.14286 5.5134526705e-14
792062.85714 5.3397561359999996e-14
803805.0 5.278941709000001e-14
815721.42857 4.7068191965e-14
827814.28571 4.768416496499999e-14
840086.42857 4.2124870305e-14
852540.71429 4.2022213639999993e-14
865179.28571 3.845162200000001e-14
878005.0 3.649267778500001e-14
891020.71429 3.494384005e-14
904229.28571 3.252931693500001e-14
917633.57143 3.0994793415e-14
931237.14286 2.9494958450000004e-14
945042.85714 2.7957741169999996e-14
959052.85714 2.6453398135e-14
973270.71429 2.502190013e-14
987699.28571 2.3789290205e-14
1002341.4286 2.2526075695e-14
1017200.7143 2.1481711045000004e-14
1032280.0 2.0341030480000002e-14
1047582.8571 1.9260966655e-14
1063112.8571 1.8292919735000002e-14
1078872.8571 1.7372070250000004e-14
1094866.4286 1.6559938655000003e-14
1111097.1429 1.5671601249999998e-14
1127568.5714 1.4834225555e-14
1144284.2857 1.4027819485000002e-14
1161247.8571 1.3322270119999999e-14
1178462.8571 1.3206181385000002e-14
1195932.8571 1.1972777444999998e-14
1213662.1429 1.14090945e-14
1231654.2857 1.083858283e-14
1249912.8571 1.0282284259999999e-14
1268442.1429 9.7774382775e-15
1287246.4286 9.279522188999997e-15
1306329.2857 8.841317721999999e-15
1325695.0 8.406122538999999e-15
1345347.8571 7.992281988999999e-15
1365292.1429 7.610740172000002e-15
1385532.1429 7.238415213e-15
1406072.1429 6.8784719244999975e-15
1426916.4286 6.558882023499999e-15
1448069.2857 6.256708348499999e-15
1469535.7143 5.973439176000001e-15
1491320.7143 5.675762529e-15
1513428.5714 5.4160848585e-15
1535863.5714 5.205180952500002e-15
1558631.4286 4.926978791499999e-15
1581737.1429 4.700869723000001e-15
1605185.7143 4.505806230000001e-15
1628982.1429 4.3032057895e-15
1653130.7143 4.1132324305e-15
1677637.1429 3.9355204335e-15
1702507.1429 3.7584912320000005e-15
1727745.7143 3.613711522e-15
1753358.5714 3.4867735870000004e-15
1779351.4286 3.3307471495000007e-15
1805729.2857 3.1702956685e-15
1832497.8571 3.0438348799999995e-15
1859663.5714 2.9194410715000006e-15
1887232.1429 2.8021723695e-15
1915209.2857 2.6903450005e-15
1943600.7143 2.5799068364999996e-15
1972412.8571 2.4819993945e-15
2001652.1429 2.3823417319999995e-15
2031325.0 2.2953532265000004e-15
2061437.8571 2.2019659014999998e-15
2091997.1429 2.1228678414999994e-15
2123009.2857 2.0432208694999998e-15
2154480.7143 1.9676649085e-15
2186418.5714 1.901429201e-15
2218830.0 1.8328382644999998e-15
2251722.1429 1.7669824994999996e-15
2285102.1429 1.7091687425000003e-15
2318977.1429 1.6477013225e-15
2353354.2857 1.592144049e-15
2388240.7143 1.5375858504999997e-15
2423644.2857 1.4845988354999995e-15
2459572.8571 1.433772085e-15
2496034.2857 1.387333882e-15
2533036.4286 1.3430233159999998e-15
2570587.1429 1.3025781035000002e-15
2608694.2857 1.2577633319999998e-15
2647365.7143 1.2206359055000002e-15
2686610.7143 1.181863472e-15
2726437.8571 1.1462317790000002e-15
2766855.0 1.1103464690000003e-15
2807871.4286 1.0787771455000002e-15
2849495.7143 1.0449007089999998e-15
2891737.1429 1.0169297173999998e-15
2934605.0 9.894387728e-16
2978107.8571 9.566073075e-16
3022255.7143 9.3310103825e-16
3067057.8571 9.084079402500002e-16
3112524.2857 8.831504136999997e-16
3158665.0 8.630200511e-16
3205489.2857 8.383304475000001e-16
3253007.8571 8.180475607499999e-16
3301230.7143 7.9564433515e-16
3350168.5714 7.7795042650000015e-16
3399832.1429 7.580791023e-16
3450231.4286 7.425357846499999e-16
3501377.8571 7.243707414499999e-16
3553282.8571 7.099227794e-16
3605957.1429 6.938743604999999e-16
3659412.1429 6.804349736500001e-16
3713660.0 6.660450765999999e-16
3768712.1429 6.510943378500001e-16
3824580.0 6.4119079145e-16
3881275.7143 6.292440224500001e-16
3938812.1429 6.176479964000001e-16
3997201.4286 6.072434916000002e-16
4056456.4286 5.969071479499998e-16
4116590.0 5.894823915999999e-16
4177615.0 5.806167443000001e-16
4239544.2857 5.716821002999999e-16
4302391.4286 5.637778266e-16
4366170.7143 5.587722031e-16
4430895.0 5.522544405e-16
4496578.5714 5.4679960525e-16
4563236.4286 5.422986621500001e-16
4630882.1429 5.378542036499999e-16
4699530.0 5.347125506499999e-16
4769195.7143 5.311554983999999e-16
4839894.2857 5.299656032e-16
4911640.7143 5.281004828500001e-16
4973888.5714 5.286275019500002e-16
