# freq [Hz]  noise density [V^2/Hz]
1.4285714286 4.4815974284999997e-11
4.2857142857 4.9894310933e-12
5.7142857143 5.396591743299999e-12
7.1428571429 6.9345086497500005e-12
8.5714285714 5.376045477599999e-12
10.0 3.7713902061000005e-12
11.428571429 3.272852654e-12
12.857142857 5.382130518099999e-12
14.285714286 2.3342914604e-12
15.714285714 7.131330294e-12
17.142857143 4.61200464015e-12
18.571428571 7.730074571699999e-12
20.0 3.5673923429499994e-12
21.428571429 5.6984012917499994e-12
22.857142857 5.7315559708499985e-12
24.285714286 4.990910399999999e-12
25.714285714 6.71403795155e-12
27.142857143 5.057375878969998e-12
28.571428571 4.642393425800001e-12
30.0 5.9231346263500014e-12
31.428571429 3.37589383965e-12
32.857142857 5.22078458379e-12
34.285714286 4.104357163249999e-12
35.714285714 6.579989706249999e-12
37.142857143 5.11819555755e-12
38.571428571 5.3226195608999996e-12
40.0 4.761187764249999e-12
41.428571429 5.039538174794999e-12
42.857142857 5.08655169625e-12
44.285714286 4.800682711815e-12
45.714285714 3.8389347517e-12
47.142857143 2.9592713824450005e-12
48.571428571 5.2096488791e-12
50.0 4.7807517611549995e-12
51.428571429 4.514158434900001e-12
52.857142857 4.5322699116e-12
54.285714286 3.5075126696e-12
55.714285714 7.382657652545001e-12
57.142857143 5.028697254599999e-12
58.571428571 5.957624780999999e-12
60.0 6.1794910638000005e-12
61.428571429 4.55498328715e-12
62.857142857 3.8029599924850005e-12
64.285714286 5.168536435799999e-12
65.714285714 5.418137644939999e-12
67.142857143 3.905839953360001e-12
68.571428571 3.5775709338500003e-12
70.0 5.376598413e-12
71.428571429 8.134750432367998e-12
72.857142857 6.13019216045e-12
74.285714286 5.263388442889501e-12
75.714285714 5.392668665649999e-12
77.142857143 5.476107014e-12
78.571428571 5.88187949075e-12
80.0 3.90433164088e-12
81.428571429 6.8002859444e-12
82.857142857 5.903259147300001e-12
84.285714286 4.426854529374999e-12
85.714285714 3.5763941177000005e-12
87.142857143 5.9464841631999995e-12
88.571428571 4.823055207150001e-12
90.0 3.902656991415e-12
91.428571429 4.067674991999999e-12
92.857142857 6.9029930657499995e-12
94.285714286 3.7735165379310006e-12
95.714285714 3.8720442998499986e-12
97.142857143 3.006850755985e-12
99.285714286 3.728510404800001e-12
102.14285714 5.02392071235e-12
105.0 4.27444401085e-12
107.85714286 5.65967460105e-12
110.71428571 5.666255468649999e-12
113.57142857 3.652589413050001e-12
116.42857143 4.5988524476e-12
119.28571429 4.5638587267e-12
122.14285714 5.4873002684999994e-12
125.0 4.16601360645e-12
127.85714286 6.5556101838e-12
130.71428571 3.7739670976e-12
133.57142857 5.437554788599999e-12
136.42857143 5.3559074375e-12
139.28571429 5.319367239749999e-12
142.14285714 4.7697118458999995e-12
145.0 5.664519975099999e-12
147.85714286 4.748917532499999e-12
150.71428571 5.686264327549999e-12
153.57142857 5.3331797769999995e-12
156.42857143 5.9113116723e-12
159.28571429 6.6969131219999995e-12
162.14285714 5.4215541041999995e-12
165.0 4.368433953499999e-12
167.85714286 4.3214042735e-12
170.71428571 5.308180275600001e-12
173.57142857 4.68124679095e-12
176.42857143 5.0545313593999995e-12
179.28571429 5.0783752685999995e-12
182.14285714 5.7321216784999984e-12
185.0 5.9707592465e-12
187.85714286 4.21555646395e-12
190.71428571 7.128531472349999e-12
193.57142857 3.3812219117499995e-12
197.14285714 6.244030182499999e-12
201.42857143 5.359958946000001e-12
205.71428571 5.613495184349999e-12
210.0 5.630334574499999e-12
214.28571429 4.7573716915e-12
218.57142857 4.2041964436e-12
222.85714286 4.2263936075e-12
227.14285714 4.5810170752e-12
231.42857143 5.6952455315000004e-12
235.71428571 5.628231316e-12
240.0 4.784792385149999e-12
244.28571429 4.626280722949999e-12
248.57142857 4.822146677499999e-12
252.85714286 5.053930873450001e-12
257.14285714 4.3408521548e-12
261.42857143 4.2582011815e-12
265.71428571 4.2490590905e-12
270.0 6.529616754500001e-12
274.28571429 5.563260572999999e-12
278.57142857 4.516490155e-12
282.85714286 4.7932970746e-12
287.14285714 4.9145974545e-12
291.42857143 4.3296373959999996e-12
296.42857143 5.3453004175e-12
302.14285714 5.5756556524999995e-12
307.85714286 5.0026606151999995e-12
313.57142857 5.1892019745e-12
319.28571429 4.78734773445e-12
325.0 4.466043001e-12
330.71428571 5.808528810500001e-12
336.42857143 5.907352000000001e-12
342.14285714 5.423823732499999e-12
347.85714286 4.4901730179999996e-12
353.57142857 5.386207935e-12
359.28571429 5.5772996799499985e-12
365.0 6.582153888499999e-12
370.71428571 5.214371640500001e-12
376.42857143 5.1114682475e-12
382.14285714 4.9383260424999996e-12
387.85714286 5.705752080499999e-12
394.28571429 5.1590419895e-12
401.42857143 5.7647099235e-12
408.57142857 4.801467656999999e-12
415.71428571 5.636320091e-12
422.85714286 5.136071411499999e-12
430.0 4.731972148e-12
437.14285714 5.893315162000001e-12
444.28571429 5.068613854499999e-12
451.42857143 5.035080749499999e-12
458.57142857 5.803076235e-12
465.71428571 5.561833864e-12
472.85714286 4.99405149e-12
480.0 5.123886124499999e-12
487.85714286 4.9275296205e-12
496.42857143 4.1601045395e-12
505.0 4.8548278725e-12
513.57142857 5.6105453555e-12
522.14285714 4.951423975e-12
530.71428571 5.176958965500001e-12
539.28571429 4.855520412e-12
547.85714286 5.5471624855e-12
556.42857143 5.14508993e-12
565.0 4.8885021454999986e-12
573.57142857 4.926582141999999e-12
582.14285714 5.0720615845e-12
591.42857143 4.6328906315e-12
601.42857143 5.2174442955e-12
611.42857143 5.087717911499999e-12
621.42857143 5.554834686e-12
631.42857143 4.9244974095e-12
641.42857143 4.8303909685e-12
651.42857143 5.9262209482e-12
661.42857143 4.5465156810000004e-12
671.42857143 5.5642795015e-12
682.14285714 4.791347987e-12
693.57142857 5.6881637129999996e-12
705.0 5.3040102244999995e-12
716.42857143 4.608816009999999e-12
727.85714286 5.472840601e-12
739.28571429 5.189791586500001e-12
750.71428571 4.7853671765000006e-12
762.14285714 4.844874535499999e-12
773.57142857 5.345530751e-12
785.71428571 5.1185826725e-12
798.57142857 5.159034727999999e-12
811.42857143 5.155866961499999e-12
824.28571429 4.3387184020000005e-12
837.14285714 4.76279678e-12
850.0 5.0462171845e-12
862.85714286 4.567340491999999e-12
876.42857143 4.6424056005000005e-12
890.71428571 4.411010044500001e-12
905.0 5.516896704499999e-12
919.28571429 4.756840242999999e-12
933.57142857 5.2026321155e-12
947.85714286 4.811727953e-12
962.14285714 4.7284883944999994e-12
977.14285714 4.8671253865e-12
992.85714286 4.853792453e-12
1008.5714286 4.72541258e-12
1024.2857143 5.4967853885000006e-12
1040.0 4.7762106335e-12
1055.7142857 5.058292672499999e-12
1072.1428571 5.682575397e-12
1089.2857143 5.1898382570000004e-12
1106.4285714 4.721103959500002e-12
1123.5714286 4.447278052500001e-12
1140.7142857 4.556799829999999e-12
1157.8571429 4.7613322055000006e-12
1175.7142857 5.0204166175e-12
1194.2857143 5.160518498e-12
1212.8571429 5.501747879e-12
1231.4285714 5.5440208225e-12
1250.0 5.376461351000001e-12
1269.2857143 5.190346472999999e-12
1289.2857143 4.999081663e-12
1309.2857143 4.7764769135e-12
1329.2857143 4.795103304499999e-12
1349.2857143 4.686250312e-12
1370.0 5.090399272999999e-12
1391.4285714 4.7586734495e-12
1412.8571429 5.126348587e-12
1434.2857143 5.4001078829999994e-12
1455.7142857 4.745584198000001e-12
1477.8571429 4.636129598499999e-12
1500.7142857 4.7488329535e-12
1523.5714286 4.9499530705e-12
1546.4285714 4.837333781e-12
1570.0 4.724126970500001e-12
1594.2857143 5.783093018499999e-12
1618.5714286 4.6980053940000005e-12
1642.8571429 4.762836876500001e-12
1667.8571429 5.178858201e-12
1693.5714286 4.9313728585e-12
1719.2857143 5.162916122500001e-12
1745.0 4.691326948999999e-12
1771.4285714 5.548768178e-12
1798.5714286 4.867766425000001e-12
1825.7142857 5.180584347e-12
1853.5714286 4.8953936540000006e-12
1882.1428571 5.0222356785000004e-12
1910.7142857 4.6503796845000005e-12
1939.2857143 5.0074452425e-12
1968.5714286 5.086045574e-12
1998.5714286 5.122514656e-12
2028.5714286 4.8016633729999995e-12
2059.2857143 5.076107000499999e-12
2090.7142857 5.173219488999999e-12
2122.1428571 5.150267468000001e-12
2154.2857143 5.014328078e-12
2187.1428571 5.3788992215000005e-12
2220.0 4.7345302995000014e-12
2253.5714286 5.448910498500001e-12
2287.8571429 4.863827310499999e-12
2322.1428571 5.0313295885e-12
2357.1428571 5.061924114500001e-12
2392.8571429 5.187656956000001e-12
2429.2857143 5.2450613155000005e-12
2466.4285714 5.435822630999999e-12
2503.5714286 4.87797828e-12
2541.4285714 4.945656141e-12
2580.0 5.1776511074999994e-12
2618.5714286 5.5128391240000005e-12
2657.8571429 4.9233831715e-12
2697.8571429 4.790989556500001e-12
2738.5714286 5.0632435765e-12
2780.0 5.2935209955000006e-12
2822.1428571 4.719198774e-12
2865.0 4.899956384500001e-12
2907.8571429 4.7701008434999995e-12
2951.4285714 5.0671504495e-12
2995.7142857 5.145360124000001e-12
3040.7142857 5.1181562170000006e-12
3086.4285714 5.3291321820000006e-12
3132.8571429 5.1596866755e-12
3180.0 5.263272758e-12
3227.8571429 5.558726967499999e-12
3276.4285714 4.8406308975e-12
3325.7142857 4.9339264929999996e-12
3375.7142857 5.205598347500001e-12
3426.4285714 4.9616292199999994e-12
3477.8571429 4.9697086035e-12
3530.0 5.057706397e-12
3582.8571429 4.620665213e-12
3636.4285714 5.2894115395e-12
3691.4285714 5.0871113585e-12
3747.1428571 5.016433218499999e-12
3803.5714286 4.738339700499999e-12
3860.7142857 5.301886553499999e-12
3918.5714286 5.13558184e-12
3977.1428571 5.311622806000001e-12
4036.4285714 5.057140762499999e-12
4097.1428571 5.182996879e-12
4158.5714286 5.2379174675e-12
4220.7142857 5.094804747499999e-12
4284.2857143 4.8398912025e-12
4348.5714286 4.8027584315e-12
4413.5714286 4.792175477999999e-12
4480.0 5.257325806e-12
4547.1428571 4.991861256499999e-12
4615.0 4.7846886859999996e-12
4684.2857143 5.0957101570000006e-12
4754.2857143 4.755547173e-12
4825.0 5.144225395e-12
4897.1428571 5.008804713999999e-12
4970.7142857 5.044510305e-12
5045.0 4.562184327999999e-12
5120.0 5.2066706230000005e-12
5196.4285714 4.9625162894999996e-12
5274.2857143 4.8434662775e-12
5353.5714286 5.108271741500001e-12
5433.5714286 4.884698287499999e-12
5514.2857143 5.008543171500001e-12
5596.4285714 4.8424127265e-12
5680.0 4.8135191245e-12
5765.0 4.9131445855e-12
5851.4285714 5.176038271999999e-12
5939.2857143 5.1212576775e-12
6028.5714286 4.858335055e-12
6119.2857143 5.077194526e-12
6210.7142857 5.0155600645e-12
6302.8571429 4.702288410000001e-12
6396.4285714 4.9363782335e-12
6491.4285714 4.948484842500001e-12
6587.8571429 5.1958784675000004e-12
6685.7142857 5.125788677499999e-12
6785.0 5.130748481499999e-12
6885.7142857 5.265864312e-12
6987.8571429 5.057719011500001e-12
7092.1428571 5.0015402535e-12
7198.5714286 5.063207096999999e-12
7306.4285714 4.787518687000001e-12
7415.7142857 5.013956651500002e-12
7526.4285714 4.8575172584999994e-12
7638.5714286 5.0422619615e-12
7752.1428571 4.9155098180000004e-12
7867.8571429 5.100511446499999e-12
7985.7142857 5.2010425230000005e-12
8105.0 5.0310292985e-12
8225.7142857 5.061775897000001e-12
8347.8571429 5.125144692499998e-12
8472.1428571 5.213893686e-12
8598.5714286 5.0036934649999996e-12
8726.4285714 5.1398488410000006e-12
8856.4285714 5.046878314499999e-12
8988.5714286 4.905445524e-12
9122.1428571 4.8272626435e-12
9257.8571429 5.321331420999999e-12
9395.7142857 4.996442401e-12
9535.7142857 5.1938141575e-12
9677.8571429 5.0271211300000006e-12
9822.1428571 4.910257167e-12
9968.5714286 5.0260164764999996e-12
10117.142857 5.0663962010000005e-12
10267.857143 5.004474013499999e-12
10420.714286 5.0503166455e-12
10575.714286 4.962491224500001e-12
10732.857143 5.0244868004999995e-12
10892.857143 4.906847272500001e-12
11055.0 5.039964428e-12
11219.285714 5.2395902385e-12
11386.428571 4.897979338499999e-12
11556.428571 4.969237091e-12
11728.571429 5.046624610999999e-12
11902.857143 5.012447147999999e-12
12080.0 5.0016912660000005e-12
12260.0 5.100575169000001e-12
12442.857143 4.815158455499999e-12
12628.571429 4.8943172875e-12
12817.142857 4.884303156999999e-12
13007.857143 5.019618745999999e-12
13200.714286 4.945774959e-12
13396.428571 4.919614433e-12
13595.714286 4.992111046000001e-12
13798.571429 5.0293259564999994e-12
14004.285714 4.9233115355e-12
14212.857143 4.7479599245e-12
14424.285714 4.9950406435e-12
14638.571429 4.9961357315e-12
14856.428571 4.932800263e-12
15077.857143 5.155171712e-12
15302.142857 5.018966372e-12
15529.285714 5.028454248e-12
15760.0 5.002924633e-12
15994.285714 4.920808125500001e-12
16232.142857 5.05405351e-12
16473.571429 4.982472196999999e-12
16718.571429 4.997986268e-12
16967.142857 5.173457449500001e-12
17219.285714 5.055730584999999e-12
17475.0 5.0579420585e-12
17734.285714 5.011619458000001e-12
17997.857143 4.932497041499999e-12
18265.714286 4.9993325725e-12
18537.142857 5.1339534085e-12
18812.142857 4.9629435245e-12
19091.428571 5.1302936255e-12
19375.0 4.980691918500001e-12
19662.857143 4.9843629945e-12
19955.0 4.987639469999999e-12
20251.428571 4.964761963e-12
20552.142857 4.941198037e-12
20857.142857 4.9827898590000005e-12
21167.142857 4.9615862425e-12
21482.142857 4.8534956415e-12
21801.428571 4.837618287500001e-12
22125.0 4.934315624e-12
22453.571429 5.0880673999999995e-12
22787.142857 4.9300831075e-12
23125.714286 4.9947037995e-12
23469.285714 4.924081897e-12
23817.857143 4.9684724175e-12
24171.428571 5.057385585e-12
24530.0 4.9897377545e-12
24894.285714 4.958248223e-12
25264.285714 4.9268807525e-12
25640.0 4.905006082000001e-12
26021.428571 5.0322615700000005e-12
26408.571429 4.9173498885e-12
26801.428571 4.926766330500002e-12
27200.0 4.903341051e-12
27604.285714 4.900509813e-12
28014.285714 4.88813611e-12
28430.0 4.984542935000001e-12
28852.142857 4.9512156425000005e-12
29280.714286 4.968009766500002e-12
29715.714286 4.8547578275000005e-12
30157.142857 4.973417759e-12
30605.0 4.895271067500002e-12
31059.285714 4.9437782135e-12
31520.0 4.861182949499999e-12
31987.857143 4.7845227744999995e-12
32462.857143 4.9626186465e-12
32945.0 4.7721491374999995e-12
33434.285714 4.804519179e-12
33930.714286 4.9369139709999994e-12
34434.285714 4.871895833000001e-12
34945.0 4.801249892e-12
35463.571429 4.7724883195e-12
35990.0 4.971172646e-12
36524.285714 4.8902270545000004e-12
37066.428571 4.904740169e-12
37616.428571 4.816676752999999e-12
38175.0 4.831718171500001e-12
38742.142857 4.8104903965e-12
39317.142857 4.838015180499999e-12
39900.0 4.8533091695e-12
40492.142857 4.8175185955e-12
41093.571429 4.8051384040000004e-12
41703.571429 4.814843514e-12
42322.142857 4.8163155179999995e-12
42950.0 4.784936243000001e-12
43587.142857 4.757762614499999e-12
44233.571429 4.735730601e-12
44890.0 4.810958184e-12
45556.428571 4.7078383e-12
46232.857143 4.7473856985e-12
46919.285714 4.7433678825e-12
47615.714286 4.820748072500001e-12
48322.142857 4.797159804500001e-12
49039.285714 4.771531153500001e-12
49767.142857 4.664703477e-12
50505.714286 4.6476549805000006e-12
51255.0 4.755462676500001e-12
52015.0 4.6453603405000004e-12
52786.428571 4.7069748245e-12
53569.285714 4.73320301e-12
54363.571429 4.6357867995e-12
55170.0 4.6916666230000005e-12
55988.571429 4.622023245499999e-12
56819.285714 4.6366173345e-12
57662.142857 4.572748376499999e-12
58517.142857 4.6160747659999995e-12
59385.0 4.613077657499999e-12
60265.714286 4.5454548745e-12
61159.285714 4.521292657e-12
62066.428571 4.587851775999998e-12
62987.142857 4.547705189999999e-12
63921.428571 4.550372849999999e-12
64870.0 4.562746156e-12
65832.857143 4.6276958609999994e-12
66810.0 4.530393770000001e-12
67801.428571 4.518007242500001e-12
68807.142857 4.422472765e-12
69827.857143 4.494456483e-12
70863.571429 4.5238521675e-12
71914.285714 4.4188186805e-12
72980.714286 4.4425827255e-12
74062.857143 4.403945378499999e-12
75161.428571 4.393589713e-12
76276.428571 4.3681894979999996e-12
77407.857143 4.367525412e-12
78556.428571 4.340526190499999e-12
79722.142857 4.2803979175e-12
80905.0 4.2603846369999995e-12
82105.0 4.1900290425e-12
83322.857143 4.300929402500001e-12
84558.571429 4.295901984999999e-12
85812.142857 4.2052744144999996e-12
87084.285714 4.2127864405000005e-12
88375.714286 4.162125946500001e-12
89686.428571 4.1672280505e-12
91016.428571 4.146834180500001e-12
92366.428571 4.100718425999999e-12
93736.428571 4.0149962975e-12
95126.428571 4.0705685865e-12
96537.142857 4.0402048149999996e-12
97969.285714 3.9896710035e-12
99422.857143 3.964653918499999e-12
100897.85714 4.0003815920000015e-12
102394.28571 3.9672673595e-12
103912.85714 3.904380747e-12
105454.28571 3.9026736405e-12
107018.57143 3.8596792095000004e-12
108605.71429 3.788398692e-12
110216.42857 3.8084064774999994e-12
111851.42857 3.7791905400000004e-12
113510.71429 3.779657218999999e-12
115194.28571 3.680302807999999e-12
116902.85714 3.717858201000001e-12
118636.42857 3.669445066500001e-12
120395.71429 3.6245388045000006e-12
122181.42857 3.6450152785e-12
123993.57143 3.5938071349999992e-12
125832.85714 3.5414938910000006e-12
127699.28571 3.505827384500001e-12
129592.85714 3.4810514329999998e-12
131514.28571 3.4395911619999998e-12
133464.28571 3.4169576294999993e-12
135443.57143 3.4005759639999993e-12
137452.14286 3.336744451e-12
139490.0 3.3446763625e-12
141558.57143 3.2910119120000004e-12
143657.85714 3.2456115760000004e-12
145787.85714 3.2030373284999996e-12
147949.28571 3.1453164935000004e-12
150142.85714 3.1559359534999996e-12
152369.28571 3.0862618849999994e-12
154628.57143 3.0578212369999995e-12
156921.42857 3.0120925805000004e-12
159248.57143 2.9933499859999996e-12
161610.0 2.9338976274999996e-12
164006.42857 2.9168647960000002e-12
166438.57143 2.8635189105e-12
168906.42857 2.8263696375e-12
171410.71429 2.8052891575e-12
173952.14286 2.7728697995e-12
176531.42857 2.7194944819999997e-12
179149.28571 2.6825183540000003e-12
181805.71429 2.6329952595000008e-12
184501.42857 2.607186344e-12
187237.14286 2.551921643e-12
190013.57143 2.5171436619999996e-12
192831.42857 2.4862239785e-12
195690.71429 2.431461163e-12
198592.14286 2.4047888759999996e-12
201536.42857 2.3444692135e-12
204524.28571 2.3075558785e-12
207556.42857 2.2779609135000002e-12
210633.57143 2.236613884e-12
213756.42857 2.1809198760000003e-12
216925.71429 2.1615506934999996e-12
220142.14286 2.112791651e-12
223406.42857 2.0942467310000002e-12
226719.28571 2.0421219595e-12
230080.71429 2.0053682234999998e-12
233492.14286 1.983177788e-12
236954.28571 1.9240601415e-12
240467.14286 1.887160852e-12
244032.14286 1.851530689e-12
247650.0 1.8091258195000002e-12
251321.42857 1.7689208050000002e-12
255047.85714 1.7335288685e-12
258830.0 1.7040537435000001e-12
262667.85714 1.6705550284999997e-12
266562.14286 1.6267653514999998e-12
270514.28571 1.5933822260000005e-12
274525.0 1.5478241199999997e-12
278595.0 1.5103531474999998e-12
282725.71429 1.4727152784999998e-12
286917.85714 1.4444860970000001e-12
291172.14286 1.4131728654999999e-12
295489.28571 1.371252469e-12
299870.0 1.3375598725e-12
304315.71429 1.3062021375e-12
308827.85714 1.275590995e-12
313407.14286 1.232417203e-12
318054.28571 1.1981253814999998e-12
322770.0 1.1725016384999998e-12
327555.0 1.1392791260000002e-12
332410.71429 1.1044809189999999e-12
337338.57143 1.0824564955e-12
342340.0 1.0513693324999998e-12
347415.71429 1.01858167385e-12
352566.42857 9.966346299999999e-13
357793.57143 9.6511982985e-13
363098.57143 9.3219209745e-13
368482.14286 9.037054690000002e-13
373945.0 8.752491607499999e-13
379488.57143 8.484469968999999e-13
385114.28571 8.287164988e-13
390823.57143 7.9686763275e-13
396617.85714 7.738069402000003e-13
402497.85714 7.520134994e-13
408465.0 7.229714879e-13
414520.71429 7.040101099499999e-13
420666.42857 6.7656506295e-13
426903.57143 6.5629531845e-13
433232.85714 6.319877414e-13
439655.71429 6.144032633499999e-13
446173.57143 5.9034677025e-13
452787.85714 5.696642282499999e-13
459500.71429 5.513053039999999e-13
466313.57143 5.3077942245e-13
473227.14286 5.079864788e-13
480242.85714 4.931742651500001e-13
487362.85714 4.736663585e-13
494588.57143 4.5383117455000003e-13
501920.71429 4.3540415840000005e-13
509361.42857 4.2212951224999997e-13
516912.85714 4.0427886385e-13
524576.42857 3.8904561235000004e-13
532353.57143 3.7298586589999994e-13
540245.71429 3.592557682e-13
548255.0 3.448092401e-13
556382.85714 3.2945528649999993e-13
564630.71429 3.1453044380000003e-13
573001.42857 3.027959418999999e-13
581496.42857 2.8945143144999996e-13
590117.14286 2.7787660470000003e-13
598865.71429 2.6602089115e-13
607743.57143 2.542144625e-13
616752.85714 2.4270344675e-13
625895.71429 2.3099984035000004e-13
635174.28571 2.2037651395e-13
644590.71429 2.112098836e-13
654146.42857 2.0224227705e-13
663843.57143 1.9153526650000003e-13
673685.0 1.8188214950000002e-13
683672.85714 1.74015117e-13
693808.57143 1.6463139370000002e-13
704094.28571 1.5647140215000002e-13
714532.14286 1.4974368439999998e-13
725125.0 1.4187178735000003e-13
735875.0 1.348799401e-13
746784.28571 1.2770504525e-13
757855.71429 1.2117145219999999e-13
769090.71429 1.150035994e-13
780492.14286 1.087530729e-13
792062.85714 1.0327254065000001e-13
803805.0 9.7393806515e-14
815721.42857 9.1900139455e-14
827814.28571 8.702273234999999e-14
840086.42857 8.217863955e-14
852540.71429 7.759048471000001e-14
865179.28571 7.346102220499999e-14
878005.0 6.937422632999999e-14
891020.71429 6.5659092095e-14
904229.28571 6.195761886000001e-14
917633.57143 5.7987202535e-14
931237.14286 5.487755345500001e-14
945042.85714 5.156892588e-14
959052.85714 4.8648529795e-14
973270.71429 4.5823314394999995e-14
987699.28571 4.3100839895e-14
1002341.4286 4.0474017955000003e-14
1017200.7143 3.7948903735e-14
1032280.0 3.5861305445e-14
1047582.8571 3.3663502485e-14
1063112.8571 3.1561011015e-14
1078872.8571 2.9729864865e-14
1094866.4286 2.7827856265000003e-14
1111097.1429 2.6184506419999995e-14
1127568.5714 2.4604506339999994e-14
1144284.2857 2.297604402e-14
1161247.8571 2.1600692135e-14
1178462.8571 2.0321132935e-14
1195932.8571 1.9021047635e-14
1213662.1429 1.7909210265000002e-14
1231654.2857 1.6765052959999998e-14
1249912.8571 1.5826090439999998e-14
1268442.1429 1.4829921195e-14
1287246.4286 1.3886527725e-14
1306329.2857 1.3085901159999997e-14
1325695.0 1.2311010645e-14
1345347.8571 1.1582720599999999e-14
1365292.1429 1.086908689e-14
1385532.1429 1.0242977514999999e-14
1406072.1429 9.624707799999999e-15
1426916.4286 9.060771419000002e-15
1448069.2857 8.521169334500002e-15
1469535.7143 8.0516425695e-15
1491320.7143 7.571120988999999e-15
1513428.5714 7.160556324e-15
1535863.5714 6.7771709230000004e-15
1558631.4286 6.39050483e-15
1581737.1429 6.021691972499999e-15
1605185.7143 5.715032742500001e-15
1628982.1429 5.392437095499999e-15
1653130.7143 5.124404156999999e-15
1677637.1429 4.841234536499999e-15
1702507.1429 4.593528036499999e-15
1727745.7143 4.3593808525e-15
1753358.5714 4.1372879425000006e-15
1779351.4286 3.924946561e-15
1805729.2857 3.7408844455e-15
1832497.8571 3.555932160999999e-15
1859663.5714 3.369424507999999e-15
1887232.1429 3.224297234e-15
1915209.2857 3.0723558115e-15
1943600.7143 2.930421468e-15
1972412.8571 2.8027354719999993e-15
2001652.1429 2.6627811389999997e-15
2031325.0 2.5557869745000004e-15
2061437.8571 2.4451888434999995e-15
2091997.1429 2.339847105e-15
2123009.2857 2.234023314e-15
2154480.7143 2.1434551784999995e-15
2186418.5714 2.0533572264999997e-15
2218830.0 1.9759367130000003e-15
2251722.1429 1.9018986969999997e-15
2285102.1429 1.8228592300000003e-15
2318977.1429 1.7556876139999997e-15
2353354.2857 1.6901626265000002e-15
2388240.7143 1.6212872599999999e-15
2423644.2857 1.5674228364999999e-15
2459572.8571 1.508717283e-15
2496034.2857 1.4591967245000006e-15
2533036.4286 1.4059564195000002e-15
2570587.1429 1.3574744135000003e-15
2608694.2857 1.309425998e-15
2647365.7143 1.26657215e-15
2686610.7143 1.2236509955e-15
2726437.8571 1.1880105929999998e-15
2766855.0 1.1454455734999998e-15
2807871.4286 1.1102860694999999e-15
2849495.7143 1.0775204814999998e-15
2891737.1429 1.0440124674999997e-15
2934605.0 1.0161360395e-15
2978107.8571 9.860224625500001e-16
3022255.7143 9.54724946e-16
3067057.8571 9.2869692785e-16
3112524.2857 9.031781365e-16
3158665.0 8.802085942500001e-16
3205489.2857 8.562797796499999e-16
3253007.8571 8.341600770000002e-16
3301230.7143 8.135574455499999e-16
3350168.5714 7.9220706165e-16
3399832.1429 7.717283892000003e-16
3450231.4286 7.551621480000002e-16
3501377.8571 7.364487095499999e-16
3553282.8571 7.179353024e-16
3605957.1429 7.041823511000001e-16
3659412.1429 6.878493047999999e-16
3713660.0 6.740570632499998e-16
3768712.1429 6.607804121000001e-16
3824580.0 6.484536357000001e-16
3881275.7143 6.3567322325e-16
3938812.1429 6.242579958e-16
3997201.4286 6.1387839515e-16
4056456.4286 6.0360129025e-16
4116590.0 5.949096229000001e-16
4177615.0 5.847792115e-16
4239544.2857 5.772566139500001e-16
4302391.4286 5.702480356e-16
4366170.7143 5.641757563500001e-16
4430895.0 5.5840409335e-16
4496578.5714 5.5120789175e-16
4563236.4286 5.468532641999999e-16
4630882.1429 5.432350135000001e-16
4699530.0 5.390465817499999e-16
4769195.7143 5.368205607000001e-16
4839894.2857 5.3499645965e-16
4911640.7143 5.323090980999999e-16
4973888.5714 5.324534102000001e-16
