# freq [Hz]  noise density [V^2/Hz]
1.4285714286 1.9544071683999997e-11
4.2857142857 1.0780457414500003e-12
5.7142857143 1.95766721417e-12
7.1428571429 2.262084602795e-12
8.5714285714 1.9319138839e-12
10.0 1.1160312912e-12
11.428571429 1.572044140205e-12
12.857142857 1.6868508447380001e-12
14.285714286 1.3613440113699998e-12
15.714285714 1.53705849349e-12
17.142857143 1.1877703740950003e-12
18.571428571 1.5454521760265001e-12
20.0 1.1135677841345e-12
21.428571429 1.3273338654649998e-12
22.857142857 1.9864403068199995e-12
24.285714286 1.31606339385e-12
25.714285714 1.892641253e-12
27.142857143 8.940180167200002e-13
28.571428571 1.538388357e-12
30.0 1.321090604815e-12
31.428571429 9.879623784249998e-13
32.857142857 1.5592319038549998e-12
34.285714286 1.139500033455e-12
35.714285714 9.0823245276e-13
37.142857143 1.1753889645400002e-12
38.571428571 1.3093154254504997e-12
40.0 1.8247628593e-12
41.428571429 1.53430175371e-12
42.857142857 1.37643882065e-12
44.285714286 8.495295874460001e-13
45.714285714 1.100815284835e-12
47.142857143 1.186064294516e-12
48.571428571 1.0531289092149998e-12
50.0 2.3411155756e-12
51.428571429 1.24328340765e-12
52.857142857 1.1368054094950001e-12
54.285714286 1.7298435134199998e-12
55.714285714 1.4586864291350002e-12
57.142857143 1.5635869481999997e-12
58.571428571 1.6190007637999999e-12
60.0 1.0674286177150002e-12
61.428571429 1.1001148305629999e-12
62.857142857 1.9102981722e-12
64.285714286 1.4585786677900002e-12
65.714285714 1.198725731585e-12
67.142857143 1.44441820815e-12
68.571428571 1.877568223245e-12
70.0 1.3039442856199999e-12
71.428571429 1.1493204517049998e-12
72.857142857 1.36722666744e-12
74.285714286 1.2230984587699997e-12
75.714285714 1.4037755970499999e-12
77.142857143 1.3802347266445e-12
78.571428571 1.2508202305e-12
80.0 1.0702760604499998e-12
81.428571429 1.0279845003745e-12
82.857142857 2.0547983684e-12
84.285714286 1.2276797918299999e-12
85.714285714 1.3681413860000001e-12
87.142857143 1.332494273736e-12
88.571428571 1.15107091015e-12
90.0 1.02809350363e-12
91.428571429 1.3204278039200002e-12
92.857142857 1.53057562815e-12
94.285714286 1.2300261973499999e-12
95.714285714 8.337895216400002e-13
97.142857143 1.548739556253e-12
99.285714286 1.48600347875e-12
102.14285714 1.1643843362999998e-12
105.0 1.22745208775e-12
107.85714286 1.0901056944900001e-12
110.71428571 1.1822136231e-12
113.57142857 1.18217627786e-12
116.42857143 1.234134347495e-12
119.28571429 1.51282716645e-12
122.14285714 1.1895914807999998e-12
125.0 1.1180967928e-12
127.85714286 1.1296823881000002e-12
130.71428571 1.2940561778e-12
133.57142857 1.5184069770300002e-12
136.42857143 1.4043442003e-12
139.28571429 1.0926842602999998e-12
142.14285714 9.063996455750001e-13
145.0 1.1738486337e-12
147.85714286 1.47998892145e-12
150.71428571 1.55823853575e-12
153.57142857 1.27755850536e-12
156.42857143 1.12297223995e-12
159.28571429 1.0716507377499998e-12
162.14285714 1.1253055755e-12
165.0 1.33534420935e-12
167.85714286 1.02209369685e-12
170.71428571 1.21546506485e-12
173.57142857 1.2137551249999999e-12
176.42857143 1.5154811549499996e-12
179.28571429 1.3002373094499999e-12
182.14285714 1.14113903305e-12
185.0 1.1695774612649999e-12
187.85714286 9.96820369845e-13
190.71428571 1.3881796811000003e-12
193.57142857 1.1942902438e-12
197.14285714 1.1994955944e-12
201.42857143 2.29384611485e-12
205.71428571 1.1565960799e-12
210.0 1.10973306465e-12
214.28571429 1.3786696318000004e-12
218.57142857 9.377852499499999e-13
222.85714286 1.2079771881500002e-12
227.14285714 1.6597947928e-12
231.42857143 1.1088993837500002e-12
235.71428571 1.1458325575999998e-12
240.0 1.1444495850000003e-12
244.28571429 1.1594681789e-12
248.57142857 1.6279451649499997e-12
252.85714286 1.1147656213000001e-12
257.14285714 1.0475063152999998e-12
261.42857143 1.04594607595e-12
265.71428571 1.1498524311500004e-12
270.0 1.2403022206999999e-12
274.28571429 1.2719897366e-12
278.57142857 1.3994797502999999e-12
282.85714286 1.14066868405e-12
287.14285714 1.1396266768500001e-12
291.42857143 1.0311343128000001e-12
296.42857143 1.2204451733e-12
302.14285714 1.4237401012500002e-12
307.85714286 1.3465419070999997e-12
313.57142857 1.227805562e-12
319.28571429 1.09866449455e-12
325.0 1.1423936777000002e-12
330.71428571 1.0479523092999996e-12
336.42857143 1.15008121345e-12
342.14285714 1.1921188362e-12
347.85714286 1.3515930531499997e-12
353.57142857 9.9377146505e-13
359.28571429 1.3249985837499998e-12
365.0 1.0504515943500001e-12
370.71428571 1.3510735722500004e-12
376.42857143 1.1091301310499998e-12
382.14285714 1.32682842995e-12
387.85714286 1.2627633522000002e-12
394.28571429 1.2964154624e-12
401.42857143 1.3713679004e-12
408.57142857 1.1328803432e-12
415.71428571 1.2483599002e-12
422.85714286 1.1153907359e-12
430.0 1.162687958e-12
437.14285714 1.1724974796000001e-12
444.28571429 1.20583017425e-12
451.42857143 1.07578297275e-12
458.57142857 1.16449999415e-12
465.71428571 1.3111519909e-12
472.85714286 9.8967989295e-13
480.0 1.1653875723499998e-12
487.85714286 1.1546341676e-12
496.42857143 1.2907655656000001e-12
505.0 1.3350977848499999e-12
513.57142857 1.3471815099999999e-12
522.14285714 1.18433815445e-12
530.71428571 1.4740749215000001e-12
539.28571429 1.0327301262499998e-12
547.85714286 1.4543074268500002e-12
556.42857143 1.3142073862e-12
565.0 1.4118035808e-12
573.57142857 1.11983627655e-12
582.14285714 1.21661322385e-12
591.42857143 1.2305583146000001e-12
601.42857143 1.2137153232000002e-12
611.42857143 1.3199855219500003e-12
621.42857143 1.0834171048500002e-12
631.42857143 1.1893106050499999e-12
641.42857143 1.24984240245e-12
651.42857143 1.12738733785e-12
661.42857143 1.0224931944500002e-12
671.42857143 1.04011408455e-12
682.14285714 1.21694037485e-12
693.57142857 1.1398964713000001e-12
705.0 1.2040333007999997e-12
716.42857143 1.2743624781e-12
727.85714286 1.213393377e-12
739.28571429 1.12551436145e-12
750.71428571 1.1079688012499998e-12
762.14285714 1.3039087308000001e-12
773.57142857 1.2188700069000002e-12
785.71428571 1.0006688732999998e-12
798.57142857 1.3340524824000001e-12
811.42857143 1.24028600415e-12
824.28571429 1.1629549921500001e-12
837.14285714 1.20104704275e-12
850.0 1.1560783453e-12
862.85714286 1.0530634278500002e-12
876.42857143 1.13597774055e-12
890.71428571 1.3043957025e-12
905.0 1.220166917e-12
919.28571429 1.1073503039e-12
933.57142857 1.0415209382000001e-12
947.85714286 1.33720049945e-12
962.14285714 1.18731430015e-12
977.14285714 1.1724195972499998e-12
992.85714286 1.23919295415e-12
1008.5714286 1.2556814974499999e-12
1024.2857143 1.09636499185e-12
1040.0 1.28534817475e-12
1055.7142857 1.1071937619e-12
1072.1428571 1.16872769885e-12
1089.2857143 1.2768676603e-12
1106.4285714 1.2646511129499999e-12
1123.5714286 1.21325068545e-12
1140.7142857 1.15031980665e-12
1157.8571429 1.0368335621000002e-12
1175.7142857 1.2217232504499998e-12
1194.2857143 1.2094744377500002e-12
1212.8571429 1.15932680585e-12
1231.4285714 1.16989168705e-12
1250.0 1.2318268378999998e-12
1269.2857143 1.1155994501999999e-12
1289.2857143 1.2012874265000001e-12
1309.2857143 1.0801643062e-12
1329.2857143 1.2326418676e-12
1349.2857143 1.20688034195e-12
1370.0 1.1256364976000001e-12
1391.4285714 1.20337476585e-12
1412.8571429 1.2617162787500004e-12
1434.2857143 1.09419254235e-12
1455.7142857 1.2980257653000002e-12
1477.8571429 1.16093762625e-12
1500.7142857 1.1354733568e-12
1523.5714286 1.2067876343499999e-12
1546.4285714 1.1591583285999998e-12
1570.0 1.15291170585e-12
1594.2857143 1.11462648515e-12
1618.5714286 1.19853894775e-12
1642.8571429 1.2465878462e-12
1667.8571429 1.04190593685e-12
1693.5714286 1.2274988651e-12
1719.2857143 1.0816938212e-12
1745.0 1.1862801608500002e-12
1771.4285714 1.20435048615e-12
1798.5714286 1.2456240664000003e-12
1825.7142857 1.1439390544e-12
1853.5714286 1.1363711824000004e-12
1882.1428571 1.1296887215000002e-12
1910.7142857 1.1676453288499998e-12
1939.2857143 1.0718280579e-12
1968.5714286 1.07399377595e-12
1998.5714286 1.33838958025e-12
2028.5714286 1.1131154162e-12
2059.2857143 1.0567826358500002e-12
2090.7142857 1.155439565e-12
2122.1428571 1.1900154963999998e-12
2154.2857143 1.16693042525e-12
2187.1428571 1.1798724650999998e-12
2220.0 1.12877409255e-12
2253.5714286 1.0852616544999998e-12
2287.8571429 1.2679016997e-12
2322.1428571 1.1763639933500001e-12
2357.1428571 1.1699220279e-12
2392.8571429 1.14662741865e-12
2429.2857143 1.1513594733500002e-12
2466.4285714 1.215504709e-12
2503.5714286 1.1731490904999999e-12
2541.4285714 1.1080840016e-12
2580.0 1.1135601996500003e-12
2618.5714286 1.1803194841999998e-12
2657.8571429 1.1977159598499996e-12
2697.8571429 1.13425230435e-12
2738.5714286 1.1256712528500002e-12
2780.0 1.1401341204e-12
2822.1428571 1.1547367040999998e-12
2865.0 1.1475592591999999e-12
2907.8571429 1.1994006571e-12
2951.4285714 1.1844435358e-12
2995.7142857 1.1448999257999998e-12
3040.7142857 1.1167344215500003e-12
3086.4285714 1.0506869787e-12
3132.8571429 1.0711659509999998e-12
3180.0 1.1440421575000002e-12
3227.8571429 1.1990972271000002e-12
3276.4285714 1.1884195021999995e-12
3325.7142857 1.1292392709999999e-12
3375.7142857 1.1506525528000003e-12
3426.4285714 1.1564749900500002e-12
3477.8571429 1.0872354260500003e-12
3530.0 1.2126387634999998e-12
3582.8571429 1.1683671273499999e-12
3636.4285714 1.2249103424000001e-12
3691.4285714 1.1044828053e-12
3747.1428571 1.1341252076500002e-12
3803.5714286 1.1906690094e-12
3860.7142857 1.1857205343500001e-12
3918.5714286 1.2028465738499997e-12
3977.1428571 1.4719874105000003e-12
4036.4285714 1.2058935045999999e-12
4097.1428571 1.2214097177499996e-12
4158.5714286 1.2195050607000004e-12
4220.7142857 1.0731834351e-12
4284.2857143 1.1190712929500002e-12
4348.5714286 1.1475261853499997e-12
4413.5714286 1.1512444057500002e-12
4480.0 1.1393205543500002e-12
4547.1428571 1.20092794095e-12
4615.0 1.10925673245e-12
4684.2857143 1.1694994942000001e-12
4754.2857143 1.1463577976e-12
4825.0 1.1695106561e-12
4897.1428571 1.1397976851999998e-12
4970.7142857 1.1274660760000002e-12
5045.0 1.1958101783000001e-12
5120.0 1.1578358526000002e-12
5196.4285714 1.1589035279999998e-12
5274.2857143 1.19148004705e-12
5353.5714286 1.13053522915e-12
5433.5714286 1.1334521915500001e-12
5514.2857143 1.2149682024000001e-12
5596.4285714 1.0814179221000002e-12
5680.0 1.1778657736000001e-12
5765.0 1.1961124676e-12
5851.4285714 1.2038142372500001e-12
5939.2857143 1.15546029435e-12
6028.5714286 1.2473582374999998e-12
6119.2857143 1.1626213362500002e-12
6210.7142857 1.244296147e-12
6302.8571429 1.1489570244499999e-12
6396.4285714 1.1788577740499998e-12
6491.4285714 1.1886809894999998e-12
6587.8571429 1.16540993595e-12
6685.7142857 1.1968750969999997e-12
6785.0 1.1638960827499998e-12
6885.7142857 1.1278486264500003e-12
6987.8571429 1.1632354160999999e-12
7092.1428571 1.1973396255500002e-12
7198.5714286 1.1497715003500001e-12
7306.4285714 1.1709069776500003e-12
7415.7142857 1.14938762e-12
7526.4285714 1.1465234285e-12
7638.5714286 1.1863635387000002e-12
7752.1428571 1.1521083752999999e-12
7867.8571429 1.1566625529500002e-12
7985.7142857 1.21732438285e-12
8105.0 1.15226827835e-12
8225.7142857 1.19201099295e-12
8347.8571429 1.1350006442499999e-12
8472.1428571 1.1715342891499998e-12
8598.5714286 1.1742058216000002e-12
8726.4285714 1.1735524188500002e-12
8856.4285714 1.1750658588e-12
8988.5714286 1.1989402546000003e-12
9122.1428571 1.1641399399999998e-12
9257.8571429 1.1586316476499999e-12
9395.7142857 1.2191226209500004e-12
9535.7142857 1.1579607352499997e-12
9677.8571429 1.1686798681000004e-12
9822.1428571 1.1770522195000002e-12
9968.5714286 1.1621747679999998e-12
10117.142857 1.1417152995499998e-12
10267.857143 1.1417204951999997e-12
10420.714286 1.17080302535e-12
10575.714286 1.1686766985e-12
10732.857143 1.15694763755e-12
10892.857143 1.1568345914e-12
11055.0 1.12136699435e-12
11219.285714 1.1605755916e-12
11386.428571 1.16306500635e-12
11556.428571 1.1966552145e-12
11728.571429 1.15731613675e-12
11902.857143 1.1717308060500002e-12
12080.0 1.189211145e-12
12260.0 1.1475788475e-12
12442.857143 1.1352548934000002e-12
12628.571429 1.1452100174000002e-12
12817.142857 1.1549211298e-12
13007.857143 1.1987291993999998e-12
13200.714286 1.13283914165e-12
13396.428571 1.129682752e-12
13595.714286 1.1577189946999998e-12
13798.571429 1.1633934468499998e-12
14004.285714 1.187239116e-12
14212.857143 1.1280235203999998e-12
14424.285714 1.1647806055e-12
14638.571429 1.1622764089999998e-12
14856.428571 1.1748307282999999e-12
15077.857143 1.1404544095e-12
15302.142857 1.1799223425e-12
15529.285714 1.1445517975e-12
15760.0 1.1339766822999996e-12
15994.285714 1.1929051015e-12
16232.142857 1.1377561748499998e-12
16473.571429 1.1826334139999999e-12
16718.571429 1.1591536120000002e-12
16967.142857 1.1573260913000001e-12
17219.285714 1.1548709585499998e-12
17475.0 1.1909547385e-12
17734.285714 1.1330115056500001e-12
17997.857143 1.1819301604999997e-12
18265.714286 1.1721065984999998e-12
18537.142857 1.1725132476000004e-12
18812.142857 1.1434129946500002e-12
19091.428571 1.1561276654999998e-12
19375.0 1.1411166185e-12
19662.857143 1.1621377915000001e-12
19955.0 1.1749273945000002e-12
20251.428571 1.159835425e-12
20552.142857 1.1185935485e-12
20857.142857 1.1566899190000001e-12
21167.142857 1.1751761764999998e-12
21482.142857 1.1503608525000002e-12
21801.428571 1.1508994964999997e-12
22125.0 1.151724442e-12
22453.571429 1.14472696555e-12
22787.142857 1.1646176755e-12
23125.714286 1.150531898e-12
23469.285714 1.157192382e-12
23817.857143 1.13361719325e-12
24171.428571 1.1434582649e-12
24530.0 1.1142509126500001e-12
24894.285714 1.1587552915000002e-12
25264.285714 1.1317535605e-12
25640.0 1.1429276899000003e-12
26021.428571 1.1435003139999999e-12
26408.571429 1.1317785315000004e-12
26801.428571 1.1311041955e-12
27200.0 1.1518171624999996e-12
27604.285714 1.158554709e-12
28014.285714 1.1502669425000002e-12
28430.0 1.122599985e-12
28852.142857 1.1434164194999997e-12
29280.714286 1.1434428145e-12
29715.714286 1.1386933720500003e-12
30157.142857 1.1248552295000002e-12
30605.0 1.137264111e-12
31059.285714 1.1283113885000004e-12
31520.0 1.1401981044e-12
31987.857143 1.132901905e-12
32462.857143 1.1425754135e-12
32945.0 1.1474044278e-12
33434.285714 1.1579774284999999e-12
33930.714286 1.1226610045e-12
34434.285714 1.127656708e-12
34945.0 1.121702786e-12
35463.571429 1.1302160619999998e-12
35990.0 1.1411176364999998e-12
36524.285714 1.1254517985499999e-12
37066.428571 1.14419026e-12
37616.428571 1.1267736715000003e-12
38175.0 1.13639255e-12
38742.142857 1.1199031024999998e-12
39317.142857 1.1154129829500002e-12
39900.0 1.1237030231000001e-12
40492.142857 1.1145461029e-12
41093.571429 1.1206274075e-12
41703.571429 1.10929777235e-12
42322.142857 1.1071862641e-12
42950.0 1.1225932265e-12
43587.142857 1.115929788e-12
44233.571429 1.11647614055e-12
44890.0 1.1155541349999997e-12
45556.428571 1.0949080805000002e-12
46232.857143 1.1174667565e-12
46919.285714 1.1017341979999999e-12
47615.714286 1.1048902725e-12
48322.142857 1.0944940954999998e-12
49039.285714 1.1087577319999999e-12
49767.142857 1.0910874719999998e-12
50505.714286 1.1091150224999999e-12
51255.0 1.0939903746999999e-12
52015.0 1.0923021147e-12
52786.428571 1.0940681266e-12
53569.285714 1.080625483e-12
54363.571429 1.0861909302999998e-12
55170.0 1.07845992875e-12
55988.571429 1.0752460330000002e-12
56819.285714 1.0598883553500001e-12
57662.142857 1.0889837090000003e-12
58517.142857 1.0588924825499997e-12
59385.0 1.0842708376e-12
60265.714286 1.068720767e-12
61159.285714 1.0588408149e-12
62066.428571 1.067068978e-12
62987.142857 1.0699326353e-12
63921.428571 1.0519936736500002e-12
64870.0 1.0472148748500001e-12
65832.857143 1.0461099460500004e-12
66810.0 1.0512084962e-12
67801.428571 1.0564155339999996e-12
68807.142857 1.0442790246e-12
69827.857143 1.0500678634999997e-12
70863.571429 1.0340578856e-12
71914.285714 1.0318705085e-12
72980.714286 1.0280676951500001e-12
74062.857143 1.0210772307e-12
75161.428571 1.0207671365500003e-12
76276.428571 1.0206804423e-12
77407.857143 1.01749711815e-12
78556.428571 1.02548679235e-12
79722.142857 9.999511016499998e-13
80905.0 9.9608811675e-13
82105.0 9.975902906499999e-13
83322.857143 1.00393840065e-12
84558.571429 9.957976490000001e-13
85812.142857 9.818850137000003e-13
87084.285714 9.894369149e-13
88375.714286 9.8098136365e-13
89686.428571 9.566942231500001e-13
91016.428571 9.628612206499998e-13
92366.428571 9.6243827915e-13
93736.428571 9.483375767500001e-13
95126.428571 9.5342357685e-13
96537.142857 9.2766827055e-13
97969.285714 9.32258472e-13
99422.857143 9.343064540500001e-13
100897.85714 9.432752220000002e-13
102394.28571 9.160934027999998e-13
103912.85714 9.135322554499998e-13
105454.28571 8.956071068e-13
107018.57143 8.940020129999998e-13
108605.71429 8.955886966499999e-13
110216.42857 8.9349794925e-13
111851.42857 8.844787801499998e-13
113510.71429 8.807040487999998e-13
115194.28571 8.670435409e-13
116902.85714 8.6931141145e-13
118636.42857 8.588034488499999e-13
120395.71429 8.489963450500001e-13
122181.42857 8.417743897e-13
123993.57143 8.397546498499999e-13
125832.85714 8.364108437499999e-13
127699.28571 8.191638256e-13
129592.85714 8.0554668125e-13
131514.28571 8.015936789000001e-13
133464.28571 8.066623602000003e-13
135443.57143 7.899771701999999e-13
137452.14286 7.968536786e-13
139490.0 7.7811390685e-13
141558.57143 7.655014599500002e-13
143657.85714 7.511614011000001e-13
145787.85714 7.557595790999999e-13
147949.28571 7.507349136000001e-13
150142.85714 7.407660007000002e-13
152369.28571 7.229821251999998e-13
154628.57143 7.169391616500001e-13
156921.42857 7.154467416e-13
159248.57143 7.067069585999999e-13
161610.0 6.9460594745e-13
164006.42857 6.94578771e-13
166438.57143 6.8414277015e-13
168906.42857 6.704116837499998e-13
171410.71429 6.618474758499999e-13
173952.14286 6.553487011500001e-13
176531.42857 6.405195919000002e-13
179149.28571 6.321078512999999e-13
181805.71429 6.301303363500001e-13
184501.42857 6.2005043025e-13
187237.14286 6.0740179135e-13
190013.57143 5.9892769565e-13
192831.42857 5.933161623500001e-13
195690.71429 5.8283891325e-13
198592.14286 5.731143775e-13
201536.42857 5.597444766e-13
204524.28571 5.571449302e-13
207556.42857 5.508884629e-13
210633.57143 5.370311762e-13
213756.42857 5.265270065e-13
216925.71429 5.268501032500001e-13
220142.14286 5.10675063e-13
223406.42857 5.080126073e-13
226719.28571 4.9395853145e-13
230080.71429 4.855250790999999e-13
233492.14286 4.797498508999999e-13
236954.28571 4.6908717915e-13
240467.14286 4.6183760555e-13
244032.14286 4.513678983500001e-13
247650.0 4.4106605090000007e-13
251321.42857 4.3564512325e-13
255047.85714 4.231804753e-13
258830.0 4.2147118414999995e-13
262667.85714 4.1148345845e-13
266562.14286 4.0377583824999997e-13
270514.28571 3.9415961435e-13
274525.0 3.8898908309999996e-13
278595.0 3.7810202685000007e-13
282725.71429 3.7130079484999996e-13
286917.85714 3.64012072e-13
291172.14286 3.537736248e-13
295489.28571 3.4927383515e-13
299870.0 3.4234496114999996e-13
304315.71429 3.326651772499999e-13
308827.85714 3.2341543649999997e-13
313407.14286 3.1739556044999997e-13
318054.28571 3.1032837655e-13
322770.0 3.0177521670000003e-13
327555.0 2.949226075e-13
332410.71429 2.892490615e-13
337338.57143 2.818001186999999e-13
342340.0 2.742655247e-13
347415.71429 2.6827281125e-13
352566.42857 2.610431887500001e-13
357793.57143 2.5663254675e-13
363098.57143 2.488358791e-13
368482.14286 2.4347484594999997e-13
373945.0 2.3605145834999995e-13
379488.57143 2.285360598e-13
385114.28571 2.2444135325e-13
390823.57143 2.1865310955e-13
396617.85714 2.128189574e-13
402497.85714 2.0720504705000002e-13
408465.0 2.004042151e-13
414520.71429 1.9618259315000003e-13
420666.42857 1.9052370135000003e-13
426903.57143 1.8535108544999997e-13
433232.85714 1.800957058e-13
439655.71429 1.7497740625000002e-13
446173.57143 1.7045086560000002e-13
452787.85714 1.651245658e-13
459500.71429 1.5987833375e-13
466313.57143 1.558338046e-13
473227.14286 1.5070349695e-13
480242.85714 1.4627788465000002e-13
487362.85714 1.4210520744999998e-13
494588.57143 1.374743585e-13
501920.71429 1.3326454775e-13
509361.42857 1.2908389685000002e-13
516912.85714 1.251045035e-13
524576.42857 1.2099978724999998e-13
532353.57143 1.1716827679999998e-13
540245.71429 1.138751723e-13
548255.0 1.1023187105e-13
556382.85714 1.0638102614999998e-13
564630.71429 1.0327888160000001e-13
573001.42857 9.909256161000001e-14
581496.42857 9.687663564000002e-14
590117.14286 9.289594986000001e-14
598865.71429 8.9284925395e-14
607743.57143 8.643366038500002e-14
616752.85714 8.332274554e-14
625895.71429 8.0142189745e-14
635174.28571 7.7255673835e-14
644590.71429 7.413872642500001e-14
654146.42857 7.178538287000001e-14
663843.57143 6.905322284e-14
673685.0 6.641297071e-14
683672.85714 6.4066705825e-14
693808.57143 6.118544130000001e-14
704094.28571 5.905787562e-14
714532.14286 5.687650846e-14
725125.0 5.4630561055e-14
735875.0 5.233637480000001e-14
746784.28571 5.0511123200000016e-14
757855.71429 4.848218006999999e-14
769090.71429 4.6578383784999996e-14
780492.14286 4.433458145500001e-14
792062.85714 4.2811312589999995e-14
803805.0 4.0877575515000003e-14
815721.42857 3.9091999399999994e-14
827814.28571 3.7437980305e-14
840086.42857 3.579093208e-14
852540.71429 3.4245806555e-14
865179.28571 3.2685155265000004e-14
878005.0 3.1236924570000004e-14
891020.71429 2.993635652e-14
904229.28571 2.8497936055e-14
917633.57143 2.7303402215000005e-14
931237.14286 2.5939531655000004e-14
945042.85714 2.4825455795000002e-14
959052.85714 2.3630630025000002e-14
973270.71429 2.2528085074999998e-14
987699.28571 2.1518007309999997e-14
1002341.4286 2.0530505745000005e-14
1017200.7143 1.9602543469999995e-14
1032280.0 1.8642350040000003e-14
1047582.8571 1.770580531e-14
1063112.8571 1.687514756e-14
1078872.8571 1.6033754139999998e-14
1094866.4286 1.5287140670000002e-14
1111097.1429 1.4543618809999997e-14
1127568.5714 1.3791667149999998e-14
1144284.2857 1.3173250825e-14
1161247.8571 1.2542615395e-14
1178462.8571 1.189454653e-14
1195932.8571 1.1312900599999996e-14
1213662.1429 1.0733812829999999e-14
1231654.2857 1.0244135664999998e-14
1249912.8571 9.7255164415e-15
1268442.1429 9.2353625985e-15
1287246.4286 8.7866391635e-15
1306329.2857 8.3532228895e-15
1325695.0 7.926771982e-15
1345347.8571 7.518474308e-15
1365292.1429 7.1771020675e-15
1385532.1429 6.828142945e-15
1406072.1429 6.5023107784999995e-15
1426916.4286 6.163989149500001e-15
1448069.2857 5.879852121499999e-15
1469535.7143 5.580325406499999e-15
1491320.7143 5.304494200000001e-15
1513428.5714 5.0635982105000006e-15
1535863.5714 4.8092794715e-15
1558631.4286 4.583788355e-15
1581737.1429 4.3630958215e-15
1605185.7143 4.1546251745e-15
1628982.1429 3.957862082e-15
1653130.7143 3.768696309000001e-15
1677637.1429 3.591190894500001e-15
1702507.1429 3.4398343865e-15
1727745.7143 3.275443261e-15
1753358.5714 3.1187940719999994e-15
1779351.4286 2.9717237084999994e-15
1805729.2857 2.8441695929999993e-15
1832497.8571 2.7033078820000004e-15
1859663.5714 2.5843242185e-15
1887232.1429 2.4621427234999996e-15
1915209.2857 2.3581994725e-15
1943600.7143 2.2523900030000005e-15
1972412.8571 2.1432395289999995e-15
2001652.1429 2.0539546905e-15
2031325.0 1.9721104445e-15
2061437.8571 1.881532948e-15
2091997.1429 1.8035769615e-15
2123009.2857 1.7192532389999998e-15
2154480.7143 1.6487416009999997e-15
2186418.5714 1.5788061165000003e-15
2218830.0 1.5097249225000003e-15
2251722.1429 1.4503090549999999e-15
2285102.1429 1.3864178114999998e-15
2318977.1429 1.3306484165e-15
2353354.2857 1.2733699349999996e-15
2388240.7143 1.223105777e-15
2423644.2857 1.1712727979999999e-15
2459572.8571 1.1283568325e-15
2496034.2857 1.07955709e-15
2533036.4286 1.0390817929999998e-15
2570587.1429 9.9404273415e-16
2608694.2857 9.5498500755e-16
2647365.7143 9.1841679035e-16
2686610.7143 8.841366777500001e-16
2726437.8571 8.4968486455e-16
2766855.0 8.142359422999998e-16
2807871.4286 7.841547147e-16
2849495.7143 7.5404398285e-16
2891737.1429 7.248467197000001e-16
2934605.0 6.980469646500001e-16
2978107.8571 6.699837669000001e-16
3022255.7143 6.487863271500001e-16
3067057.8571 6.246172332e-16
3112524.2857 6.009766159999999e-16
3158665.0 5.7821429365e-16
3205489.2857 5.5758761305e-16
3253007.8571 5.3982874875e-16
3301230.7143 5.205177177499999e-16
3350168.5714 5.005937657500001e-16
3399832.1429 4.833034048000001e-16
3450231.4286 4.686521441e-16
3501377.8571 4.533395735500001e-16
3553282.8571 4.3744864185000005e-16
3605957.1429 4.2420266965e-16
3659412.1429 4.100660286e-16
3713660.0 3.9774105170000007e-16
3768712.1429 3.8533103380000003e-16
3824580.0 3.7420547974999997e-16
3881275.7143 3.6300597669999997e-16
3938812.1429 3.5385101909999997e-16
3997201.4286 3.436239962e-16
4056456.4286 3.3518401905e-16
4116590.0 3.2688800350000006e-16
4177615.0 3.1824010185e-16
4239544.2857 3.1134224439999993e-16
4302391.4286 3.0479058304999995e-16
4366170.7143 2.992944948500001e-16
4430895.0 2.9340723485e-16
4496578.5714 2.8883097489999997e-16
4563236.4286 2.8421091065e-16
4630882.1429 2.8048327085e-16
4699530.0 2.7790085844999993e-16
4769195.7143 2.7474234010000003e-16
4839894.2857 2.733635689e-16
4911640.7143 2.7201854280000005e-16
4973888.5714 2.7168187864999996e-16
