# freq [Hz]  noise density [V^2/Hz]
1.4285714286 4.488415119749999e-11
4.2857142857 1.6609466505699991e-12
5.7142857143 1.8922250512435e-12
7.1428571429 1.4488807855427501e-12
8.5714285714 1.5456541107789004e-12
10.0 1.4584530826561498e-12
11.428571429 1.3235091936078e-12
12.857142857 1.4204939715295001e-12
14.285714286 1.2405343027327e-12
15.714285714 1.2366623398115001e-12
17.142857143 1.3481819282029992e-12
18.571428571 1.1917870991605695e-12
20.0 1.2591478812604994e-12
21.428571429 1.2531059760055505e-12
22.857142857 1.2691353232606503e-12
24.285714286 1.3787814946842457e-12
25.714285714 1.1831272474585496e-12
27.142857143 1.2770670399675e-12
28.571428571 1.1901901577107504e-12
30.0 1.25978729272955e-12
31.428571429 1.3010354695850001e-12
32.857142857 1.1506504984220498e-12
34.285714286 1.1824898005757002e-12
35.714285714 1.3874751257179991e-12
37.142857143 1.2879235698100001e-12
38.571428571 1.1330794792645498e-12
40.0 1.1938663039323e-12
41.428571429 1.1829496874794996e-12
42.857142857 1.17809714263805e-12
44.285714286 1.1738525286564004e-12
45.714285714 1.3998925313205505e-12
47.142857143 1.1355687442150006e-12
48.571428571 1.1561455335195e-12
50.0 1.3089834918122496e-12
51.428571429 1.1505488634894996e-12
52.857142857 1.5410819251615002e-12
54.285714286 1.1482461131670503e-12
55.714285714 1.1332598411249998e-12
57.142857143 1.3372576454712798e-12
58.571428571 1.2869437778422499e-12
60.0 1.1549144419840503e-12
61.428571429 1.1910552220601e-12
62.857142857 1.3357709361975147e-12
64.285714286 1.1638985932735503e-12
65.714285714 1.3846180860034056e-12
67.142857143 1.2766500213245011e-12
68.571428571 1.1376549185505498e-12
70.0 1.2733293499233953e-12
71.428571429 1.2540396196657002e-12
72.857142857 1.3596023745790092e-12
74.285714286 1.20334922488855e-12
75.714285714 1.3202266205373996e-12
77.142857143 1.2238205364544005e-12
78.571428571 1.09812960143965e-12
80.0 1.2376540252806495e-12
81.428571429 1.2260404778365004e-12
82.857142857 1.1846271800274993e-12
84.285714286 1.1393712874024999e-12
85.714285714 1.2399548260739312e-12
87.142857143 1.3556133014703004e-12
88.571428571 1.3715715664262494e-12
90.0 1.2033053314646503e-12
91.428571429 1.1015901955563452e-12
92.857142857 1.2677750887116496e-12
94.285714286 1.3030758496875e-12
95.714285714 1.279267096900101e-12
97.142857143 1.1834028988384995e-12
99.285714286 1.3033696126419991e-12
102.14285714 1.1557456467650003e-12
105.0 1.2254672064365e-12
107.85714286 1.222758138301e-12
110.71428571 1.2132805216730004e-12
113.57142857 1.2001897373709998e-12
116.42857143 1.1691907738000003e-12
119.28571429 1.2146864918139997e-12
122.14285714 1.1714918177955001e-12
125.0 1.1853830190104998e-12
127.85714286 1.2875959632799996e-12
130.71428571 1.1597496982850001e-12
133.57142857 1.1586243744665005e-12
136.42857143 1.2305819707770002e-12
139.28571429 1.1924518543649993e-12
142.14285714 1.2479875642544998e-12
145.0 1.1581148282424993e-12
147.85714286 1.2426537917460002e-12
150.71428571 1.1349349879855002e-12
153.57142857 1.1847789131459997e-12
156.42857143 1.0750185278984996e-12
159.28571429 1.203440471217e-12
162.14285714 1.1856470510285002e-12
165.0 1.2670399998850003e-12
167.85714286 1.0889618897720003e-12
170.71428571 1.2486189152105004e-12
173.57142857 1.3022015453285005e-12
176.42857143 1.2302260976745e-12
179.28571429 1.1580941320929998e-12
182.14285714 1.1717107563425003e-12
185.0 1.1498459331855001e-12
187.85714286 1.1929084724999994e-12
190.71428571 1.3041994491249997e-12
193.57142857 1.1812704724240002e-12
197.14285714 1.1541801094050002e-12
201.42857143 1.2664921166750003e-12
205.71428571 1.19488703377e-12
210.0 1.1801817758499993e-12
214.28571429 1.2163855328880005e-12
218.57142857 1.2289876876249999e-12
222.85714286 1.1359643403199999e-12
227.14285714 1.2553799980249993e-12
231.42857143 1.1916935916164995e-12
235.71428571 1.240197992945e-12
240.0 1.1886839017214991e-12
244.28571429 1.2430863291499997e-12
248.57142857 1.1898240603699996e-12
252.85714286 1.1556134380250001e-12
257.14285714 1.2415003450499999e-12
261.42857143 1.2132814200399997e-12
265.71428571 1.16394282189e-12
270.0 1.2127191678314996e-12
274.28571429 1.1818100555950006e-12
278.57142857 1.1585026635949994e-12
282.85714286 1.2030844539474997e-12
287.14285714 1.2030035745685002e-12
291.42857143 1.191284637115e-12
296.42857143 1.2593496385499994e-12
302.14285714 1.2356908002060005e-12
307.85714286 1.260799821015e-12
313.57142857 1.1950405205299998e-12
319.28571429 1.25205997115e-12
325.0 1.154142655905e-12
330.71428571 1.2336651347700004e-12
336.42857143 1.1398394729999995e-12
342.14285714 1.2536610599900003e-12
347.85714286 1.3236896444149997e-12
353.57142857 1.2117423613549999e-12
359.28571429 1.3018816088700003e-12
365.0 1.1933449706250002e-12
370.71428571 1.1898120733650003e-12
376.42857143 1.1859358897099995e-12
382.14285714 1.2506703030699998e-12
387.85714286 1.1783029965e-12
394.28571429 1.2061802955249991e-12
401.42857143 1.2399179709450004e-12
408.57142857 1.1745747150500007e-12
415.71428571 1.1950608122949996e-12
422.85714286 1.1804894350549991e-12
430.0 1.1155580852200003e-12
437.14285714 1.1906526757849996e-12
444.28571429 1.2259361622099996e-12
451.42857143 1.1523363483199994e-12
458.57142857 1.1811981766899999e-12
465.71428571 1.2072252319749995e-12
472.85714286 1.123016618195e-12
480.0 1.2046782166550002e-12
487.85714286 1.1895272446599996e-12
496.42857143 1.2629045851449993e-12
505.0 1.1709893428800007e-12
513.57142857 1.2377522971299993e-12
522.14285714 1.1992409038550003e-12
530.71428571 1.2636437659499997e-12
539.28571429 1.215851852275e-12
547.85714286 1.1561090310350003e-12
556.42857143 1.143596334845e-12
565.0 1.1894558517599995e-12
573.57142857 1.1644282889049995e-12
582.14285714 1.1519340010549998e-12
591.42857143 1.1787738245850001e-12
601.42857143 1.2594465074349999e-12
611.42857143 1.1940595502900005e-12
621.42857143 1.1822828644150004e-12
631.42857143 1.185970330325e-12
641.42857143 1.1472545626549994e-12
651.42857143 1.1995008701049994e-12
661.42857143 1.16116889234e-12
671.42857143 1.2253670834300008e-12
682.14285714 1.188892551315e-12
693.57142857 1.2190855679949997e-12
705.0 1.155406528865e-12
716.42857143 1.203567866535e-12
727.85714286 1.1857927605349997e-12
739.28571429 1.16075660355e-12
750.71428571 1.18318416807e-12
762.14285714 1.1573950044199993e-12
773.57142857 1.1302860983450002e-12
785.71428571 1.1480780432099997e-12
798.57142857 1.1694457192599994e-12
811.42857143 1.157995301525e-12
824.28571429 1.1871088483100007e-12
837.14285714 1.1864154589449996e-12
850.0 1.1837010081049992e-12
862.85714286 1.1510980177850002e-12
876.42857143 1.1943404948899995e-12
890.71428571 1.119981562005e-12
905.0 1.2037132402400006e-12
919.28571429 1.1688879386450002e-12
933.57142857 1.1886952292600004e-12
947.85714286 1.2385301832849999e-12
962.14285714 1.2244276091650003e-12
977.14285714 1.1955088004699997e-12
992.85714286 1.2571735690249998e-12
1008.5714286 1.24129618249e-12
1024.2857143 1.1770275194300003e-12
1040.0 1.189817507245e-12
1055.7142857 1.1653913889249999e-12
1072.1428571 1.1839680662000008e-12
1089.2857143 1.2227093683000002e-12
1106.4285714 1.20462993875e-12
1123.5714286 1.2114137600350007e-12
1140.7142857 1.14783916122e-12
1157.8571429 1.2076112525450005e-12
1175.7142857 1.2008180252099995e-12
1194.2857143 1.1655224388450002e-12
1212.8571429 1.1860068842150004e-12
1231.4285714 1.16293682601e-12
1250.0 1.19923366549e-12
1269.2857143 1.216127535425e-12
1289.2857143 1.1896824699049998e-12
1309.2857143 1.1841774430350004e-12
1329.2857143 1.1913780242700002e-12
1349.2857143 1.1788715377049995e-12
1370.0 1.1532505264850003e-12
1391.4285714 1.1681887063750006e-12
1412.8571429 1.1659208148600002e-12
1434.2857143 1.1910773586749994e-12
1455.7142857 1.1733856261599992e-12
1477.8571429 1.14120367163e-12
1500.7142857 1.1736520816750001e-12
1523.5714286 1.175369379565e-12
1546.4285714 1.1783666703549996e-12
1570.0 1.2104803072999996e-12
1594.2857143 1.2039264452199994e-12
1618.5714286 1.15362477933e-12
1642.8571429 1.1810010704650002e-12
1667.8571429 1.2133467715249995e-12
1693.5714286 1.1481447401150001e-12
1719.2857143 1.23101980332e-12
1745.0 1.1277095226199992e-12
1771.4285714 1.2164346116099996e-12
1798.5714286 1.1844742481249996e-12
1825.7142857 1.2163654045050007e-12
1853.5714286 1.1695412718349996e-12
1882.1428571 1.2060740398550002e-12
1910.7142857 1.2009547648099994e-12
1939.2857143 1.183190166275e-12
1968.5714286 1.1775396308750005e-12
1998.5714286 1.225266297935e-12
2028.5714286 1.1633935501599999e-12
2059.2857143 1.1841300422200004e-12
2090.7142857 1.1591293374399993e-12
2122.1428571 1.2394771393750002e-12
2154.2857143 1.20713069066e-12
2187.1428571 1.211226912275e-12
2220.0 1.1863032392699995e-12
2253.5714286 1.165039588525e-12
2287.8571429 1.175738674635e-12
2322.1428571 1.2147758143050002e-12
2357.1428571 1.18548286532e-12
2392.8571429 1.1636756368350004e-12
2429.2857143 1.18332695976e-12
2466.4285714 1.1738517600700001e-12
2503.5714286 1.146796903065001e-12
2541.4285714 1.2126088947299996e-12
2580.0 1.1843010931999998e-12
2618.5714286 1.1501240922350008e-12
2657.8571429 1.206704582525e-12
2697.8571429 1.1848620674949998e-12
2738.5714286 1.209758921045e-12
2780.0 1.2010880780450005e-12
2822.1428571 1.1892206609999999e-12
2865.0 1.1761195768099996e-12
2907.8571429 1.1843066324500005e-12
2951.4285714 1.198775231155e-12
2995.7142857 1.1863633415099997e-12
3040.7142857 1.1982082529150004e-12
3086.4285714 1.1814755524900004e-12
3132.8571429 1.1869473486300005e-12
3180.0 1.1906873997250002e-12
3227.8571429 1.1871079913550001e-12
3276.4285714 1.1785952843600003e-12
3325.7142857 1.1697546699799994e-12
3375.7142857 1.1961193123599998e-12
3426.4285714 1.2023905011800008e-12
3477.8571429 1.1833888822299998e-12
3530.0 1.1901321260649992e-12
3582.8571429 1.18166038552e-12
3636.4285714 1.1852731428100004e-12
3691.4285714 1.2211188904450008e-12
3747.1428571 1.1854528798900002e-12
3803.5714286 1.1893410205950003e-12
3860.7142857 1.1853519317850004e-12
3918.5714286 1.1896055587600005e-12
3977.1428571 1.2222070486599997e-12
4036.4285714 1.1979576967799993e-12
4097.1428571 1.1943856325050002e-12
4158.5714286 1.1944717158250003e-12
4220.7142857 1.2107894101850004e-12
4284.2857143 1.1649030370499996e-12
4348.5714286 1.174445873235e-12
4413.5714286 1.1700102919849995e-12
4480.0 1.1778912937400006e-12
4547.1428571 1.1781232588849995e-12
4615.0 1.190289578070001e-12
4684.2857143 1.1949113495399995e-12
4754.2857143 1.181291931845e-12
4825.0 1.1966175000700001e-12
4897.1428571 1.1771185171499995e-12
4970.7142857 1.1676628151750008e-12
5045.0 1.186554487495001e-12
5120.0 1.1978236549199995e-12
5196.4285714 1.1720351731699996e-12
5274.2857143 1.1842189279150004e-12
5353.5714286 1.1767347741850006e-12
5433.5714286 1.16828640023e-12
5514.2857143 1.1848676529549994e-12
5596.4285714 1.1885923192449994e-12
5680.0 1.1765222825849999e-12
5765.0 1.1835178687049998e-12
5851.4285714 1.1711907547949994e-12
5939.2857143 1.180941289110001e-12
6028.5714286 1.2015446001200001e-12
6119.2857143 1.1922424344999999e-12
6210.7142857 1.1762824181650002e-12
6302.8571429 1.18720312393e-12
6396.4285714 1.1794422595899994e-12
6491.4285714 1.181351009825e-12
6587.8571429 1.1827105297350006e-12
6685.7142857 1.1923981185599997e-12
6785.0 1.1849296252249999e-12
6885.7142857 1.1656175549900004e-12
6987.8571429 1.1880926220800007e-12
7092.1428571 1.1808670711249996e-12
7198.5714286 1.1829249361299995e-12
7306.4285714 1.18762179539e-12
7415.7142857 1.1840897234799988e-12
7526.4285714 1.1863608683299998e-12
7638.5714286 1.1802206399199996e-12
7752.1428571 1.1956002859649996e-12
7867.8571429 1.179356996025e-12
7985.7142857 1.1685928719500001e-12
8105.0 1.1831574552149995e-12
8225.7142857 1.1866299788900004e-12
8347.8571429 1.1623353287350006e-12
8472.1428571 1.17298037903e-12
8598.5714286 1.1872341007249993e-12
8726.4285714 1.1905082666499996e-12
8856.4285714 1.1886554868500008e-12
8988.5714286 1.18726194011e-12
9122.1428571 1.1880803143800003e-12
9257.8571429 1.1814623453050004e-12
9395.7142857 1.1791947190249994e-12
9535.7142857 1.1846244586349994e-12
9677.8571429 1.1861692904000003e-12
9822.1428571 1.1810046307649993e-12
9968.5714286 1.1773177256699997e-12
10117.142857 1.1743513332549997e-12
10267.857143 1.1828013947249995e-12
10420.714286 1.1776341172649996e-12
10575.714286 1.18575721878e-12
10732.857143 1.1937562097849996e-12
10892.857143 1.1701907881450003e-12
11055.0 1.1870278883199998e-12
11219.285714 1.1917572796150002e-12
11386.428571 1.1735070478999993e-12
11556.428571 1.167952324995e-12
11728.571429 1.1716952974249993e-12
11902.857143 1.1927509672399999e-12
12080.0 1.178243947305e-12
12260.0 1.1879893254000003e-12
12442.857143 1.1639806643950005e-12
12628.571429 1.1886709417150003e-12
12817.142857 1.1750865401299994e-12
13007.857143 1.17400560127e-12
13200.714286 1.1789849424500002e-12
13396.428571 1.1804858843300003e-12
13595.714286 1.167007343314999e-12
13798.571429 1.16681787595e-12
14004.285714 1.1795585808199994e-12
14212.857143 1.16673824003e-12
14424.285714 1.1772357933649999e-12
14638.571429 1.177732593825e-12
14856.428571 1.1763495147400001e-12
15077.857143 1.1834330985649999e-12
15302.142857 1.1772558654100002e-12
15529.285714 1.1696802678600002e-12
15760.0 1.1726240448099999e-12
15994.285714 1.1740839612550001e-12
16232.142857 1.1753323907700006e-12
16473.571429 1.1793675121099997e-12
16718.571429 1.1743414334500008e-12
16967.142857 1.1808392951950004e-12
17219.285714 1.1717666206899999e-12
17475.0 1.1824918662650004e-12
17734.285714 1.1669709227550003e-12
17997.857143 1.1724514868449997e-12
18265.714286 1.1657990087449994e-12
18537.142857 1.1701118049550009e-12
18812.142857 1.1601199976450001e-12
19091.428571 1.1667455055650002e-12
19375.0 1.1710681062899998e-12
19662.857143 1.1667761462550008e-12
19955.0 1.1775347358949996e-12
20251.428571 1.1658719135850007e-12
20552.142857 1.17425679795e-12
20857.142857 1.1667570554099992e-12
21167.142857 1.1763579883749997e-12
21482.142857 1.1617521866349995e-12
21801.428571 1.1740254936349997e-12
22125.0 1.1640991216499999e-12
22453.571429 1.1603153430799998e-12
22787.142857 1.166477675525e-12
23125.714286 1.16264918561e-12
23469.285714 1.1648997120750003e-12
23817.857143 1.168376501865e-12
24171.428571 1.1628174373999996e-12
24530.0 1.169142298265e-12
24894.285714 1.1603660209500005e-12
25264.285714 1.1660124292000003e-12
25640.0 1.16311133756e-12
26021.428571 1.1597977680999991e-12
26408.571429 1.16183733592e-12
26801.428571 1.15682583691e-12
27200.0 1.1728866789000002e-12
27604.285714 1.1609023113500006e-12
28014.285714 1.160217466975e-12
28430.0 1.161814434325001e-12
28852.142857 1.1553100756649998e-12
29280.714286 1.1529616763800003e-12
29715.714286 1.1645550080000001e-12
30157.142857 1.15368332697e-12
30605.0 1.15695816321e-12
31059.285714 1.150210884464999e-12
31520.0 1.15522267375e-12
31987.857143 1.1549289840750005e-12
32462.857143 1.1528648233500006e-12
32945.0 1.1465463392599997e-12
33434.285714 1.1472375051999997e-12
33930.714286 1.1378150747150002e-12
34434.285714 1.1423786377000002e-12
34945.0 1.1467044315e-12
35463.571429 1.1461438761500004e-12
35990.0 1.1404100808999988e-12
36524.285714 1.141311375305e-12
37066.428571 1.1370056700950005e-12
37616.428571 1.1387764336000002e-12
38175.0 1.136956008075e-12
38742.142857 1.1359755186349999e-12
39317.142857 1.1429109193900003e-12
39900.0 1.1415451427849999e-12
40492.142857 1.133507761065e-12
41093.571429 1.1333467468549999e-12
41703.571429 1.1296607496500003e-12
42322.142857 1.1327023903199998e-12
42950.0 1.1246333929850005e-12
43587.142857 1.1220141777399996e-12
44233.571429 1.1252866867400006e-12
44890.0 1.11968889448e-12
45556.428571 1.1197248054999996e-12
46232.857143 1.1182797875999994e-12
46919.285714 1.1128958316199996e-12
47615.714286 1.1216822417749993e-12
48322.142857 1.1149220380499998e-12
49039.285714 1.1155052024600002e-12
49767.142857 1.1065631621500003e-12
50505.714286 1.110571579065e-12
51255.0 1.1030974500049998e-12
52015.0 1.1042662269999999e-12
52786.428571 1.1045185825599994e-12
53569.285714 1.0976142977950003e-12
54363.571429 1.09234851207e-12
55170.0 1.0932413330600003e-12
55988.571429 1.0923255972800003e-12
56819.285714 1.0934252869100003e-12
57662.142857 1.0793819000299995e-12
58517.142857 1.0781717430249997e-12
59385.0 1.0858044054799999e-12
60265.714286 1.0776566605199994e-12
61159.285714 1.0773354597300003e-12
62066.428571 1.0719304197949998e-12
62987.142857 1.0655768839299998e-12
63921.428571 1.05924339227e-12
64870.0 1.0647442584749997e-12
65832.857143 1.058380195375e-12
66810.0 1.0556523318700005e-12
67801.428571 1.0542495993450002e-12
68807.142857 1.0505035713449995e-12
69827.857143 1.0441848068350003e-12
70863.571429 1.04536033602e-12
71914.285714 1.0411279473350002e-12
72980.714286 1.0363008103450004e-12
74062.857143 1.0324031051050006e-12
75161.428571 1.0255817873799996e-12
76276.428571 1.0215548556250002e-12
77407.857143 1.0170693498499999e-12
78556.428571 1.007657669025e-12
79722.142857 1.0080020906600005e-12
80905.0 1.0035969355050002e-12
82105.0 1.0047149282000006e-12
83322.857143 9.927186473149999e-13
84558.571429 9.966096409549997e-13
85812.142857 9.86579895525e-13
87084.285714 9.85066068605e-13
88375.714286 9.78751102175e-13
89686.428571 9.743613670850002e-13
91016.428571 9.670377178049999e-13
92366.428571 9.657191875950001e-13
93736.428571 9.626103463400001e-13
95126.428571 9.50883360775e-13
96537.142857 9.447471462750003e-13
97969.285714 9.378523609799997e-13
99422.857143 9.3718173074e-13
100897.85714 9.291017082049997e-13
102394.28571 9.233490962350004e-13
103912.85714 9.189488821850003e-13
105454.28571 9.115149579450002e-13
107018.57143 9.062668567799998e-13
108605.71429 8.986686263500004e-13
110216.42857 8.919554212900003e-13
111851.42857 8.835116304850002e-13
113510.71429 8.806341742299997e-13
115194.28571 8.715239163300003e-13
116902.85714 8.668785590750006e-13
118636.42857 8.596927491549999e-13
120395.71429 8.523237690700004e-13
122181.42857 8.4565628255e-13
123993.57143 8.352613537950006e-13
125832.85714 8.282376943199997e-13
127699.28571 8.245141307299997e-13
129592.85714 8.165917850899998e-13
131514.28571 8.060988870000005e-13
133464.28571 7.975208437349999e-13
135443.57143 7.902750832949998e-13
137452.14286 7.832121965900004e-13
139490.0 7.751615372949995e-13
141558.57143 7.659915879199998e-13
143657.85714 7.588844225649997e-13
145787.85714 7.52047856155e-13
147949.28571 7.443328083099999e-13
150142.85714 7.374802854150003e-13
152369.28571 7.2640201777e-13
154628.57143 7.178129317000004e-13
156921.42857 7.123794130950001e-13
159248.57143 7.022938287350003e-13
161610.0 6.935072840749999e-13
164006.42857 6.855690904099995e-13
166438.57143 6.783598557950002e-13
168906.42857 6.6718302685e-13
171410.71429 6.597269208450001e-13
173952.14286 6.509629661150001e-13
176531.42857 6.430072920549995e-13
179149.28571 6.340921891749999e-13
181805.71429 6.246762419799997e-13
184501.42857 6.144145796700001e-13
187237.14286 6.04776294885e-13
190013.57143 5.980455631050002e-13
192831.42857 5.890577539999998e-13
195690.71429 5.81005800405e-13
198592.14286 5.695821460449998e-13
201536.42857 5.63873079425e-13
204524.28571 5.524541382949996e-13
207556.42857 5.432752516100002e-13
210633.57143 5.366288921349999e-13
213756.42857 5.267219224099999e-13
216925.71429 5.189003786199999e-13
220142.14286 5.082284089799999e-13
223406.42857 5.000584395550001e-13
226719.28571 4.912902264200003e-13
230080.71429 4.831737397150002e-13
233492.14286 4.735642975249998e-13
236954.28571 4.656628201e-13
240467.14286 4.559875990199999e-13
244032.14286 4.4797888866000024e-13
247650.0 4.399446919250002e-13
251321.42857 4.3140194008999996e-13
255047.85714 4.228187036599998e-13
258830.0 4.14960869965e-13
262667.85714 4.062123211699997e-13
266562.14286 3.9839405442500036e-13
270514.28571 3.9076242000500003e-13
274525.0 3.832570884749999e-13
278595.0 3.7468739886999945e-13
282725.71429 3.668038420400005e-13
286917.85714 3.585063887000001e-13
291172.14286 3.50778851005e-13
295489.28571 3.4365913446999973e-13
299870.0 3.3613627798000004e-13
304315.71429 3.280914817900002e-13
308827.85714 3.218351637500001e-13
313407.14286 3.142530481999999e-13
318054.28571 3.0758816162999997e-13
322770.0 3.0028580592000005e-13
327555.0 2.934169275800001e-13
332410.71429 2.863291702800002e-13
337338.57143 2.7930416747499985e-13
342340.0 2.72872012905e-13
347415.71429 2.6599212626499985e-13
352566.42857 2.5969362615000006e-13
357793.57143 2.53546277855e-13
363098.57143 2.4650084063499997e-13
368482.14286 2.4150587641999985e-13
373945.0 2.3484372797500007e-13
379488.57143 2.288921927549999e-13
385114.28571 2.2287562111000006e-13
390823.57143 2.1669218661500006e-13
396617.85714 2.1116664713500003e-13
402497.85714 2.0575035418e-13
408465.0 1.9987913089e-13
414520.71429 1.9450023150499994e-13
420666.42857 1.8957557358499998e-13
426903.57143 1.8427847002999995e-13
433232.85714 1.7908908560999996e-13
439655.71429 1.7442467413000002e-13
446173.57143 1.6916039582000003e-13
452787.85714 1.64339043655e-13
459500.71429 1.59340114455e-13
466313.57143 1.5503845298500004e-13
473227.14286 1.5053741681500004e-13
480242.85714 1.4607452112499999e-13
487362.85714 1.4162780847500002e-13
494588.57143 1.3737608584500004e-13
501920.71429 1.3309125632000002e-13
509361.42857 1.2927511841500005e-13
516912.85714 1.253224992799999e-13
524576.42857 1.2137766917500001e-13
532353.57143 1.1750434044499998e-13
540245.71429 1.1385421353e-13
548255.0 1.1003147392000002e-13
556382.85714 1.0671786972499996e-13
564630.71429 1.0304362073649995e-13
573001.42857 9.968051224750002e-14
581496.42857 9.651595959650004e-14
590117.14286 9.317020495450002e-14
598865.71429 8.9960427557e-14
607743.57143 8.695654504900001e-14
616752.85714 8.393331810299995e-14
625895.71429 8.100008553150006e-14
635174.28571 7.8197787702e-14
644590.71429 7.541807736200001e-14
654146.42857 7.2676703349e-14
663843.57143 6.999588994899999e-14
673685.0 6.750973723750002e-14
683672.85714 6.502552786350003e-14
693808.57143 6.260447654949999e-14
704094.28571 6.01628279525e-14
714532.14286 5.791337438600002e-14
725125.0 5.563479093249995e-14
735875.0 5.3539539415499974e-14
746784.28571 5.14329075925e-14
757855.71429 4.9465599506999976e-14
769090.71429 4.751414842899996e-14
780492.14286 4.558093331800002e-14
792062.85714 4.374006311049998e-14
803805.0 4.198698234750002e-14
815721.42857 4.02841742845e-14
827814.28571 3.862611736700002e-14
840086.42857 3.694944320450001e-14
852540.71429 3.537100726800001e-14
865179.28571 3.393409927849998e-14
878005.0 3.244349899399999e-14
891020.71429 3.1096293521500015e-14
904229.28571 2.973903556850001e-14
917633.57143 2.840497152499999e-14
931237.14286 2.7196427636999987e-14
945042.85714 2.5972859425999995e-14
959052.85714 2.483048705050001e-14
973270.71429 2.3690986855000007e-14
987699.28571 2.263645095050001e-14
1002341.4286 2.1630813274000003e-14
1017200.7143 2.065615122850001e-14
1032280.0 1.9688697509999986e-14
1047582.8571 1.8828722754500014e-14
1063112.8571 1.794257148549999e-14
1078872.8571 1.7095411024500007e-14
1094866.4286 1.63054037965e-14
1111097.1429 1.5562228205500012e-14
1127568.5714 1.482321577149999e-14
1144284.2857 1.4144773970000008e-14
1161247.8571 1.3477994583499999e-14
1178462.8571 1.2833514217499993e-14
1195932.8571 1.2244144190999998e-14
1213662.1429 1.1647817948000002e-14
1231654.2857 1.1126168343499994e-14
1249912.8571 1.0599708508999995e-14
1268442.1429 1.0100388242849997e-14
1287246.4286 9.6179779739e-15
1306329.2857 9.165323914299998e-15
1325695.0 8.744456547499999e-15
1345347.8571 8.330170623800003e-15
1365292.1429 7.9400506592e-15
1385532.1429 7.580758381150003e-15
1406072.1429 7.231574749e-15
1426916.4286 6.8908476101000015e-15
1448069.2857 6.569928629400001e-15
1469535.7143 6.2613481428499985e-15
1491320.7143 5.980302831049998e-15
1513428.5714 5.708115614449998e-15
1535863.5714 5.4561138532e-15
1558631.4286 5.2088107691000014e-15
1581737.1429 4.96928474355e-15
1605185.7143 4.753746400450001e-15
1628982.1429 4.5399340902499976e-15
1653130.7143 4.3435095954499966e-15
1677637.1429 4.15280993885e-15
1702507.1429 3.977614282399999e-15
1727745.7143 3.800877513200002e-15
1753358.5714 3.6395714131500035e-15
1779351.4286 3.488303524699998e-15
1805729.2857 3.343352248300001e-15
1832497.8571 3.201089596049999e-15
1859663.5714 3.069036749300002e-15
1887232.1429 2.943766334e-15
1915209.2857 2.8248432212999984e-15
1943600.7143 2.7096259736500004e-15
1972412.8571 2.6033495795500007e-15
2001652.1429 2.4993312733e-15
2031325.0 2.4032516388499996e-15
2061437.8571 2.3096804702000007e-15
2091997.1429 2.2219786942499993e-15
2123009.2857 2.13817645345e-15
2154480.7143 2.0541849480500002e-15
2186418.5714 1.9810245197000005e-15
2218830.0 1.905895454499999e-15
2251722.1429 1.838424161849999e-15
2285102.1429 1.771099423e-15
2318977.1429 1.7077113492e-15
2353354.2857 1.648171186000001e-15
2388240.7143 1.5905646244999996e-15
2423644.2857 1.5368390552499998e-15
2459572.8571 1.48288144225e-15
2496034.2857 1.4329233935000007e-15
2533036.4286 1.3855106078000008e-15
2570587.1429 1.34005645485e-15
2608694.2857 1.2966882723000004e-15
2647365.7143 1.2553202524499996e-15
2686610.7143 1.2153045101500001e-15
2726437.8571 1.1775309160499998e-15
2766855.0 1.14131357925e-15
2807871.4286 1.1070439545999998e-15
2849495.7143 1.0735691913499995e-15
2891737.1429 1.0422182577999998e-15
2934605.0 1.0121131716650002e-15
2978107.8571 9.827776040899998e-16
3022255.7143 9.554142371e-16
3067057.8571 9.28899177815e-16
3112524.2857 9.037127947700002e-16
3158665.0 8.791846945800003e-16
3205489.2857 8.559093413249997e-16
3253007.8571 8.337633418550003e-16
3301230.7143 8.1228941379e-16
3350168.5714 7.929059249499997e-16
3399832.1429 7.734869060849999e-16
3450231.4286 7.549864031349997e-16
3501377.8571 7.3766773833e-16
3553282.8571 7.213732831199995e-16
3605957.1429 7.055353278499997e-16
3659412.1429 6.897916107900003e-16
3713660.0 6.756451484499999e-16
3768712.1429 6.618267139750001e-16
3824580.0 6.492276861150006e-16
3881275.7143 6.376055119800003e-16
3938812.1429 6.262376417650004e-16
3997201.4286 6.149674674200001e-16
4056456.4286 6.055383009199997e-16
4116590.0 5.961300176650001e-16
4177615.0 5.873142851699996e-16
4239544.2857 5.792483965900002e-16
4302391.4286 5.715669165399999e-16
4366170.7143 5.646854891949998e-16
4430895.0 5.588201991300002e-16
4496578.5714 5.528551885249998e-16
4563236.4286 5.481446563150004e-16
4630882.1429 5.44058303945e-16
4699530.0 5.407484731099998e-16
4769195.7143 5.381771597650002e-16
4839894.2857 5.358955177150001e-16
4911640.7143 5.34748143335e-16
4973888.5714 5.339004682099998e-16
