# freq [Hz]  noise density [V^2/Hz]
1.4285714286 8.239794765499997e-11
4.2857142857 1.5173184380999997e-12
5.7142857143 1.19250802415e-12
7.1428571429 8.937639038000001e-13
8.5714285714 1.4838983700800002e-12
10.0 1.2853444744455e-12
11.428571429 1.0425331285147999e-12
12.857142857 8.732041227634998e-13
14.285714286 9.28943490145e-13
15.714285714 1.3376612091050002e-12
17.142857143 9.864415660300002e-13
18.571428571 1.0920344997585e-12
20.0 1.4060751667000001e-12
21.428571429 1.1294223061999998e-12
22.857142857 1.1928805688849997e-12
24.285714286 1.4119665896e-12
25.714285714 1.2787244691249998e-12
27.142857143 1.7274567300050002e-12
28.571428571 1.9888659894800005e-12
30.0 1.428655754135e-12
31.428571429 8.473830015499998e-13
32.857142857 1.3706087796e-12
34.285714286 1.242405040735e-12
35.714285714 1.3602090166e-12
37.142857143 1.429594064265e-12
38.571428571 8.0911388973e-13
40.0 8.285039966050001e-13
41.428571429 1.5846559140500007e-12
42.857142857 7.74481344675e-13
44.285714286 1.2513659646875e-12
45.714285714 1.1362437117e-12
47.142857143 1.482357443065e-12
48.571428571 1.27761808827e-12
50.0 3.17702942446e-12
51.428571429 9.622695459700001e-13
52.857142857 1.267306124675e-12
54.285714286 1.2199639328850003e-12
55.714285714 9.7012781645e-13
57.142857143 8.8021670055e-13
58.571428571 1.12022601486e-12
60.0 1.4827801545999998e-12
61.428571429 1.80565280265e-12
62.857142857 1.39628936185e-12
64.285714286 1.3310837503000002e-12
65.714285714 1.10588655344e-12
67.142857143 1.209150503585e-12
68.571428571 1.4785255144699997e-12
70.0 1.11215082277e-12
71.428571429 1.06374356167e-12
72.857142857 9.198632556999998e-13
74.285714286 9.313021092155e-13
75.714285714 1.3018606679499999e-12
77.142857143 9.909237274e-13
78.571428571 1.2616803298554998e-12
80.0 1.240826822565e-12
81.428571429 1.592399292595e-12
82.857142857 1.49649928173e-12
84.285714286 1.2958718281889996e-12
85.714285714 1.47536740125e-12
87.142857143 1.5128160229400001e-12
88.571428571 1.5381315592500002e-12
90.0 1.2048316937049998e-12
91.428571429 1.1976550513999997e-12
92.857142857 1.2349371929e-12
94.285714286 1.17522068325e-12
95.714285714 7.829925685099998e-13
97.142857143 1.7999003630300007e-12
99.285714286 1.36661432115e-12
102.14285714 1.183830281e-12
105.0 1.3352992585e-12
107.85714286 1.0324889597599997e-12
110.71428571 1.14839073155e-12
113.57142857 1.2142193066e-12
116.42857143 1.21186139015e-12
119.28571429 1.060535223e-12
122.14285714 1.27951187075e-12
125.0 1.10162682447e-12
127.85714286 1.5618443749799999e-12
130.71428571 1.0832817483e-12
133.57142857 1.1957323619000002e-12
136.42857143 1.0002331359000001e-12
139.28571429 1.3030630323499998e-12
142.14285714 1.1330315617999998e-12
145.0 1.45119100185e-12
147.85714286 1.4220044739000002e-12
150.71428571 1.143098483005e-12
153.57142857 9.342519224500002e-13
156.42857143 1.376926705175e-12
159.28571429 1.0405239476e-12
162.14285714 1.3948131313499998e-12
165.0 1.2378171019e-12
167.85714286 1.3748690944999998e-12
170.71428571 1.1071139496999998e-12
173.57142857 1.7171780924500001e-12
176.42857143 1.3898581299500003e-12
179.28571429 1.19063291355e-12
182.14285714 1.2227450844000001e-12
185.0 1.2069698572500001e-12
187.85714286 1.2379343326e-12
190.71428571 1.0690294412e-12
193.57142857 1.09336895635e-12
197.14285714 1.2306735713000002e-12
201.42857143 2.5837912629000006e-12
205.71428571 1.0098408000600002e-12
210.0 1.2375372045999996e-12
214.28571429 1.2436044579e-12
218.57142857 1.3957994680999997e-12
222.85714286 1.37447498815e-12
227.14285714 1.2129384220999997e-12
231.42857143 1.4872814215000002e-12
235.71428571 1.1318972611000001e-12
240.0 9.8899437715e-13
244.28571429 1.05458040285e-12
248.57142857 1.6832930571000005e-12
252.85714286 1.0975377238e-12
257.14285714 1.0686066271499998e-12
261.42857143 1.3071314061500001e-12
265.71428571 1.065342442475e-12
270.0 1.2162929664999998e-12
274.28571429 1.2134127822e-12
278.57142857 1.0911003300999999e-12
282.85714286 1.0459995396e-12
287.14285714 1.2773482528499997e-12
291.42857143 1.3813030629000001e-12
296.42857143 1.113734922e-12
302.14285714 1.3607450596999999e-12
307.85714286 1.4362718889500003e-12
313.57142857 1.11397294075e-12
319.28571429 1.1828279394e-12
325.0 1.24478584445e-12
330.71428571 1.29038480565e-12
336.42857143 1.1589430867500003e-12
342.14285714 1.0330160922500002e-12
347.85714286 1.2170552759500001e-12
353.57142857 1.4591919086000002e-12
359.28571429 1.19381905255e-12
365.0 1.2344155555500002e-12
370.71428571 1.3210663382e-12
376.42857143 1.2806816430000001e-12
382.14285714 1.1487598336499999e-12
387.85714286 1.3747096294000002e-12
394.28571429 1.19123967865e-12
401.42857143 1.7841483957999998e-12
408.57142857 1.3173272088e-12
415.71428571 1.1062796303999998e-12
422.85714286 1.2928623898999999e-12
430.0 1.2883661915499998e-12
437.14285714 1.4075019372e-12
444.28571429 1.1008814059499999e-12
451.42857143 1.1919115592e-12
458.57142857 1.22346583225e-12
465.71428571 1.4461401358000003e-12
472.85714286 1.0562526341999999e-12
480.0 1.185735505e-12
487.85714286 1.30158045305e-12
496.42857143 1.2443282963000002e-12
505.0 1.4202833151e-12
513.57142857 1.2333201910499998e-12
522.14285714 1.1270008199500004e-12
530.71428571 1.2886803754000001e-12
539.28571429 1.2167008110500002e-12
547.85714286 1.2944197141e-12
556.42857143 1.2886988436500003e-12
565.0 1.1155904503500003e-12
573.57142857 1.1652850111500002e-12
582.14285714 1.1904705503000002e-12
591.42857143 1.225335339e-12
601.42857143 1.27245598605e-12
611.42857143 1.20967816885e-12
621.42857143 1.31818340905e-12
631.42857143 1.1423786176999999e-12
641.42857143 1.2256932098000003e-12
651.42857143 1.3766599695499999e-12
661.42857143 1.1996810693999998e-12
671.42857143 1.0683668683999998e-12
682.14285714 1.3517986921500003e-12
693.57142857 1.0376866089e-12
705.0 1.2598284339e-12
716.42857143 1.37065696595e-12
727.85714286 1.26560168415e-12
739.28571429 1.3211690898999997e-12
750.71428571 1.2672667439e-12
762.14285714 1.3067034738e-12
773.57142857 1.0837435958500002e-12
785.71428571 1.252126918e-12
798.57142857 1.2976273099000001e-12
811.42857143 1.4733495477e-12
824.28571429 1.3370735596500002e-12
837.14285714 1.20621998245e-12
850.0 1.1328217680999998e-12
862.85714286 1.17069098185e-12
876.42857143 1.26703365195e-12
890.71428571 1.2475421641000001e-12
905.0 1.2195735843e-12
919.28571429 1.2354896652500001e-12
933.57142857 1.2383850022500002e-12
947.85714286 1.0560164517999999e-12
962.14285714 1.1996723415000003e-12
977.14285714 1.1440783986500002e-12
992.85714286 1.2132290925500002e-12
1008.5714286 1.2067359281500001e-12
1024.2857143 1.2493892358500002e-12
1040.0 1.25215389845e-12
1055.7142857 1.1040893143e-12
1072.1428571 1.2392278962e-12
1089.2857143 1.3004384730499998e-12
1106.4285714 1.3169009083e-12
1123.5714286 1.2004949024499998e-12
1140.7142857 1.1961503878e-12
1157.8571429 1.2639209927000001e-12
1175.7142857 1.1827754851e-12
1194.2857143 1.1189745186e-12
1212.8571429 1.227522447e-12
1231.4285714 1.2907483632000002e-12
1250.0 1.2902800860999997e-12
1269.2857143 1.2131167253000001e-12
1289.2857143 1.1836846110500001e-12
1309.2857143 1.2476001843000003e-12
1329.2857143 1.3527211995999998e-12
1349.2857143 1.2860249676499999e-12
1370.0 1.3225695474e-12
1391.4285714 1.24677143175e-12
1412.8571429 1.1744176502e-12
1434.2857143 1.2952841428500001e-12
1455.7142857 9.801422678999998e-13
1477.8571429 1.2170857922499999e-12
1500.7142857 1.2374312385499998e-12
1523.5714286 1.1466018756e-12
1546.4285714 1.20952478575e-12
1570.0 1.31483444255e-12
1594.2857143 1.2191188021500002e-12
1618.5714286 1.3092975441000005e-12
1642.8571429 1.11520725715e-12
1667.8571429 1.19514126285e-12
1693.5714286 1.28269871955e-12
1719.2857143 1.1278636767499998e-12
1745.0 1.22152982235e-12
1771.4285714 1.19744794035e-12
1798.5714286 1.1546280748e-12
1825.7142857 1.1100495975e-12
1853.5714286 1.2928453502e-12
1882.1428571 1.2358134731499998e-12
1910.7142857 1.2361789669499998e-12
1939.2857143 1.1838028722000002e-12
1968.5714286 1.1861047943e-12
1998.5714286 1.31616600465e-12
2028.5714286 1.2286948621000003e-12
2059.2857143 1.1268959153e-12
2090.7142857 1.26949918725e-12
2122.1428571 1.1796696975999999e-12
2154.2857143 1.27274076505e-12
2187.1428571 1.1676002034499998e-12
2220.0 1.1746464289999999e-12
2253.5714286 1.1880499728e-12
2287.8571429 1.2424847443999999e-12
2322.1428571 1.1876259417499998e-12
2357.1428571 1.1396156467e-12
2392.8571429 1.15300145585e-12
2429.2857143 1.2219496638500002e-12
2466.4285714 1.2199757988999998e-12
2503.5714286 1.2740104516500001e-12
2541.4285714 1.2704985290500001e-12
2580.0 1.2513406952999997e-12
2618.5714286 1.27508936965e-12
2657.8571429 1.23085166835e-12
2697.8571429 1.26605421305e-12
2738.5714286 1.2876452736000002e-12
2780.0 1.1742639997000002e-12
2822.1428571 1.2115847711999998e-12
2865.0 1.1996232253999997e-12
2907.8571429 1.15650320435e-12
2951.4285714 1.25057016365e-12
2995.7142857 1.2391210428999997e-12
3040.7142857 1.17782264285e-12
3086.4285714 1.2891723744499998e-12
3132.8571429 1.19917833255e-12
3180.0 1.1722305642e-12
3227.8571429 1.2505964717500002e-12
3276.4285714 1.21216843515e-12
3325.7142857 1.21407709375e-12
3375.7142857 1.27616990265e-12
3426.4285714 1.1904238319499999e-12
3477.8571429 1.2133273399999996e-12
3530.0 1.22295891835e-12
3582.8571429 1.1193117297499998e-12
3636.4285714 1.1773886204999998e-12
3691.4285714 1.2038881774999997e-12
3747.1428571 1.2795817697999999e-12
3803.5714286 1.1941365707000002e-12
3860.7142857 1.21327016375e-12
3918.5714286 1.2334384448500001e-12
3977.1428571 1.4118285931500003e-12
4036.4285714 1.2221907195e-12
4097.1428571 1.1364775729999999e-12
4158.5714286 1.2498421671000001e-12
4220.7142857 1.1712475272e-12
4284.2857143 1.2807037297999998e-12
4348.5714286 1.26558635355e-12
4413.5714286 1.2650580148000003e-12
4480.0 1.22352228795e-12
4547.1428571 1.22941016655e-12
4615.0 1.2695960215e-12
4684.2857143 1.25048050195e-12
4754.2857143 1.2711951834999998e-12
4825.0 1.3016396856000002e-12
4897.1428571 1.1943468525e-12
4970.7142857 1.2105200623e-12
5045.0 1.1904878057999999e-12
5120.0 1.1768009950000001e-12
5196.4285714 1.227585373e-12
5274.2857143 1.2202295485000001e-12
5353.5714286 1.2327606694999998e-12
5433.5714286 1.1836187214e-12
5514.2857143 1.2144084776999997e-12
5596.4285714 1.1909344971e-12
5680.0 1.2323515040999998e-12
5765.0 1.1544642115500001e-12
5851.4285714 1.18941898695e-12
5939.2857143 1.24882893525e-12
6028.5714286 1.2729581179999998e-12
6119.2857143 1.2549083929999999e-12
6210.7142857 1.2100485303499999e-12
6302.8571429 1.1722919970499997e-12
6396.4285714 1.2136416780000003e-12
6491.4285714 1.229392997e-12
6587.8571429 1.2273425320000001e-12
6685.7142857 1.2185172760499997e-12
6785.0 1.1542421854000003e-12
6885.7142857 1.2229190552e-12
6987.8571429 1.2081678990000001e-12
7092.1428571 1.2326320518999997e-12
7198.5714286 1.2274503790000003e-12
7306.4285714 1.2251183755e-12
7415.7142857 1.2164632654999998e-12
7526.4285714 1.1532438371499998e-12
7638.5714286 1.2120960405000003e-12
7752.1428571 1.2258195759499998e-12
7867.8571429 1.1839928378999999e-12
7985.7142857 1.2995058405e-12
8105.0 1.21008984815e-12
8225.7142857 1.213416207e-12
8347.8571429 1.1977559232999997e-12
8472.1428571 1.2196707705e-12
8598.5714286 1.184636812e-12
8726.4285714 1.192603759e-12
8856.4285714 1.2287217349e-12
8988.5714286 1.2817394339999997e-12
9122.1428571 1.263518342e-12
9257.8571429 1.1824110909999997e-12
9395.7142857 1.2396608678000001e-12
9535.7142857 1.1527145932500003e-12
9677.8571429 1.1835869704999998e-12
9822.1428571 1.2294259949999998e-12
9968.5714286 1.2798600324999995e-12
10117.142857 1.1655712535500003e-12
10267.857143 1.2214502595e-12
10420.714286 1.2032729185e-12
10575.714286 1.2004744330000001e-12
10732.857143 1.2458809379999999e-12
10892.857143 1.204183221e-12
11055.0 1.2188931437999999e-12
11219.285714 1.2340362849999998e-12
11386.428571 1.2074881084999998e-12
11556.428571 1.2008570349500002e-12
11728.571429 1.2179873859999999e-12
11902.857143 1.1810107075000002e-12
12080.0 1.2156309949999999e-12
12260.0 1.19930579355e-12
12442.857143 1.1998536505e-12
12628.571429 1.190138262e-12
12817.142857 1.1967978184e-12
13007.857143 1.1789658525000001e-12
13200.714286 1.2037454915e-12
13396.428571 1.246612516e-12
13595.714286 1.196340442e-12
13798.571429 1.202823421e-12
14004.285714 1.245518439e-12
14212.857143 1.205118625e-12
14424.285714 1.2045255734e-12
14638.571429 1.20305992375e-12
14856.428571 1.2026681649999998e-12
15077.857143 1.1821861844999997e-12
15302.142857 1.1949077655e-12
15529.285714 1.2058159425999997e-12
15760.0 1.2152681775e-12
15994.285714 1.2234682727e-12
16232.142857 1.1935214414999998e-12
16473.571429 1.1755754277499998e-12
16718.571429 1.2028422404999997e-12
16967.142857 1.210957842e-12
17219.285714 1.211406938e-12
17475.0 1.176782939e-12
17734.285714 1.2030196677499999e-12
17997.857143 1.2032384285e-12
18265.714286 1.216780112e-12
18537.142857 1.203090174e-12
18812.142857 1.1509868241e-12
19091.428571 1.1626317605000001e-12
19375.0 1.2137920549999996e-12
19662.857143 1.2135082614999998e-12
19955.0 1.2254665075e-12
20251.428571 1.2164040543000001e-12
20552.142857 1.179125964e-12
20857.142857 1.2237935095e-12
21167.142857 1.1908635735000001e-12
21482.142857 1.1879842830000001e-12
21801.428571 1.219710115e-12
22125.0 1.2096784024999996e-12
22453.571429 1.2220010030000001e-12
22787.142857 1.1616208675e-12
23125.714286 1.1999282805000002e-12
23469.285714 1.2092519640000002e-12
23817.857143 1.1984545875e-12
24171.428571 1.2156250454999999e-12
24530.0 1.2075766145e-12
24894.285714 1.1814526084999998e-12
25264.285714 1.2165514485000002e-12
25640.0 1.2245946910000001e-12
26021.428571 1.1710296260000003e-12
26408.571429 1.1687611395e-12
26801.428571 1.1787479195000002e-12
27200.0 1.1938815625e-12
27604.285714 1.185107468e-12
28014.285714 1.2139393279999999e-12
28430.0 1.17244385e-12
28852.142857 1.1711800390000002e-12
29280.714286 1.211899452e-12
29715.714286 1.1738378805000002e-12
30157.142857 1.1865201864999998e-12
30605.0 1.198589648e-12
31059.285714 1.2053759969999997e-12
31520.0 1.178185237e-12
31987.857143 1.2015100990000003e-12
32462.857143 1.1688974074999999e-12
32945.0 1.1871031150000002e-12
33434.285714 1.2067029055e-12
33930.714286 1.1975469720000002e-12
34434.285714 1.1737224469999999e-12
34945.0 1.1877689250000003e-12
35463.571429 1.1643545355e-12
35990.0 1.1715858859999998e-12
36524.285714 1.1796068829999998e-12
37066.428571 1.1758864985000002e-12
37616.428571 1.1736798419999999e-12
38175.0 1.1721786909999999e-12
38742.142857 1.1522282074999998e-12
39317.142857 1.1512471459999999e-12
39900.0 1.1846217265e-12
40492.142857 1.1544250399999998e-12
41093.571429 1.1920356964999999e-12
41703.571429 1.1533134475000001e-12
42322.142857 1.167035097e-12
42950.0 1.1623568514999999e-12
43587.142857 1.1777207599999999e-12
44233.571429 1.143722868e-12
44890.0 1.150797959e-12
45556.428571 1.1649125080000001e-12
46232.857143 1.1540353215e-12
46919.285714 1.152324782e-12
47615.714286 1.1462325384999999e-12
48322.142857 1.1490086600000003e-12
49039.285714 1.1303570005e-12
49767.142857 1.1350889990000002e-12
50505.714286 1.1574591025e-12
51255.0 1.1380636490000002e-12
52015.0 1.1473482325e-12
52786.428571 1.134610083e-12
53569.285714 1.138721252e-12
54363.571429 1.1177329409999997e-12
55170.0 1.1172885095000002e-12
55988.571429 1.107285087e-12
56819.285714 1.1222283185e-12
57662.142857 1.1007617735e-12
58517.142857 1.0842191288000002e-12
59385.0 1.1041651581999999e-12
60265.714286 1.1104636289999998e-12
61159.285714 1.1181523979999999e-12
62066.428571 1.104821153e-12
62987.142857 1.1207504909999998e-12
63921.428571 1.0926852539999998e-12
64870.0 1.1120986835e-12
65832.857143 1.0967963915000001e-12
66810.0 1.0842664925e-12
67801.428571 1.0799063151500002e-12
68807.142857 1.0861206445000002e-12
69827.857143 1.088673399e-12
70863.571429 1.0799589015e-12
71914.285714 1.0805984709999997e-12
72980.714286 1.0709317158999998e-12
74062.857143 1.0622104286e-12
75161.428571 1.0593149280000002e-12
76276.428571 1.0593256839000001e-12
77407.857143 1.050097548e-12
78556.428571 1.0499745955e-12
79722.142857 1.0560029234e-12
80905.0 1.0451878673999997e-12
82105.0 1.0194317417e-12
83322.857143 1.0294915465499999e-12
84558.571429 1.0255066693e-12
85812.142857 1.0155895278000004e-12
87084.285714 1.0349458954499997e-12
88375.714286 1.0116895102e-12
89686.428571 1.0112560283999999e-12
91016.428571 9.79298353e-13
92366.428571 1.01014246305e-12
93736.428571 9.884864189500003e-13
95126.428571 9.8258621315e-13
96537.142857 9.8333835985e-13
97969.285714 9.789810377000001e-13
99422.857143 9.630840809000001e-13
100897.85714 9.5602189145e-13
102394.28571 9.643108727000001e-13
103912.85714 9.475113938499999e-13
105454.28571 9.514600556e-13
107018.57143 9.330288773999998e-13
108605.71429 9.220155626500002e-13
110216.42857 9.216045504000002e-13
111851.42857 9.053766437499999e-13
113510.71429 9.082252094499999e-13
115194.28571 9.011069092e-13
116902.85714 8.959754818000001e-13
118636.42857 8.925628779000002e-13
120395.71429 8.770989351999998e-13
122181.42857 8.795476426499998e-13
123993.57143 8.608175527000001e-13
125832.85714 8.556479224e-13
127699.28571 8.482714471499999e-13
129592.85714 8.481053246500001e-13
131514.28571 8.271318259999997e-13
133464.28571 8.252771762000002e-13
135443.57143 8.230841852500001e-13
137452.14286 8.042672734000001e-13
139490.0 8.1026603195e-13
141558.57143 7.958952975e-13
143657.85714 7.824244184499999e-13
145787.85714 7.8202836325e-13
147949.28571 7.663817093500001e-13
150142.85714 7.6460992775e-13
152369.28571 7.517670960499998e-13
154628.57143 7.468670858500001e-13
156921.42857 7.288894836500001e-13
159248.57143 7.298156157e-13
161610.0 7.149649229000001e-13
164006.42857 7.1647500615e-13
166438.57143 6.9519936245e-13
168906.42857 6.9611856715e-13
171410.71429 6.780967557500001e-13
173952.14286 6.7474347035e-13
176531.42857 6.64156221e-13
179149.28571 6.5761583995e-13
181805.71429 6.413227544e-13
184501.42857 6.3762373115e-13
187237.14286 6.259331017999999e-13
190013.57143 6.153235028e-13
192831.42857 6.1132806e-13
195690.71429 5.9881536215e-13
198592.14286 5.894994356e-13
201536.42857 5.82622453e-13
204524.28571 5.689349323000001e-13
207556.42857 5.633704843499999e-13
210633.57143 5.510614178499999e-13
213756.42857 5.4276227165e-13
216925.71429 5.373447913e-13
220142.14286 5.2827687415e-13
223406.42857 5.167848753500001e-13
226719.28571 5.080891207499999e-13
230080.71429 5.015717022000001e-13
233492.14286 4.926077201e-13
236954.28571 4.825830118000001e-13
240467.14286 4.7003533125e-13
244032.14286 4.674785723000001e-13
247650.0 4.5144133020000004e-13
251321.42857 4.429042094999999e-13
255047.85714 4.376712496500001e-13
258830.0 4.26838714e-13
262667.85714 4.1970104244999996e-13
266562.14286 4.117488367e-13
270514.28571 4.0619827425e-13
274525.0 3.9329980590000005e-13
278595.0 3.879749848e-13
282725.71429 3.785182232e-13
286917.85714 3.7157053525000003e-13
291172.14286 3.6616093134999996e-13
295489.28571 3.534574659e-13
299870.0 3.4624919390000005e-13
304315.71429 3.405277973e-13
308827.85714 3.308393265e-13
313407.14286 3.2497231265000005e-13
318054.28571 3.1538169794999995e-13
322770.0 3.083831874999999e-13
327555.0 3.022094534e-13
332410.71429 2.9384919409999993e-13
337338.57143 2.8823340955e-13
342340.0 2.8118732525000005e-13
347415.71429 2.723686089e-13
352566.42857 2.6614692074999996e-13
357793.57143 2.6026502344999996e-13
363098.57143 2.538835517e-13
368482.14286 2.4766093485000005e-13
373945.0 2.4124372115e-13
379488.57143 2.3445437215e-13
385114.28571 2.2987138975000003e-13
390823.57143 2.2444936944999998e-13
396617.85714 2.1596066075e-13
402497.85714 2.10604941e-13
408465.0 2.0488406584999997e-13
414520.71429 1.985412789e-13
420666.42857 1.9508450785e-13
426903.57143 1.8913124175e-13
433232.85714 1.8348472069999998e-13
439655.71429 1.7737903189999997e-13
446173.57143 1.7364885650000004e-13
452787.85714 1.678473427e-13
459500.71429 1.6397584800000001e-13
466313.57143 1.5863282814999997e-13
473227.14286 1.5336712710000002e-13
480242.85714 1.490875424e-13
487362.85714 1.4521584245e-13
494588.57143 1.4018076469999998e-13
501920.71429 1.3652236435e-13
509361.42857 1.3067256359999997e-13
516912.85714 1.2811448449999996e-13
524576.42857 1.2295281469999998e-13
532353.57143 1.1960353585e-13
540245.71429 1.1568363360000002e-13
548255.0 1.11773479e-13
556382.85714 1.0800516464999999e-13
564630.71429 1.0415820195e-13
573001.42857 1.0150080070000002e-13
581496.42857 9.798356243500001e-14
590117.14286 9.443007251500001e-14
598865.71429 9.12440056e-14
607743.57143 8.7799971175e-14
616752.85714 8.506469741e-14
625895.71429 8.208670478999999e-14
635174.28571 7.903111014499999e-14
644590.71429 7.624779421e-14
654146.42857 7.3004732615e-14
663843.57143 7.038677976499998e-14
673685.0 6.7915549665e-14
683672.85714 6.5051585845e-14
693808.57143 6.265011481e-14
704094.28571 6.048591447000001e-14
714532.14286 5.807572853000001e-14
725125.0 5.576474557499999e-14
735875.0 5.359370465000001e-14
746784.28571 5.152225757999999e-14
757855.71429 4.9544924924999996e-14
769090.71429 4.739493526500001e-14
780492.14286 4.549804017499999e-14
792062.85714 4.345449387e-14
803805.0 4.1732285265e-14
815721.42857 4.0004270245e-14
827814.28571 3.8330104530000004e-14
840086.42857 3.6663958085000014e-14
852540.71429 3.501558914500001e-14
865179.28571 3.3513912679999997e-14
878005.0 3.191733231e-14
891020.71429 3.069565240000001e-14
904229.28571 2.9274681745e-14
917633.57143 2.8010306789999996e-14
931237.14286 2.6608569915e-14
945042.85714 2.5411321214999996e-14
959052.85714 2.4352219984999996e-14
973270.71429 2.3238803134999996e-14
987699.28571 2.215335716e-14
1002341.4286 2.1058415069999997e-14
1017200.7143 2.0146756250000003e-14
1032280.0 1.9114679680000003e-14
1047582.8571 1.819679665e-14
1063112.8571 1.7381535794999996e-14
1078872.8571 1.650969057e-14
1094866.4286 1.5698839600000003e-14
1111097.1429 1.495329881e-14
1127568.5714 1.4220643215e-14
1144284.2857 1.3537639535000004e-14
1161247.8571 1.289736039e-14
1178462.8571 1.2249219189999998e-14
1195932.8571 1.1697394975e-14
1213662.1429 1.1078002935000001e-14
1231654.2857 1.0558284715000002e-14
1249912.8571 1.00216942635e-14
1268442.1429 9.51570745e-15
1287246.4286 9.053764743e-15
1306329.2857 8.581213354e-15
1325695.0 8.186883401499999e-15
1345347.8571 7.785844647500001e-15
1365292.1429 7.3819020915e-15
1385532.1429 7.0299047940000005e-15
1406072.1429 6.681163037499999e-15
1426916.4286 6.364545514999999e-15
1448069.2857 6.037791767000001e-15
1469535.7143 5.758993235999999e-15
1491320.7143 5.4667255765e-15
1513428.5714 5.1992103175000015e-15
1535863.5714 4.9590461785e-15
1558631.4286 4.7175838635000004e-15
1581737.1429 4.4855145985e-15
1605185.7143 4.281383770500001e-15
1628982.1429 4.069163267999999e-15
1653130.7143 3.8679997195e-15
1677637.1429 3.6837440385e-15
1702507.1429 3.51220858e-15
1727745.7143 3.3384630664999997e-15
1753358.5714 3.1978118584999998e-15
1779351.4286 3.0437018115e-15
1805729.2857 2.9061063675000005e-15
1832497.8571 2.7727942535e-15
1859663.5714 2.645628369e-15
1887232.1429 2.5319376779999997e-15
1915209.2857 2.4097412015e-15
1943600.7143 2.3027486745000003e-15
1972412.8571 2.1912406125e-15
2001652.1429 2.0944394620000005e-15
2031325.0 2.0078805445000007e-15
2061437.8571 1.9248076380000004e-15
2091997.1429 1.8383291655e-15
2123009.2857 1.7602095699999997e-15
2154480.7143 1.6849912089999997e-15
2186418.5714 1.605761266e-15
2218830.0 1.5365326679999998e-15
2251722.1429 1.4711992880000002e-15
2285102.1429 1.4112800220000002e-15
2318977.1429 1.3547678540000002e-15
2353354.2857 1.2974103810000004e-15
2388240.7143 1.2441726230000001e-15
2423644.2857 1.1907129169999999e-15
2459572.8571 1.1419131094999997e-15
2496034.2857 1.0989593835e-15
2533036.4286 1.0514351675000005e-15
2570587.1429 1.012065901e-15
2608694.2857 9.6895892225e-16
2647365.7143 9.301862009999999e-16
2686610.7143 8.935584748e-16
2726437.8571 8.590835035500002e-16
2766855.0 8.257281392999998e-16
2807871.4286 7.945003244499998e-16
2849495.7143 7.6310342e-16
2891737.1429 7.342286382999999e-16
2934605.0 7.075563862500001e-16
2978107.8571 6.7992803635e-16
3022255.7143 6.524995788499999e-16
3067057.8571 6.288866096999999e-16
3112524.2857 6.055376499499998e-16
3158665.0 5.837006367499999e-16
3205489.2857 5.6324765215e-16
3253007.8571 5.434994737e-16
3301230.7143 5.245320718e-16
3350168.5714 5.064295609500001e-16
3399832.1429 4.896937194000001e-16
3450231.4286 4.7213083855e-16
3501377.8571 4.5703711105e-16
3553282.8571 4.4217769984999996e-16
3605957.1429 4.2648022904999994e-16
3659412.1429 4.127722045499999e-16
3713660.0 3.9999659505e-16
3768712.1429 3.8823589655000003e-16
3824580.0 3.761249573e-16
3881275.7143 3.6598484120000007e-16
3938812.1429 3.5437842695e-16
3997201.4286 3.4569712775e-16
4056456.4286 3.3726218135e-16
4116590.0 3.2827208865e-16
4177615.0 3.2059699959999996e-16
4239544.2857 3.131171002e-16
4302391.4286 3.061390495499999e-16
4366170.7143 3.0045333234999995e-16
4430895.0 2.9495852894999994e-16
4496578.5714 2.8961444094999997e-16
4563236.4286 2.8560830565e-16
4630882.1429 2.8228826255000004e-16
4699530.0 2.790679484e-16
4769195.7143 2.7692049035e-16
4839894.2857 2.7484771330000005e-16
4911640.7143 2.733821374e-16
4973888.5714 2.7278085674999997e-16
