# freq [Hz]  noise density [V^2/Hz]
1.4285714286 1.2941336718000001e-11
4.2857142857 1.0470618056529998e-13
5.7142857143 9.145317383949999e-14
7.1428571429 6.786952809975e-14
8.5714285714 6.309082172250002e-14
10.0 4.18647044555e-14
11.428571429 4.0755249e-14
12.857142857 3.0668508920250006e-14
14.285714286 3.3053595726e-14
15.714285714 1.838049834665e-14
17.142857143 2.248233437395e-14
18.571428571 2.0266797672799998e-14
20.0 2.738446294155e-14
21.428571429 2.2901207372950003e-14
22.857142857 1.4929317090900003e-14
24.285714286 1.4922514742000002e-14
25.714285714 1.6757642152000002e-14
27.142857143 1.2913550336565e-14
28.571428571 1.033406707205e-14
30.0 1.17934657841e-14
31.428571429 1.2534822699899998e-14
32.857142857 1.214805153795e-14
34.285714286 1.5616443932899997e-14
35.714285714 9.368933370875e-15
37.142857143 1.5045212391000003e-14
38.571428571 9.042064377199999e-15
40.0 7.2810566665e-15
41.428571429 7.0320366798e-15
42.857142857 8.191930922649997e-15
44.285714286 7.623557602679999e-15
45.714285714 1.0385682872050002e-14
47.142857143 7.757430621525001e-15
48.571428571 9.48000441425e-15
50.0 5.91429481055e-15
51.428571429 4.42541072575e-15
52.857142857 4.416616103849999e-15
54.285714286 7.136629692129998e-15
55.714285714 6.177731875550001e-15
57.142857143 6.062206625750001e-15
58.571428571 5.829066374674999e-15
60.0 3.010802534499999e-14
61.428571429 8.0399720493e-15
62.857142857 6.888472421085e-15
64.285714286 5.02870040115e-15
65.714285714 5.248857928300001e-15
67.142857143 6.07552744635e-15
68.571428571 7.5579505878e-15
70.0 5.8087170291e-15
71.428571429 4.7363412870999995e-15
72.857142857 6.8162739759999994e-15
74.285714286 2.8463861512000002e-15
75.714285714 4.882592754949999e-15
77.142857143 5.390425289630001e-15
78.571428571 4.7232462738e-15
80.0 4.6656293033999986e-15
81.428571429 5.44000921205e-15
82.857142857 6.8105955097500004e-15
84.285714286 4.6178617493000005e-15
85.714285714 5.301547524149999e-15
87.142857143 4.9040903277e-15
88.571428571 4.30313476655e-15
90.0 4.966309887100001e-15
91.428571429 3.57852821945e-15
92.857142857 4.5002826379999995e-15
94.285714286 6.4436052598850005e-15
95.714285714 5.2652965712e-15
97.142857143 4.878422857745e-15
99.285714286 4.48427542235e-15
102.14285714 4.0357705273e-15
105.0 3.4274902999149994e-15
107.85714286 4.9407687035e-15
110.71428571 4.35900587595e-15
113.57142857 3.6881665871000005e-15
116.42857143 4.8583943061e-15
119.28571429 9.4568621025e-15
122.14285714 3.3516273231500006e-15
125.0 3.80579420775e-15
127.85714286 3.2130949765500007e-15
130.71428571 4.279479683200001e-15
133.57142857 3.54109684815e-15
136.42857143 3.5633867591499995e-15
139.28571429 2.9630826977999994e-15
142.14285714 3.64116713825e-15
145.0 2.7202431765499997e-15
147.85714286 3.0611101189499994e-15
150.71428571 3.3249423474200004e-15
153.57142857 2.3187008224149997e-15
156.42857143 2.9647513945499995e-15
159.28571429 2.8714941406499998e-15
162.14285714 2.7195106294e-15
165.0 3.07586060485e-15
167.85714286 2.7302654772499994e-15
170.71428571 2.5299592251e-15
173.57142857 2.49746178025e-15
176.42857143 2.5481134891999997e-15
179.28571429 5.3395755144999986e-15
182.14285714 1.9484118168500004e-15
185.0 2.1654011365999995e-15
187.85714286 2.76988946245e-15
190.71428571 2.7614165150499992e-15
193.57142857 3.7396384428e-15
197.14285714 2.91411402045e-15
201.42857143 2.7604985770500003e-15
205.71428571 2.5475088199499997e-15
210.0 2.7982785895e-15
214.28571429 2.0795592561e-15
218.57142857 2.7338501113e-15
222.85714286 3.2147271016e-15
227.14285714 2.725505178e-15
231.42857143 1.93250935695e-15
235.71428571 2.65189375995e-15
240.0 3.981265488500001e-15
244.28571429 2.2513951184500003e-15
248.57142857 2.88411069485e-15
252.85714286 2.2951000440000002e-15
257.14285714 2.5612892275e-15
261.42857143 2.5516504079499997e-15
265.71428571 2.2756005124000005e-15
270.0 2.4219003497e-15
274.28571429 2.0263428910500003e-15
278.57142857 2.4556917329e-15
282.85714286 2.415148172e-15
287.14285714 2.4653035601499997e-15
291.42857143 2.2103852760000004e-15
296.42857143 2.4146106554500005e-15
302.14285714 2.54920778755e-15
307.85714286 2.12920748955e-15
313.57142857 2.11418636205e-15
319.28571429 2.0580509487999996e-15
325.0 2.03150328555e-15
330.71428571 2.049274713e-15
336.42857143 2.2168792977e-15
342.14285714 1.9943895736500008e-15
347.85714286 2.42445816075e-15
353.57142857 1.75148696735e-15
359.28571429 2.3607624808e-15
365.0 2.3203101703500002e-15
370.71428571 1.9585229435e-15
376.42857143 2.2226736408500004e-15
382.14285714 1.78141457755e-15
387.85714286 1.5388462594e-15
394.28571429 1.87482380685e-15
401.42857143 2.0149393376e-15
408.57142857 1.9745988415499997e-15
415.71428571 1.68541258635e-15
422.85714286 2.0613936722e-15
430.0 2.2208846129999992e-15
437.14285714 1.8743507612000003e-15
444.28571429 2.2245094181e-15
451.42857143 1.9509341805e-15
458.57142857 1.66367636895e-15
465.71428571 2.12957045515e-15
472.85714286 1.8699111835e-15
480.0 1.73718341955e-15
487.85714286 1.6870120407499996e-15
496.42857143 2.1263058684999995e-15
505.0 2.0120971355e-15
513.57142857 1.8446106667499997e-15
522.14285714 1.8023444823999997e-15
530.71428571 1.9088998555499997e-15
539.28571429 1.6705313362e-15
547.85714286 1.5440963343000002e-15
556.42857143 1.6106718290000005e-15
565.0 1.8714392176500004e-15
573.57142857 1.7213750423500002e-15
582.14285714 1.63189096865e-15
591.42857143 1.8471868327499996e-15
601.42857143 1.74150092545e-15
611.42857143 1.8164758717e-15
621.42857143 1.6973789404000004e-15
631.42857143 1.6557575875500001e-15
641.42857143 1.6065635012500004e-15
651.42857143 2.0831252851500004e-15
661.42857143 1.7869353300499994e-15
671.42857143 1.6889432283999998e-15
682.14285714 1.8310159695e-15
693.57142857 1.5110307305000002e-15
705.0 1.63054024455e-15
716.42857143 1.7227135041e-15
727.85714286 1.5242407790500002e-15
739.28571429 1.6065790735500004e-15
750.71428571 1.614805689e-15
762.14285714 1.45009273675e-15
773.57142857 1.6076799702500002e-15
785.71428571 1.51158226525e-15
798.57142857 1.5988316753499997e-15
811.42857143 1.59080441695e-15
824.28571429 1.63700141035e-15
837.14285714 1.5577786211e-15
850.0 1.2564366561e-15
862.85714286 1.495437861e-15
876.42857143 1.4569465378e-15
890.71428571 1.2976223497499997e-15
905.0 1.4330486544499998e-15
919.28571429 1.4182252231e-15
933.57142857 1.3007194691499999e-15
947.85714286 1.2839672021999999e-15
962.14285714 1.4961203421499998e-15
977.14285714 1.3778507371000002e-15
992.85714286 1.3602479088999999e-15
1008.5714286 1.23115970985e-15
1024.2857143 1.29295534805e-15
1040.0 1.3147998125e-15
1055.7142857 1.34928401325e-15
1072.1428571 1.4962784852000001e-15
1089.2857143 1.28535219105e-15
1106.4285714 1.3338183070000004e-15
1123.5714286 1.411234457e-15
1140.7142857 1.14138201095e-15
1157.8571429 1.2798478128000001e-15
1175.7142857 1.089508681e-15
1194.2857143 1.2641472616e-15
1212.8571429 1.2570631271e-15
1231.4285714 1.22026561305e-15
1250.0 1.0861282226e-15
1269.2857143 1.1266298273e-15
1289.2857143 1.0844834791499998e-15
1309.2857143 1.1193503793e-15
1329.2857143 1.0286294993000001e-15
1349.2857143 1.12281521595e-15
1370.0 1.0572992966000002e-15
1391.4285714 1.0522908515e-15
1412.8571429 1.0500293479000002e-15
1434.2857143 1.0387702207e-15
1455.7142857 9.518612716e-16
1477.8571429 9.183492474999998e-16
1500.7142857 1.10513961245e-15
1523.5714286 9.219331883000002e-16
1546.4285714 1.0467290645000002e-15
1570.0 9.6939675525e-16
1594.2857143 9.4941939755e-16
1618.5714286 1.01482537285e-15
1642.8571429 8.991701122499999e-16
1667.8571429 8.217164363500001e-16
1693.5714286 8.9956867435e-16
1719.2857143 8.527899837999998e-16
1745.0 8.209947698500001e-16
1771.4285714 8.351332651e-16
1798.5714286 7.8169449205e-16
1825.7142857 7.314644405e-16
1853.5714286 8.278533064499999e-16
1882.1428571 7.486815835000001e-16
1910.7142857 7.293692608500001e-16
1939.2857143 7.713092702499999e-16
1968.5714286 7.881894097000001e-16
1998.5714286 7.0876313185e-16
2028.5714286 6.970866783500001e-16
2059.2857143 7.180053934e-16
2090.7142857 6.605118237499999e-16
2122.1428571 7.5734349205e-16
2154.2857143 6.749466558000001e-16
2187.1428571 6.868155455999998e-16
2220.0 6.303009396000001e-16
2253.5714286 6.6038367805e-16
2287.8571429 5.8290323695e-16
2322.1428571 5.955032026000001e-16
2357.1428571 5.8606996575e-16
2392.8571429 5.8006081105000005e-16
2429.2857143 5.544471998999999e-16
2466.4285714 5.787436293000001e-16
2503.5714286 5.329521053500001e-16
2541.4285714 5.249473101000001e-16
2580.0 4.780216149500001e-16
2618.5714286 5.1183788725e-16
2657.8571429 5.090590646500001e-16
2697.8571429 5.159637989500001e-16
2738.5714286 4.999457996499999e-16
2780.0 5.191950612999999e-16
2822.1428571 4.7573698455e-16
2865.0 4.2545601299999995e-16
2907.8571429 4.027821064500002e-16
2951.4285714 4.521657797999999e-16
2995.7142857 4.566674098e-16
3040.7142857 3.8641016145e-16
3086.4285714 4.3413962995e-16
3132.8571429 4.0083574995e-16
3180.0 4.059236279499999e-16
3227.8571429 4.1021154154999994e-16
3276.4285714 3.7301714185000003e-16
3325.7142857 3.8003893900000003e-16
3375.7142857 3.2766407894999994e-16
3426.4285714 3.2138660965e-16
3477.8571429 3.3440701754999997e-16
3530.0 3.3523104215000005e-16
3582.8571429 3.2541959695e-16
3636.4285714 3.0131529940000003e-16
3691.4285714 3.049189654e-16
3747.1428571 3.1160951679999997e-16
3803.5714286 3.1965964090000003e-16
3860.7142857 2.9455031659999995e-16
3918.5714286 2.719725928499999e-16
3977.1428571 2.6953007e-16
4036.4285714 2.6937501104999996e-16
4097.1428571 2.5591960375e-16
4158.5714286 2.5143250259999997e-16
4220.7142857 2.499489373e-16
4284.2857143 2.435938581e-16
4348.5714286 2.4616649474999997e-16
4413.5714286 2.276008588e-16
4480.0 2.2965479430000005e-16
4547.1428571 2.3158052635e-16
4615.0 2.0822427079999997e-16
4684.2857143 2.0958678354999995e-16
4754.2857143 2.174668612e-16
4825.0 2.055164057e-16
4897.1428571 2.0006107635000002e-16
4970.7142857 2.0794585130000004e-16
5045.0 1.8215751425e-16
5120.0 1.8085107319999996e-16
5196.4285714 1.8482290775000001e-16
5274.2857143 1.8358113580000005e-16
5353.5714286 1.6775377450000001e-16
5433.5714286 1.7058998589999997e-16
5514.2857143 1.6737683664999998e-16
5596.4285714 1.63741595145e-16
5680.0 1.5376802875e-16
5765.0 1.5079354139999999e-16
5851.4285714 1.508170514e-16
5939.2857143 1.3994271115000001e-16
6028.5714286 1.4084113035e-16
6119.2857143 1.3767321424999998e-16
6210.7142857 1.3917811925e-16
6302.8571429 1.35705882575e-16
6396.4285714 1.3294460089500003e-16
6491.4285714 1.2547752375499997e-16
6587.8571429 1.2050760181499998e-16
6685.7142857 1.2263284729999998e-16
6785.0 1.2455348074999998e-16
6885.7142857 1.1517980464999998e-16
6987.8571429 1.1315313177999997e-16
7092.1428571 1.1210601624500002e-16
7198.5714286 1.0844678191500001e-16
7306.4285714 1.0758554819999999e-16
7415.7142857 1.0267448517499998e-16
7526.4285714 9.9771543305e-17
7638.5714286 9.889732900500002e-17
7752.1428571 9.582047622000001e-17
7867.8571429 9.518448063500001e-17
7985.7142857 1.0037310066500001e-16
8105.0 8.976818266000001e-17
8225.7142857 8.936147231e-17
8347.8571429 8.892625282e-17
8472.1428571 8.752726714500001e-17
8598.5714286 8.4260937125e-17
8726.4285714 7.982348565000001e-17
8856.4285714 7.7138946205e-17
8988.5714286 7.931033967000002e-17
9122.1428571 7.6606997125e-17
9257.8571429 7.219230195e-17
9395.7142857 7.1225828845e-17
9535.7142857 7.216911214000001e-17
9677.8571429 7.1380630045e-17
9822.1428571 6.896352998499999e-17
9968.5714286 7.0570578285e-17
10117.142857 6.664089004499999e-17
10267.857143 6.6162592635e-17
10420.714286 6.501370097999997e-17
10575.714286 6.118747132000002e-17
10732.857143 6.539058168999998e-17
10892.857143 6.052320855000002e-17
11055.0 5.8548180735e-17
11219.285714 5.9925003935e-17
11386.428571 5.7052926305e-17
11556.428571 5.577805220500001e-17
11728.571429 5.6017955175e-17
11902.857143 5.1708039475e-17
12080.0 5.305395347499999e-17
12260.0 5.0645089805e-17
12442.857143 5.233000689000001e-17
12628.571429 5.090233435e-17
12817.142857 4.9846037615e-17
13007.857143 5.057916093499999e-17
13200.714286 4.695628992499999e-17
13396.428571 4.7964454214999995e-17
13595.714286 4.6755275204999996e-17
13798.571429 4.4526239665000003e-17
14004.285714 4.4935368955000006e-17
14212.857143 4.4584659665e-17
14424.285714 4.2661453065e-17
14638.571429 4.4864205045e-17
14856.428571 4.0291662180000004e-17
15077.857143 4.1487313090000005e-17
15302.142857 4.089410446499999e-17
15529.285714 4.0325369975e-17
15760.0 3.9280429775e-17
15994.285714 4.0395505530000004e-17
16232.142857 3.916262553e-17
16473.571429 3.7719865430000005e-17
16718.571429 3.779585462e-17
16967.142857 3.686917995e-17
17219.285714 3.7631571135e-17
17475.0 3.660388174e-17
17734.285714 3.5488855905000004e-17
17997.857143 3.525523655999999e-17
18265.714286 3.525003864499999e-17
18537.142857 3.4780855055e-17
18812.142857 3.395621126e-17
19091.428571 3.406645364e-17
19375.0 3.405509524e-17
19662.857143 3.3115238789999996e-17
19955.0 3.342197705e-17
20251.428571 3.1941938305e-17
20552.142857 3.2066285584999994e-17
20857.142857 3.1951129690000005e-17
21167.142857 3.120072814e-17
21482.142857 3.0805871489999997e-17
21801.428571 3.0372768760000003e-17
22125.0 2.975628046500001e-17
22453.571429 3.0337173315000003e-17
22787.142857 2.941878676e-17
23125.714286 2.9539456875e-17
23469.285714 2.759536302e-17
23817.857143 2.7342121389999996e-17
24171.428571 2.8444195325e-17
24530.0 2.7590324035e-17
24894.285714 2.7096613279999996e-17
25264.285714 2.765478693e-17
25640.0 2.7265087704999996e-17
26021.428571 2.7009394404999997e-17
26408.571429 2.6782018610000003e-17
26801.428571 2.6805537270000002e-17
27200.0 2.5934727635000006e-17
27604.285714 2.6058987695e-17
28014.285714 2.5082871200000005e-17
28430.0 2.6027024760000003e-17
28852.142857 2.5400357170000003e-17
29280.714286 2.4858115029999994e-17
29715.714286 2.4873582070000006e-17
30157.142857 2.4592850840000004e-17
30605.0 2.3968975875000006e-17
31059.285714 2.4545098595e-17
31520.0 2.3998901140000005e-17
31987.857143 2.4248544519999996e-17
32462.857143 2.3555162395000006e-17
32945.0 2.3778925405e-17
33434.285714 2.4184198809999994e-17
33930.714286 2.362991229e-17
34434.285714 2.3309430114999996e-17
34945.0 2.3200260159999997e-17
35463.571429 2.2946475160000006e-17
35990.0 2.2730826300000002e-17
36524.285714 2.2415613890000002e-17
37066.428571 2.2678058514999998e-17
37616.428571 2.2597011435e-17
38175.0 2.2862619665000004e-17
38742.142857 2.2465832665e-17
39317.142857 2.2297949079999997e-17
39900.0 2.2138791779999998e-17
40492.142857 2.2174491264999993e-17
41093.571429 2.1743856024999995e-17
41703.571429 2.172515094e-17
42322.142857 2.2175478125000004e-17
42950.0 2.1541490330000002e-17
43587.142857 2.1797524765e-17
44233.571429 2.1418321699999998e-17
44890.0 2.1627613950000002e-17
45556.428571 2.1524193345e-17
46232.857143 2.1543359260000002e-17
46919.285714 2.1595560465000002e-17
47615.714286 2.1651836995e-17
48322.142857 2.0946493624999997e-17
49039.285714 2.107476417e-17
49767.142857 2.1083751755e-17
50505.714286 2.080360739e-17
51255.0 2.0907431635000003e-17
52015.0 2.0538471455000003e-17
52786.428571 2.0631030795e-17
53569.285714 2.0685018125e-17
54363.571429 2.0762956130000003e-17
55170.0 2.056932104e-17
55988.571429 2.0268876489999994e-17
56819.285714 2.0247226629999998e-17
57662.142857 2.0232882475000002e-17
58517.142857 2.0216225329999998e-17
59385.0 2.0441713249999998e-17
60265.714286 2.022313979e-17
61159.285714 2.0486221785000006e-17
62066.428571 2.0351789080000003e-17
62987.142857 2.0622401495e-17
63921.428571 2.0230328870000002e-17
64870.0 2.0480427325000005e-17
65832.857143 2.0620350595000003e-17
66810.0 2.0137685829999998e-17
67801.428571 2.0235299505e-17
68807.142857 1.998697404e-17
69827.857143 2.0039021e-17
70863.571429 1.9871589995e-17
71914.285714 2.0037940685000005e-17
72980.714286 1.9668578014999998e-17
74062.857143 1.9727697624999997e-17
75161.428571 1.964578538e-17
76276.428571 1.9645952845e-17
77407.857143 1.9796096325e-17
78556.428571 1.9655823210000002e-17
79722.142857 1.9498030190000005e-17
80905.0 1.9494038555e-17
82105.0 1.958433644e-17
83322.857143 1.9312554879999997e-17
84558.571429 1.9103939855000002e-17
85812.142857 1.9455018364999997e-17
87084.285714 1.9422567639999998e-17
88375.714286 1.9192544039999997e-17
89686.428571 1.919865193e-17
91016.428571 1.912487272e-17
92366.428571 1.8902440059999997e-17
93736.428571 1.9090214535e-17
95126.428571 1.8918402619999998e-17
96537.142857 1.890222113e-17
97969.285714 1.9015184394999997e-17
99422.857143 1.8584799225e-17
100897.85714 1.907402562e-17
102394.28571 1.8767003400000004e-17
103912.85714 1.8944025975e-17
105454.28571 1.8703862384999998e-17
107018.57143 1.9012202025000004e-17
108605.71429 1.8802351555e-17
110216.42857 1.8938812260000003e-17
111851.42857 1.8867955754999997e-17
113510.71429 1.859492747e-17
115194.28571 1.886233517e-17
116902.85714 1.873199593e-17
118636.42857 1.8754196785e-17
120395.71429 1.8626204339999998e-17
122181.42857 1.859508816e-17
123993.57143 1.8556303980000002e-17
125832.85714 1.864898461e-17
127699.28571 1.8446168640000005e-17
129592.85714 1.839006639e-17
131514.28571 1.8497523175e-17
133464.28571 1.8467062725e-17
135443.57143 1.8589152494999998e-17
137452.14286 1.8656345015e-17
139490.0 1.8400497074999998e-17
141558.57143 1.8510615535000004e-17
143657.85714 1.8246635800000003e-17
145787.85714 1.826647588e-17
147949.28571 1.8249917155e-17
150142.85714 1.8351825495000003e-17
152369.28571 1.8232033034999996e-17
154628.57143 1.8391229675000002e-17
156921.42857 1.8350891779999997e-17
159248.57143 1.8220575819999998e-17
161610.0 1.8148607785e-17
164006.42857 1.835390925e-17
166438.57143 1.8163715825000003e-17
168906.42857 1.829848803e-17
171410.71429 1.8350503849999996e-17
173952.14286 1.8399228095000003e-17
176531.42857 1.8238708835000003e-17
179149.28571 1.825731113e-17
181805.71429 1.8109601025e-17
184501.42857 1.838761708e-17
187237.14286 1.8122988975000002e-17
190013.57143 1.8184925249999997e-17
192831.42857 1.8145988310000003e-17
195690.71429 1.8062606989999995e-17
198592.14286 1.8221377639999997e-17
201536.42857 1.8243777879999998e-17
204524.28571 1.8098511930000002e-17
207556.42857 1.8050681015e-17
210633.57143 1.8153933644999998e-17
213756.42857 1.804648514e-17
216925.71429 1.8161727594999997e-17
220142.14286 1.810840607e-17
223406.42857 1.8027497489999997e-17
226719.28571 1.8039269490000003e-17
230080.71429 1.8040407119999998e-17
233492.14286 1.8092255305000003e-17
236954.28571 1.8097479790000002e-17
240467.14286 1.8609308365e-17
244032.14286 1.8091342425e-17
247650.0 1.7995353469999998e-17
251321.42857 1.806345932e-17
255047.85714 1.8035029015000002e-17
258830.0 1.784142858e-17
262667.85714 1.7837949104999998e-17
266562.14286 1.7988106994999998e-17
270514.28571 1.790620904e-17
274525.0 1.7974790509999998e-17
278595.0 1.8027647734999995e-17
282725.71429 1.7922359344999996e-17
286917.85714 1.7925013605e-17
291172.14286 1.7917179635e-17
295489.28571 1.7886911445e-17
299870.0 1.7932897864999998e-17
304315.71429 1.7895682664999998e-17
308827.85714 1.7929692234999998e-17
313407.14286 1.7840376394999997e-17
318054.28571 1.7844499459999995e-17
322770.0 1.7855762125e-17
327555.0 1.789090959e-17
332410.71429 1.7792203755e-17
337338.57143 1.7828354335e-17
342340.0 1.778561144e-17
347415.71429 1.775699561e-17
352566.42857 1.7727427165000003e-17
357793.57143 1.775465898e-17
363098.57143 1.774988426e-17
368482.14286 1.7603578405000002e-17
373945.0 1.7700574409999997e-17
379488.57143 1.7707004335e-17
385114.28571 1.7716658750000002e-17
390823.57143 1.7706795325e-17
396617.85714 1.7722648215e-17
402497.85714 1.7795366789999994e-17
408465.0 1.7683659680000002e-17
414520.71429 1.7758339564999997e-17
420666.42857 1.7686209075000002e-17
426903.57143 1.7529536109999997e-17
433232.85714 1.7708968935e-17
439655.71429 1.763804845e-17
446173.57143 1.768324604e-17
452787.85714 1.7689237405e-17
459500.71429 1.7559929905e-17
466313.57143 1.752598647e-17
473227.14286 1.769097817e-17
480242.85714 1.7610537654999997e-17
487362.85714 1.7617866625e-17
494588.57143 1.7558585825000002e-17
501920.71429 1.7535512330000002e-17
509361.42857 1.749539971e-17
516912.85714 1.7601251075e-17
524576.42857 1.7414087919999998e-17
532353.57143 1.7479574435e-17
540245.71429 1.747278085e-17
548255.0 1.7430527400000002e-17
556382.85714 1.7524044199999998e-17
564630.71429 1.754721898e-17
573001.42857 1.7463948054999998e-17
581496.42857 1.741964152e-17
590117.14286 1.8415897810000002e-17
598865.71429 1.7346089089999996e-17
607743.57143 1.7323706795000002e-17
616752.85714 1.7347090639999997e-17
625895.71429 1.727161225e-17
635174.28571 1.7288412650000002e-17
644590.71429 1.7233307789999996e-17
654146.42857 1.7275386455e-17
663843.57143 1.72373145e-17
673685.0 1.7291698515000002e-17
683672.85714 1.719301224e-17
693808.57143 1.7214542875e-17
704094.28571 1.7122437385000002e-17
714532.14286 1.7038913019999994e-17
725125.0 1.712874729e-17
735875.0 1.7063743269999994e-17
746784.28571 1.7095348324999997e-17
757855.71429 1.6957420275000004e-17
769090.71429 1.7043133159999997e-17
780492.14286 1.7001846854999996e-17
792062.85714 1.6984610435e-17
803805.0 1.695410337e-17
815721.42857 1.6944065105e-17
827814.28571 1.6946887254999998e-17
840086.42857 1.6943829114999992e-17
852540.71429 1.6849114165e-17
865179.28571 1.6840539595000002e-17
878005.0 1.682111522e-17
891020.71429 1.6807369345e-17
904229.28571 1.6795867195000004e-17
917633.57143 1.672078853e-17
931237.14286 1.6590583814999995e-17
945042.85714 1.6629009855000002e-17
959052.85714 1.6612452759999996e-17
973270.71429 1.6607361675e-17
987699.28571 1.6538868105000004e-17
1002341.4286 1.6576202360000004e-17
1017200.7143 1.6495660704999995e-17
1032280.0 1.6509047234999997e-17
1047582.8571 1.6461362115e-17
1063112.8571 1.6434252980000002e-17
1078872.8571 1.6417184655000002e-17
1094866.4286 1.678813003e-17
1111097.1429 1.6336587505e-17
1127568.5714 1.6317684099999998e-17
1144284.2857 1.6203635575e-17
1161247.8571 1.620183701e-17
1178462.8571 1.6235722645e-17
1195932.8571 1.6114948735000002e-17
1213662.1429 1.6082390449999998e-17
1231654.2857 1.5994401540000003e-17
1249912.8571 1.5982476044999996e-17
1268442.1429 1.5939703695e-17
1287246.4286 1.593844798e-17
1306329.2857 1.5853278620000002e-17
1325695.0 1.5812559865000002e-17
1345347.8571 1.5762339605e-17
1365292.1429 1.5708692225e-17
1385532.1429 1.5630584694999997e-17
1406072.1429 1.5606536719999997e-17
1426916.4286 1.5517723355000003e-17
1448069.2857 1.5466630785e-17
1469535.7143 1.5610409095000006e-17
1491320.7143 1.5416668975e-17
1513428.5714 1.528656196e-17
1535863.5714 1.5331494215e-17
1558631.4286 1.5239478795000004e-17
1581737.1429 1.51475232e-17
1605185.7143 1.5088292795e-17
1628982.1429 1.504981169e-17
1653130.7143 1.4908103515e-17
1677637.1429 1.4903705495000004e-17
1702507.1429 1.486424559e-17
1727745.7143 1.474467496e-17
1753358.5714 1.491399521e-17
1779351.4286 1.4847659295e-17
1805729.2857 1.4552646104999996e-17
1832497.8571 1.4495102245e-17
1859663.5714 1.4410725565e-17
1887232.1429 1.4360999064999998e-17
1915209.2857 1.422392561e-17
1943600.7143 1.423831565e-17
1972412.8571 1.4142889885e-17
2001652.1429 1.408567549e-17
2031325.0 1.395712239e-17
2061437.8571 1.38962699e-17
2091997.1429 1.3750553099999997e-17
2123009.2857 1.3686639549999999e-17
2154480.7143 1.366519433e-17
2186418.5714 1.4127516125e-17
2218830.0 1.3520102170000001e-17
2251722.1429 1.3382152579999998e-17
2285102.1429 1.3289702959999998e-17
2318977.1429 1.3214684250000001e-17
2353354.2857 1.3154306279999998e-17
2388240.7143 1.3034575425e-17
2423644.2857 1.2971434215000002e-17
2459572.8571 1.2877169115e-17
2496034.2857 1.2771746399999997e-17
2533036.4286 1.26540185e-17
2570587.1429 1.2556194925000002e-17
2608694.2857 1.247493309e-17
2647365.7143 1.2406980809999998e-17
2686610.7143 1.2274363950000003e-17
2726437.8571 1.2195062515e-17
2766855.0 1.2078406745000002e-17
2807871.4286 1.196178007e-17
2849495.7143 1.1868426570000002e-17
2891737.1429 1.1807674315000001e-17
2934605.0 1.1693972774999999e-17
2978107.8571 1.1570387005e-17
3022255.7143 1.146680651e-17
3067057.8571 1.139024702e-17
3112524.2857 1.1288776915000002e-17
3158665.0 1.117492036e-17
3205489.2857 1.1076914554999998e-17
3253007.8571 1.0949123934999999e-17
3301230.7143 1.089010528e-17
3350168.5714 1.07780171e-17
3399832.1429 1.0685518480000002e-17
3450231.4286 1.0622199610000002e-17
3501377.8571 1.0516042799999998e-17
3553282.8571 1.0444351435e-17
3605957.1429 1.035433695e-17
3659412.1429 1.0267272179999999e-17
3713660.0 1.0152081275000001e-17
3768712.1429 1.0087208394499999e-17
3824580.0 1.0022321336499999e-17
3881275.7143 9.914356488e-18
3938812.1429 9.832379794999998e-18
3997201.4286 9.778243295e-18
4056456.4286 9.697020349500001e-18
4116590.0 9.6583566105e-18
4177615.0 9.556041431500001e-18
4239544.2857 9.506999923000002e-18
4302391.4286 9.4684886465e-18
4366170.7143 9.376221187500002e-18
4430895.0 9.370312868500002e-18
4496578.5714 9.3118390105e-18
4563236.4286 9.2672521945e-18
4630882.1429 9.229041706000003e-18
4699530.0 9.202195446499999e-18
4769195.7143 9.1611659975e-18
4839894.2857 9.15216068e-18
4911640.7143 9.131661787e-18
4973888.5714 9.150598906500001e-18
