# freq [Hz]  noise density [V^2/Hz]
1.4285714286 1.3441068009e-10
4.2857142857 3.1348957334e-13
5.7142857143 1.4067092782e-13
7.1428571429 1.4258376381000002e-13
8.5714285714 8.833068698699999e-14
10.0 8.451615952999999e-14
11.428571429 6.655858972799999e-14
12.857142857 9.339577128599999e-14
14.285714286 1.0606103757100002e-13
15.714285714 8.753343910600001e-14
17.142857143 8.161265202900001e-14
18.571428571 4.6331488520000006e-14
20.0 7.7888750375e-14
21.428571429 6.028170324999999e-14
22.857142857 6.210914475659999e-14
24.285714286 7.6433087172e-14
25.714285714 6.755086411999999e-14
27.142857143 4.7679450851e-14
28.571428571 2.8151041942999997e-14
30.0 6.217603117999999e-14
31.428571429 3.2236795898500006e-14
32.857142857 5.559237493e-14
34.285714286 4.603743813499999e-14
35.714285714 2.4447472976999997e-14
37.142857143 2.2904099328999997e-14
38.571428571 4.4286804759999995e-14
40.0 8.228661114399999e-14
41.428571429 8.995229069e-14
42.857142857 6.11066596769e-14
44.285714286 2.9010342533e-14
45.714285714 6.100208423300001e-14
47.142857143 5.4154843957000006e-14
48.571428571 3.7498453649e-14
50.0 4.0407762700000006e-13
51.428571429 3.44351938141e-14
52.857142857 4.4802787213000004e-14
54.285714286 1.7946616633e-14
55.714285714 5.311316177599999e-14
57.142857143 2.7637011650599998e-14
58.571428571 3.8908011613000005e-14
60.0 3.4034446086999995e-13
61.428571429 3.9353242953e-14
62.857142857 2.6073290996299997e-14
64.285714286 5.2709534378e-14
65.714285714 4.6070808129e-14
67.142857143 3.2878709503999995e-14
68.571428571 1.09049650105e-13
70.0 9.553684450880001e-14
71.428571429 3.1295975162e-14
72.857142857 7.047045725763999e-14
74.285714286 3.68958380456e-14
75.714285714 1.9939224128e-14
77.142857143 2.7574926446000006e-14
78.571428571 3.93684923821e-14
80.0 4.0438529975e-14
81.428571429 7.422379251e-14
82.857142857 4.76915742228e-14
84.285714286 3.5552835530999994e-14
85.714285714 3.9698996662e-14
87.142857143 4.5237355881e-14
88.571428571 2.9403352474499994e-14
90.0 1.7491822451e-14
91.428571429 3.97417614599e-14
92.857142857 4.0539263350000005e-14
94.285714286 2.28762911885e-14
95.714285714 6.6553795918e-14
97.142857143 3.2395356373e-14
99.285714286 3.9462982688e-14
102.14285714 4.1355519086e-14
105.0 3.185088358e-14
107.85714286 4.3234596953999995e-14
110.71428571 3.562426265e-14
113.57142857 4.3612685648e-14
116.42857143 3.3509839160000004e-14
119.28571429 1.6018710532999996e-13
122.14285714 5.3086877906e-14
125.0 3.375902226e-14
127.85714286 4.0069380912e-14
130.71428571 2.5738211786000003e-14
133.57142857 2.9959210460000006e-14
136.42857143 2.8040856614999998e-14
139.28571429 3.8161174974999996e-14
142.14285714 4.2286220156e-14
145.0 3.772256177e-14
147.85714286 4.1937951850000003e-14
150.71428571 9.403485672999999e-14
153.57142857 4.1021336571e-14
156.42857143 2.8904312494999996e-14
159.28571429 4.6350974579e-14
162.14285714 4.8624531840000003e-14
165.0 2.8315783865e-14
167.85714286 4.5946154239999994e-14
170.71428571 3.8412258709999996e-14
173.57142857 2.2599305036999998e-14
176.42857143 4.4648737219999995e-14
179.28571429 6.569058247e-14
182.14285714 5.085087116e-14
185.0 4.1275126925999996e-14
187.85714286 5.395014549e-14
190.71428571 3.4936683949e-14
193.57142857 3.3278352322e-14
197.14285714 3.2066457319999997e-14
201.42857143 2.38744628e-13
205.71428571 4.680292785000001e-14
210.0 3.5165515949e-14
214.28571429 3.1226867445e-14
218.57142857 4.708194551800001e-14
222.85714286 3.646686146e-14
227.14285714 3.215145999e-14
231.42857143 3.676227077e-14
235.71428571 3.255609642e-14
240.0 1.1151464684e-13
244.28571429 2.884785518e-14
248.57142857 8.77912808e-14
252.85714286 3.6340287350000006e-14
257.14285714 3.1995944629999996e-14
261.42857143 4.2032566659e-14
265.71428571 3.3375869572e-14
270.0 3.6152559867000004e-14
274.28571429 4.522767889e-14
278.57142857 2.5741766671e-14
282.85714286 3.327042474e-14
287.14285714 4.096873063e-14
291.42857143 3.6181832850000006e-14
296.42857143 3.7537126830000005e-14
302.14285714 4.91584222e-14
307.85714286 4.5629446780000005e-14
313.57142857 3.783612114e-14
319.28571429 3.9424773039999997e-14
325.0 5.162413261e-14
330.71428571 3.9984164650000003e-14
336.42857143 3.9182814066000005e-14
342.14285714 3.7972015080000005e-14
347.85714286 3.839436574999999e-14
353.57142857 3.5519792297000005e-14
359.28571429 4.560073964e-14
365.0 3.447816374999999e-14
370.71428571 2.7478564229999998e-14
376.42857143 4.3671742359999994e-14
382.14285714 3.184028515000001e-14
387.85714286 3.131524818e-14
394.28571429 4.341493738e-14
401.42857143 5.2760594519999995e-14
408.57142857 3.5442684009e-14
415.71428571 3.091742223e-14
422.85714286 5.618104655000001e-14
430.0 4.186980835e-14
437.14285714 3.096595652199999e-14
444.28571429 3.721819138e-14
451.42857143 3.718677269e-14
458.57142857 3.078530099e-14
465.71428571 2.6787632029999997e-14
472.85714286 3.1532616199999995e-14
480.0 4.366085450000001e-14
487.85714286 3.790846946999999e-14
496.42857143 3.56198709e-14
505.0 3.471658203e-14
513.57142857 3.842540941e-14
522.14285714 3.6137068359999996e-14
530.71428571 3.549306698e-14
539.28571429 4.3932596719999995e-14
547.85714286 4.6843058360000004e-14
556.42857143 3.636493076e-14
565.0 4.3915981060000005e-14
573.57142857 4.0510588920000004e-14
582.14285714 3.266173016e-14
591.42857143 3.8408819759999995e-14
601.42857143 4.936083668000001e-14
611.42857143 3.9476783590000006e-14
621.42857143 3.1491869165e-14
631.42857143 3.8191150370000005e-14
641.42857143 3.9896949210000004e-14
651.42857143 3.9054086360000004e-14
661.42857143 3.243896887e-14
671.42857143 3.115173821e-14
682.14285714 2.9842769079999996e-14
693.57142857 3.4004643880000004e-14
705.0 2.7778273268e-14
716.42857143 4.402263402999999e-14
727.85714286 2.958542652e-14
739.28571429 3.64686803e-14
750.71428571 3.6297600739999994e-14
762.14285714 3.223271115e-14
773.57142857 3.209643791e-14
785.71428571 3.611050698e-14
798.57142857 4.9325591719999995e-14
811.42857143 3.263103814e-14
824.28571429 3.278974393e-14
837.14285714 3.2563685940000004e-14
850.0 3.4566628539999996e-14
862.85714286 3.503114323e-14
876.42857143 3.7622359120000006e-14
890.71428571 3.166107341000001e-14
905.0 2.887779489e-14
919.28571429 4.064066998e-14
933.57142857 3.532369635999999e-14
947.85714286 3.393516786000001e-14
962.14285714 3.537142472e-14
977.14285714 3.511463122e-14
992.85714286 3.4059481780000004e-14
1008.5714286 4.1905360440000004e-14
1024.2857143 2.6613796930000002e-14
1040.0 3.527132891e-14
1055.7142857 3.489013462e-14
1072.1428571 3.098798308e-14
1089.2857143 3.88945414e-14
1106.4285714 3.494351554e-14
1123.5714286 3.9144413130000003e-14
1140.7142857 3.2825072039999995e-14
1157.8571429 3.4281026129999997e-14
1175.7142857 3.3397703080000005e-14
1194.2857143 3.540096822e-14
1212.8571429 3.432375902e-14
1231.4285714 2.616505075e-14
1250.0 3.227002831999999e-14
1269.2857143 3.147204883e-14
1289.2857143 3.3996303009999995e-14
1309.2857143 3.106227602e-14
1329.2857143 3.15125053e-14
1349.2857143 2.973482612e-14
1370.0 3.356236306e-14
1391.4285714 3.297012539e-14
1412.8571429 3.435660142e-14
1434.2857143 3.633466249e-14
1455.7142857 3.149301349e-14
1477.8571429 3.522750168e-14
1500.7142857 3.3236618550000004e-14
1523.5714286 3.6473085679999995e-14
1546.4285714 3.288006183e-14
1570.0 2.9803243789999995e-14
1594.2857143 2.901041911e-14
1618.5714286 3.4471398750000006e-14
1642.8571429 3.079153482e-14
1667.8571429 3.346829929e-14
1693.5714286 3.3169942539999994e-14
1719.2857143 3.541303419e-14
1745.0 3.624978646e-14
1771.4285714 3.4231216160000005e-14
1798.5714286 3.4983265360000005e-14
1825.7142857 3.4861190679999996e-14
1853.5714286 3.399567097e-14
1882.1428571 3.503747684e-14
1910.7142857 2.999278511e-14
1939.2857143 3.4579740970000003e-14
1968.5714286 3.486894987e-14
1998.5714286 4.5120121099999995e-14
2028.5714286 3.478497222e-14
2059.2857143 3.501005339e-14
2090.7142857 3.6538120069999994e-14
2122.1428571 3.184367021e-14
2154.2857143 3.096041826e-14
2187.1428571 3.319275907e-14
2220.0 3.1763557539999995e-14
2253.5714286 3.176013473e-14
2287.8571429 3.2105701459999996e-14
2322.1428571 3.373419645e-14
2357.1428571 3.035108677e-14
2392.8571429 3.1791252779999995e-14
2429.2857143 3.310012273e-14
2466.4285714 3.307195722e-14
2503.5714286 3.1673503069999995e-14
2541.4285714 3.4093231550000003e-14
2580.0 3.569312004e-14
2618.5714286 3.261665808e-14
2657.8571429 3.163667132e-14
2697.8571429 3.175613554e-14
2738.5714286 3.3201618160000005e-14
2780.0 2.981757724e-14
2822.1428571 3.6279662850000007e-14
2865.0 3.307152994e-14
2907.8571429 3.495492149e-14
2951.4285714 3.2169036859999997e-14
2995.7142857 3.585561083e-14
3040.7142857 3.265985638e-14
3086.4285714 3.691459103e-14
3132.8571429 3.172908106999999e-14
3180.0 3.621456246e-14
3227.8571429 3.4790545290000004e-14
3276.4285714 3.261663066e-14
3325.7142857 3.5451249949999994e-14
3375.7142857 3.391301444e-14
3426.4285714 3.012579477e-14
3477.8571429 3.380539471000001e-14
3530.0 3.4079104190000004e-14
3582.8571429 3.4419205489999996e-14
3636.4285714 3.2672482590000004e-14
3691.4285714 3.453363603e-14
3747.1428571 3.150981184e-14
3803.5714286 3.312969667e-14
3860.7142857 3.274650281000001e-14
3918.5714286 3.077394739e-14
3977.1428571 5.786743454e-14
4036.4285714 3.2766021499999996e-14
4097.1428571 3.270772398e-14
4158.5714286 3.249696345e-14
4220.7142857 3.5269168729999994e-14
4284.2857143 2.983462439e-14
4348.5714286 3.2843176909999993e-14
4413.5714286 3.4045456649999994e-14
4480.0 3.254364375e-14
4547.1428571 3.1683618700000005e-14
4615.0 3.12061548e-14
4684.2857143 3.183015397e-14
4754.2857143 3.143142076e-14
4825.0 3.4013109440000007e-14
4897.1428571 2.969617256e-14
4970.7142857 3.256863895999999e-14
5045.0 3.308053124e-14
5120.0 3.140238122e-14
5196.4285714 3.4545547639999996e-14
5274.2857143 3.2631288840000004e-14
5353.5714286 3.256498145e-14
5433.5714286 3.3534158829999994e-14
5514.2857143 3.23894517e-14
5596.4285714 3.371463624999999e-14
5680.0 3.1151363099999996e-14
5765.0 3.307641366e-14
5851.4285714 3.37465068e-14
5939.2857143 3.225195695e-14
6028.5714286 3.7489500860000004e-14
6119.2857143 3.30787932e-14
6210.7142857 3.38374252e-14
6302.8571429 3.218380334e-14
6396.4285714 3.1644770120000004e-14
6491.4285714 3.3697481940000006e-14
6587.8571429 3.320712877e-14
6685.7142857 3.4012570399999996e-14
6785.0 3.2318674479999994e-14
6885.7142857 3.203978489e-14
6987.8571429 3.265160349e-14
7092.1428571 3.198138964e-14
7198.5714286 3.1587611630000003e-14
7306.4285714 3.399914262999999e-14
7415.7142857 3.372157576e-14
7526.4285714 3.362633777e-14
7638.5714286 3.486877437e-14
7752.1428571 3.5540028860000004e-14
7867.8571429 3.2277942560000007e-14
7985.7142857 3.3325936399999995e-14
8105.0 3.342159824e-14
8225.7142857 3.2672284500000003e-14
8347.8571429 3.3120705949999996e-14
8472.1428571 3.4840674640000004e-14
8598.5714286 3.135069418e-14
8726.4285714 3.2737822649999994e-14
8856.4285714 3.281492603999999e-14
8988.5714286 3.450947879e-14
9122.1428571 3.135335277e-14
9257.8571429 3.39456086e-14
9395.7142857 3.289968955e-14
9535.7142857 3.220982135e-14
9677.8571429 3.262066259e-14
9822.1428571 3.21473469e-14
9968.5714286 3.3842281100000007e-14
10117.142857 3.1751706520000006e-14
10267.857143 3.1951445000000004e-14
10420.714286 3.248417366e-14
10575.714286 3.121850645e-14
10732.857143 3.483372480999999e-14
10892.857143 3.019123256e-14
11055.0 3.1329828529999995e-14
11219.285714 3.31867877e-14
11386.428571 3.2137825089999995e-14
11556.428571 3.2051605380000004e-14
11728.571429 3.2438316290000004e-14
11902.857143 3.171853623e-14
12080.0 3.264131826e-14
12260.0 3.2047713409999993e-14
12442.857143 3.2591947e-14
12628.571429 3.297006554e-14
12817.142857 3.4518589910000004e-14
13007.857143 3.3587937430000006e-14
13200.714286 3.13245035e-14
13396.428571 3.2643493910000004e-14
13595.714286 3.353600645e-14
13798.571429 3.280414748e-14
14004.285714 3.1991073829999996e-14
14212.857143 3.380306055e-14
14424.285714 3.2747022219999996e-14
14638.571429 3.306540953e-14
14856.428571 3.4385843559999996e-14
15077.857143 3.434182446e-14
15302.142857 3.280037395e-14
15529.285714 3.255541196e-14
15760.0 3.245782401e-14
15994.285714 3.328863916e-14
16232.142857 3.308838817e-14
16473.571429 3.092502966e-14
16718.571429 3.3905920960000006e-14
16967.142857 3.221639371e-14
17219.285714 3.284125411e-14
17475.0 3.2389273759999993e-14
17734.285714 3.148349188e-14
17997.857143 3.31619977e-14
18265.714286 3.1796085130000004e-14
18537.142857 3.353612425e-14
18812.142857 3.190658232e-14
19091.428571 3.32791192e-14
19375.0 3.2709625699999995e-14
19662.857143 3.2962908629999995e-14
19955.0 3.296467836e-14
20251.428571 3.3650027330000007e-14
20552.142857 3.323850152e-14
20857.142857 3.2939408679999996e-14
21167.142857 3.264599131e-14
21482.142857 3.16244756e-14
21801.428571 3.199043191e-14
22125.0 3.3766653690000005e-14
22453.571429 3.2556894890000004e-14
22787.142857 3.30680381e-14
23125.714286 3.313263205e-14
23469.285714 3.259229032999999e-14
23817.857143 3.3023390999999996e-14
24171.428571 3.2094074590000005e-14
24530.0 3.174813518e-14
24894.285714 3.1892794109999994e-14
25264.285714 3.293450638e-14
25640.0 3.226010673e-14
26021.428571 3.1898916149999996e-14
26408.571429 3.196768674e-14
26801.428571 3.32358945e-14
27200.0 3.3626123700000005e-14
27604.285714 3.208936418e-14
28014.285714 3.328724466e-14
28430.0 3.32502153e-14
28852.142857 3.340565237e-14
29280.714286 3.5155049520000006e-14
29715.714286 3.328837752e-14
30157.142857 3.2504593240000006e-14
30605.0 3.2942896939999996e-14
31059.285714 3.2444489699999995e-14
31520.0 3.214631357e-14
31987.857143 3.1707559230000004e-14
32462.857143 3.283079121e-14
32945.0 3.169351641e-14
33434.285714 3.2632284709999996e-14
33930.714286 3.209399376e-14
34434.285714 3.246922112e-14
34945.0 3.189469542e-14
35463.571429 3.288494096000001e-14
35990.0 3.2336527809999997e-14
36524.285714 3.303835756e-14
37066.428571 3.417351357e-14
37616.428571 3.355553678999999e-14
38175.0 3.302655348e-14
38742.142857 3.284318697e-14
39317.142857 3.376016965e-14
39900.0 3.321914591e-14
40492.142857 3.252602827e-14
41093.571429 3.2495919979999993e-14
41703.571429 3.2909922160000003e-14
42322.142857 3.207107558e-14
42950.0 3.2520920359999995e-14
43587.142857 3.191138423e-14
44233.571429 3.250157864e-14
44890.0 3.2909334129999994e-14
45556.428571 3.2197611e-14
46232.857143 3.241619726000001e-14
46919.285714 3.265790123e-14
47615.714286 3.2156755580000005e-14
48322.142857 3.245646615e-14
49039.285714 3.241059698e-14
49767.142857 3.238378033e-14
50505.714286 3.362239953e-14
51255.0 3.2409175839999995e-14
52015.0 3.254061974e-14
52786.428571 3.262948128e-14
53569.285714 3.297084766e-14
54363.571429 3.257524087e-14
55170.0 3.189894326e-14
55988.571429 3.226389082e-14
56819.285714 3.2674879579999997e-14
57662.142857 3.196868916e-14
58517.142857 3.242769586e-14
59385.0 3.235708799e-14
60265.714286 3.251724752e-14
61159.285714 3.208387134999999e-14
62066.428571 3.27450432e-14
62987.142857 3.2993314719999996e-14
63921.428571 3.2221389049999995e-14
64870.0 3.2189047810000005e-14
65832.857143 3.266315286e-14
66810.0 3.223864689e-14
67801.428571 3.2667105170000003e-14
68807.142857 3.2234438159999995e-14
69827.857143 3.21410024e-14
70863.571429 3.299756808e-14
71914.285714 3.2526770850000007e-14
72980.714286 3.2739161860000004e-14
74062.857143 3.2018874890000004e-14
75161.428571 3.2664599900000005e-14
76276.428571 3.2379361499999995e-14
77407.857143 3.181839906e-14
78556.428571 3.258453539e-14
79722.142857 3.247538658e-14
80905.0 3.238598703e-14
82105.0 3.294120491000001e-14
83322.857143 3.230725682e-14
84558.571429 3.3209619160000004e-14
85812.142857 3.294622157e-14
87084.285714 3.2559629880000006e-14
88375.714286 3.312386317e-14
89686.428571 3.254482198e-14
91016.428571 3.247023083e-14
92366.428571 3.2207859519999996e-14
93736.428571 3.220880581e-14
95126.428571 3.2365358399999995e-14
96537.142857 3.232677468e-14
97969.285714 3.24503013e-14
99422.857143 3.2228221270000005e-14
100897.85714 3.193692709e-14
102394.28571 3.261012566e-14
103912.85714 3.284014286e-14
105454.28571 3.216940208e-14
107018.57143 3.26917894e-14
108605.71429 3.301297751e-14
110216.42857 3.2339243639999995e-14
111851.42857 3.2411475520000003e-14
113510.71429 3.266529779e-14
115194.28571 3.1902951740000003e-14
116902.85714 3.218471326e-14
118636.42857 3.2045251039999996e-14
120395.71429 3.240202198e-14
122181.42857 3.199717313e-14
123993.57143 3.22489754e-14
125832.85714 3.232737282000001e-14
127699.28571 3.257085995e-14
129592.85714 3.1807052690000004e-14
131514.28571 3.2049168480000004e-14
133464.28571 3.143018422e-14
135443.57143 3.192120664e-14
137452.14286 3.1283313579999994e-14
139490.0 3.207843934e-14
141558.57143 3.1626813229999995e-14
143657.85714 3.1495964459999996e-14
145787.85714 3.181464263e-14
147949.28571 3.169173619e-14
150142.85714 3.193815064e-14
152369.28571 3.199588981e-14
154628.57143 3.182599975e-14
156921.42857 3.164346076999999e-14
159248.57143 3.1522172e-14
161610.0 3.1704074809999997e-14
164006.42857 3.167878303e-14
166438.57143 3.1358018230000003e-14
168906.42857 3.156323519e-14
171410.71429 3.1265219449999997e-14
173952.14286 3.1094967210000003e-14
176531.42857 3.124396162e-14
179149.28571 3.118635637e-14
181805.71429 3.1191957949999994e-14
184501.42857 3.0841685510000005e-14
187237.14286 3.078357133e-14
190013.57143 3.092703802999999e-14
192831.42857 3.131768146e-14
195690.71429 3.1033293119999995e-14
198592.14286 3.0554585020000004e-14
201536.42857 3.114508713e-14
204524.28571 3.1346337230000005e-14
207556.42857 3.068287422e-14
210633.57143 3.073678867e-14
213756.42857 3.057672403e-14
216925.71429 3.0742233050000004e-14
220142.14286 3.0395768309999995e-14
223406.42857 3.027453998999999e-14
226719.28571 3.0264661390000004e-14
230080.71429 2.994258515e-14
233492.14286 3.006378581e-14
236954.28571 3.015260167e-14
240467.14286 2.9876830160000004e-14
244032.14286 3.001875151e-14
247650.0 3.0008779340000005e-14
251321.42857 2.98686816e-14
255047.85714 2.987973066e-14
258830.0 2.937623263e-14
262667.85714 2.923426777e-14
266562.14286 2.908648823e-14
270514.28571 2.9124059180000004e-14
274525.0 2.9092371170000006e-14
278595.0 2.908199712e-14
282725.71429 2.8730021400000003e-14
286917.85714 2.869231633e-14
291172.14286 2.854798366e-14
295489.28571 2.877077177e-14
299870.0 2.8506360790000003e-14
304315.71429 2.8156022800000006e-14
308827.85714 2.855878852e-14
313407.14286 2.776240874e-14
318054.28571 2.8170729239999996e-14
322770.0 2.7620755969999998e-14
327555.0 2.7793334239999997e-14
332410.71429 2.7531399329999996e-14
337338.57143 2.7722656240000002e-14
342340.0 2.724549663e-14
347415.71429 2.7010952830000003e-14
352566.42857 2.704149942e-14
357793.57143 2.647509611e-14
363098.57143 2.662530205e-14
368482.14286 2.6216385740000005e-14
373945.0 2.629981094e-14
379488.57143 2.6090274670000002e-14
385114.28571 2.593039465e-14
390823.57143 2.5739511630000004e-14
396617.85714 2.5816478439999997e-14
402497.85714 2.528206437e-14
408465.0 2.5160454810000002e-14
414520.71429 2.4881521359999998e-14
420666.42857 2.4713114089999996e-14
426903.57143 2.451064825e-14
433232.85714 2.4340085519999998e-14
439655.71429 2.410932735e-14
446173.57143 2.3694605570000003e-14
452787.85714 2.36320121e-14
459500.71429 2.3515090850000002e-14
466313.57143 2.3273555969999997e-14
473227.14286 2.289008391e-14
480242.85714 2.2807664230000005e-14
487362.85714 2.2683084480000004e-14
494588.57143 2.229089321e-14
501920.71429 2.1847437e-14
509361.42857 2.165176986e-14
516912.85714 2.1571312140000003e-14
524576.42857 2.1447509180000003e-14
532353.57143 2.1088376199999997e-14
540245.71429 2.078429497e-14
548255.0 2.0350346719999997e-14
556382.85714 2.0251716940000002e-14
564630.71429 1.981663459e-14
573001.42857 1.972360726e-14
581496.42857 1.942217516e-14
590117.14286 1.9084859599999998e-14
598865.71429 1.8853565839999998e-14
607743.57143 1.853713951e-14
616752.85714 1.827993551e-14
625895.71429 1.7986126990000002e-14
635174.28571 1.7683937999999998e-14
644590.71429 1.733670971e-14
654146.42857 1.708005614e-14
663843.57143 1.6700053110000002e-14
673685.0 1.651259081e-14
683672.85714 1.6217170059999998e-14
693808.57143 1.583160251e-14
704094.28571 1.549132147e-14
714532.14286 1.522391198e-14
725125.0 1.500205983e-14
735875.0 1.474205782e-14
746784.28571 1.439452968e-14
757855.71429 1.4080866499999999e-14
769090.71429 1.3764983169999999e-14
780492.14286 1.334911406e-14
792062.85714 1.315899768e-14
803805.0 1.277998119e-14
815721.42857 1.2503119339999997e-14
827814.28571 1.217792724e-14
840086.42857 1.1854079230000002e-14
852540.71429 1.1561260389999999e-14
865179.28571 1.133883036e-14
878005.0 1.1071384849999999e-14
891020.71429 1.07600242e-14
904229.28571 1.046532982e-14
917633.57143 1.0192267456e-14
931237.14286 9.914213708e-15
945042.85714 9.641881149000003e-15
959052.85714 9.375924099000001e-15
973270.71429 9.168949517e-15
987699.28571 8.866250796000001e-15
1002341.4286 8.565523297999998e-15
1017200.7143 8.380651642e-15
1032280.0 8.102519866999999e-15
1047582.8571 7.855926921000001e-15
1063112.8571 7.596679483e-15
1078872.8571 7.396075680000002e-15
1094866.4286 7.179595937999997e-15
1111097.1429 6.921663496999999e-15
1127568.5714 6.7075581109999995e-15
1144284.2857 6.507628399e-15
1161247.8571 6.290271179000001e-15
1178462.8571 6.105008426000001e-15
1195932.8571 5.8856984619999995e-15
1213662.1429 5.705387851e-15
1231654.2857 5.489411699e-15
1249912.8571 5.3182633659999995e-15
1268442.1429 5.1614043770000004e-15
1287246.4286 4.971425045e-15
1306329.2857 4.820320930000001e-15
1325695.0 4.652666141e-15
1345347.8571 4.498414427e-15
1365292.1429 4.33096012e-15
1385532.1429 4.195105106e-15
1406072.1429 4.035234324e-15
1426916.4286 3.903090617999999e-15
1448069.2857 3.753213209000001e-15
1469535.7143 3.628575336e-15
1491320.7143 3.499813278e-15
1513428.5714 3.3851145479999996e-15
1535863.5714 3.2617670369999997e-15
1558631.4286 3.1535901629999998e-15
1581737.1429 3.036457432e-15
1605185.7143 2.931744397e-15
1628982.1429 2.813510102e-15
1653130.7143 2.730983931e-15
1677637.1429 2.630164703e-15
1702507.1429 2.536664504e-15
1727745.7143 2.4501064e-15
1753358.5714 2.365116638e-15
1779351.4286 2.2678608259999995e-15
1805729.2857 2.193963791e-15
1832497.8571 2.1210306729999997e-15
1859663.5714 2.0395188119999997e-15
1887232.1429 1.9629483370000002e-15
1915209.2857 1.9076976560000006e-15
1943600.7143 1.8347759849999997e-15
1972412.8571 1.776045851e-15
2001652.1429 1.7044725230000002e-15
2031325.0 1.64512042e-15
2061437.8571 1.5858747210000001e-15
2091997.1429 1.5354542609999997e-15
2123009.2857 1.4881416619999999e-15
2154480.7143 1.4180318859999999e-15
2186418.5714 1.3759013720000001e-15
2218830.0 1.321347309e-15
2251722.1429 1.282811083e-15
2285102.1429 1.2301100889999999e-15
2318977.1429 1.1920311350000002e-15
2353354.2857 1.150908549e-15
2388240.7143 1.1291518520000001e-15
2423644.2857 1.0859941199999998e-15
2459572.8571 1.0272420720000002e-15
2496034.2857 1.0160629649999997e-15
2533036.4286 9.911023876e-16
2570587.1429 9.196194719000001e-16
2608694.2857 9.134935442999999e-16
2647365.7143 8.910312882e-16
2686610.7143 8.321401731e-16
2726437.8571 8.159760005999999e-16
2766855.0 7.990171937999999e-16
2807871.4286 7.458471953999999e-16
2849495.7143 7.370893387e-16
2891737.1429 7.162701183000001e-16
2934605.0 6.701908092999999e-16
2978107.8571 6.709960763999999e-16
3022255.7143 6.40527206e-16
3067057.8571 6.280630389999999e-16
3112524.2857 6.067187252e-16
3158665.0 5.621762385e-16
3205489.2857 5.657822169e-16
3253007.8571 5.408329052e-16
3301230.7143 5.337112347999999e-16
3350168.5714 5.288346620999999e-16
3399832.1429 4.87477678e-16
3450231.4286 5.211878538000001e-16
3501377.8571 5.144177559999999e-16
3553282.8571 5.257213774e-16
3605957.1429 5.118966470999999e-16
3659412.1429 4.590800317e-16
3713660.0 4.33679523e-16
3768712.1429 4.0284404279999997e-16
3824580.0 3.8143567769999994e-16
3881275.7143 3.6578200890000006e-16
3938812.1429 3.531089492e-16
3997201.4286 3.433572786e-16
4056456.4286 3.3370725839999997e-16
4116590.0 3.259766774e-16
4177615.0 3.172775355e-16
4239544.2857 3.0926351489999993e-16
4302391.4286 3.03240295e-16
4366170.7143 2.9702041939999995e-16
4430895.0 2.9203322579999996e-16
4496578.5714 2.866225416e-16
4563236.4286 2.827881159e-16
4630882.1429 2.78495425e-16
4699530.0 2.766235026e-16
4769195.7143 2.743291113e-16
4839894.2857 2.718850605e-16
4911640.7143 2.712469701e-16
4973888.5714 2.7019844949999996e-16
