# F_set      Vpp_set   F1           Vpp1   OVL1 RNG1  F2           Vpp2   OVL2 RNG2 
1.000000e+03 1.333333  9.999772e+02 8.164160 0 5e+00  9.999773e+02 1.359552 0 5e+00
1.086477e+03 1.333333  1.086453e+03 8.163140 0 1e+01  1.086452e+03 1.359842 0 2e+00
1.180433e+03 1.333333  1.180434e+03 8.163040 0 1e+01  1.180434e+03 1.359832 0 2e+00
1.282513e+03 1.333333  1.282512e+03 8.162320 0 1e+01  1.282512e+03 1.359734 0 2e+00
1.393421e+03 1.333333  1.393424e+03 8.161640 0 1e+01  1.393424e+03 1.359632 0 2e+00
1.513920e+03 1.333333  1.513891e+03 8.161720 0 1e+01  1.513891e+03 1.359622 0 2e+00
1.644840e+03 1.333333  1.644824e+03 8.160920 0 1e+01  1.644824e+03 1.359484 0 2e+00
1.787081e+03 1.333333  1.787088e+03 8.159220 0 1e+01  1.787088e+03 1.359238 0 2e+00
1.941623e+03 1.333333  1.941612e+03 8.159000 0 1e+01  1.941612e+03 1.359204 0 2e+00
2.109529e+03 1.333333  2.109467e+03 8.158580 0 1e+01  2.109467e+03 1.359146 0 2e+00
2.291955e+03 1.333333  2.291919e+03 8.157620 0 1e+01  2.291918e+03 1.358998 0 2e+00
2.490156e+03 1.333333  2.490118e+03 8.156680 0 1e+01  2.490119e+03 1.358862 0 2e+00
2.705498e+03 1.333333  2.705491e+03 8.156380 0 1e+01  2.705491e+03 1.358808 0 2e+00
2.939462e+03 1.333333  2.939457e+03 8.155660 0 1e+01  2.939457e+03 1.358684 0 2e+00
3.193658e+03 1.333333  3.193651e+03 8.155340 0 1e+01  3.193652e+03 1.358658 0 2e+00
3.469836e+03 1.333333  3.469771e+03 8.155120 0 1e+01  3.469771e+03 1.358608 0 2e+00
3.769898e+03 1.333333  3.769892e+03 8.154840 0 1e+01  3.769891e+03 1.358550 0 2e+00
4.095908e+03 1.333333  4.095873e+03 8.154780 0 1e+01  4.095872e+03 1.358560 0 2e+00
4.450111e+03 1.333333  4.450075e+03 8.154460 0 1e+01  4.450073e+03 1.358516 0 2e+00
4.834943e+03 1.333333  4.834909e+03 8.153880 0 1e+01  4.834910e+03 1.358422 0 2e+00
5.253056e+03 1.333333  5.253073e+03 8.154320 0 1e+01  5.253073e+03 1.358482 0 2e+00
5.707325e+03 1.333333  5.707284e+03 8.154540 0 1e+01  5.707286e+03 1.358576 0 2e+00
6.200878e+03 1.333333  6.200719e+03 8.154080 0 1e+01  6.200718e+03 1.358496 0 2e+00
6.737112e+03 1.333333  6.737086e+03 8.153640 0 1e+01  6.737084e+03 1.358436 0 2e+00
7.319719e+03 1.333333  7.319599e+03 8.154360 0 1e+01  7.319596e+03 1.358570 0 2e+00
7.952707e+03 1.333333  7.952725e+03 8.154920 0 1e+01  7.952727e+03 1.358666 0 2e+00
8.640435e+03 1.333333  8.640467e+03 8.154980 0 1e+01  8.640467e+03 1.358680 0 2e+00
9.387635e+03 1.333333  9.387585e+03 8.155100 0 1e+01  9.387590e+03 1.358712 0 2e+00
1.019945e+04 1.333333  1.019936e+04 8.154620 0 1e+01  1.019937e+04 1.358692 0 2e+00
1.108147e+04 1.333333  1.108137e+04 8.156420 0 1e+01  1.108136e+04 1.358988 0 2e+00
1.203976e+04 1.333333  1.203949e+04 8.157060 0 1e+01  1.203950e+04 1.359138 0 2e+00
1.308093e+04 1.333333  1.308095e+04 8.156140 0 1e+01  1.308094e+04 1.359018 0 2e+00
1.421213e+04 1.333333  1.421184e+04 8.156240 0 1e+01  1.421186e+04 1.359056 0 2e+00
1.544116e+04 1.333333  1.544107e+04 8.155200 0 1e+01  1.544109e+04 1.358942 0 2e+00
1.677646e+04 1.333333  1.677653e+04 8.152600 0 1e+01  1.677653e+04 1.358592 0 2e+00
1.822724e+04 1.333333  1.822722e+04 8.149560 0 1e+01  1.822724e+04 1.358162 0 2e+00
1.980348e+04 1.333333  1.980339e+04 8.148680 0 1e+01  1.980338e+04 1.358068 0 2e+00
2.151603e+04 1.333333  2.151551e+04 8.147220 0 1e+01  2.151550e+04 1.357876 0 2e+00
2.337668e+04 1.333333  2.337612e+04 8.145000 0 1e+01  2.337611e+04 1.357658 0 2e+00
2.539823e+04 1.333333  2.539774e+04 8.143140 0 1e+01  2.539770e+04 1.357426 0 2e+00
2.759459e+04 1.333333  2.759406e+04 8.141380 0 1e+01  2.759411e+04 1.357242 0 2e+00
2.998090e+04 1.333333  2.998048e+04 8.138080 0 1e+01  2.998055e+04 1.356902 0 2e+00
3.257356e+04 1.333333  3.257342e+04 8.137300 0 1e+01  3.257336e+04 1.356964 0 2e+00
3.539043e+04 1.333333  3.539038e+04 8.135040 0 1e+01  3.539030e+04 1.356728 0 2e+00
3.845089e+04 1.333333  3.844994e+04 8.133000 0 1e+01  3.844997e+04 1.356602 0 2e+00
4.177601e+04 1.333333  4.177622e+04 8.136180 0 1e+01  4.177618e+04 1.356406 0 2e+00
4.538868e+04 1.333333  4.538799e+04 8.127280 0 1e+01  4.538788e+04 1.356066 0 2e+00
4.931377e+04 1.333333  4.931316e+04 8.125780 0 1e+01  4.931301e+04 1.355866 0 2e+00
5.357828e+04 1.333333  5.357739e+04 8.124460 0 1e+01  5.357751e+04 1.355844 0 2e+00
5.821158e+04 1.333333  5.821029e+04 8.121520 0 1e+01  5.821047e+04 1.355584 0 2e+00
6.324555e+04 1.333333  6.324401e+04 8.117780 0 1e+01  6.324411e+04 1.355196 0 2e+00
6.871485e+04 1.333333  6.871513e+04 8.115320 0 1e+01  6.871504e+04 1.354754 0 2e+00
7.465711e+04 1.333333  7.465734e+04 8.113560 0 1e+01  7.465742e+04 1.354518 0 2e+00
8.111325e+04 1.333333  8.111125e+04 8.116980 0 1e+01  8.111125e+04 1.354678 0 2e+00
8.812769e+04 1.333333  8.812605e+04 8.115120 0 1e+01  8.812641e+04 1.354264 0 2e+00
9.574872e+04 1.333333  9.574742e+04 8.118560 0 1e+01  9.574793e+04 1.354040 0 2e+00
1.040288e+05 1.333333  1.040277e+05 8.119720 0 1e+01  1.040272e+05 1.354068 0 2e+00
1.130249e+05 1.333333  1.130222e+05 8.129760 0 1e+01  1.130221e+05 1.354052 0 2e+00
1.227990e+05 1.333333  1.227964e+05 8.136960 0 1e+01  1.227968e+05 1.353860 0 2e+00
1.334183e+05 1.333333  1.334184e+05 8.145080 0 1e+01  1.334182e+05 1.353412 0 2e+00
1.449559e+05 1.333333  1.449558e+05 8.150920 0 1e+01  1.449540e+05 1.353162 0 2e+00
1.574913e+05 1.333333  1.574907e+05 8.162040 0 1e+01  1.574920e+05 1.353864 0 2e+00
1.711107e+05 1.333333  1.711060e+05 8.151000 0 1e+01  1.711079e+05 1.353010 0 2e+00
1.859079e+05 1.333333  1.859052e+05 8.087480 0 1e+01  1.859080e+05 1.353810 0 2e+00
2.019847e+05 1.333333  2.019820e+05 7.934300 0 1e+01  2.019802e+05 1.353892 0 2e+00
2.194517e+05 1.333333  2.194528e+05 7.701320 0 1e+01  2.194465e+05 1.354198 0 2e+00
2.384293e+05 1.333333  2.384222e+05 7.328380 0 1e+01  2.384281e+05 1.354008 0 2e+00
2.590480e+05 1.333333  2.590457e+05 6.857740 0 1e+01  2.590423e+05 1.354580 0 2e+00
2.814497e+05 1.333333  2.814455e+05 6.359660 0 1e+01  2.814506e+05 1.353274 0 2e+00
3.057887e+05 1.333333  3.057880e+05 5.857440 0 1e+01  3.057811e+05 1.354344 0 2e+00
3.322324e+05 1.333333  3.322310e+05 5.413300 0 1e+01  3.322338e+05 1.354664 0 2e+00
3.609629e+05 1.333333  3.609549e+05 4.955560 0 1e+01  3.609642e+05 1.353598 0 2e+00
3.921780e+05 1.333333  3.921668e+05 4.547200 0 5e+00  3.921729e+05 1.354426 0 2e+00
4.260924e+05 1.333333  4.260877e+05 4.161380 0 5e+00  4.260838e+05 1.354700 0 2e+00
4.629397e+05 1.333333  4.629311e+05 3.807640 0 5e+00  4.629334e+05 1.353024 0 2e+00
5.029734e+05 1.333333  5.029896e+05 3.476000 0 5e+00  5.029681e+05 1.352472 0 2e+00
5.464691e+05 1.333333  5.464786e+05 3.173140 0 5e+00  5.464699e+05 1.351742 0 2e+00
5.937262e+05 1.333333  5.937148e+05 2.899500 0 5e+00  5.937110e+05 1.351682 0 2e+00
6.450699e+05 1.333333  6.450693e+05 2.642580 0 5e+00  6.450638e+05 1.352018 0 2e+00
7.008537e+05 1.333333  7.008315e+05 2.396540 0 5e+00  7.008381e+05 1.351398 0 2e+00
7.614616e+05 1.333333  7.614679e+05 2.163140 0 5e+00  7.614435e+05 1.349106 0 2e+00
8.273106e+05 1.333333  8.272853e+05 1.938268 0 5e+00  8.272898e+05 1.348138 0 2e+00
8.988541e+05 1.333333  8.988540e+05 1.729626 0 2e+00  8.988307e+05 1.346106 0 2e+00
9.765844e+05 1.333333  9.765651e+05 1.524560 0 2e+00  9.765783e+05 1.342882 0 2e+00
1.061037e+06 1.333333  1.061025e+06 1.336272 0 2e+00  1.061041e+06 1.341818 0 2e+00
1.152792e+06 1.333333  1.152736e+06 1.159696 0 2e+00  1.152773e+06 1.338726 0 2e+00
1.252482e+06 1.333333  1.252512e+06 0.973002 0 2e+00  1.252483e+06 1.334794 0 2e+00
1.360793e+06 1.333333  1.360711e+06 0.789412 0 2e+00  1.360757e+06 1.331512 0 5e+00
1.478471e+06 1.333333  1.478436e+06 0.630096 0 1e+00  1.478448e+06 1.326356 0 2e+00
1.606325e+06 1.333333  1.606330e+06 0.496104 0 1e+00  1.606316e+06 1.319596 0 2e+00
1.745235e+06 1.333333  1.745236e+06 0.363258 0 2e+00  1.745190e+06 1.316364 0 1e+01
1.896158e+06 1.333333  1.896235e+06 0.282032 0 1e+00  1.896146e+06 1.304844 0 5e+00
2.060133e+06 1.333333  2.060139e+06 0.210010 0 1e+00  2.060093e+06 1.295776 0 5e+00
2.238287e+06 1.333333  2.238382e+06 0.152219 0 5e-01  2.238227e+06 1.279704 0 2e+00
2.431848e+06 1.333333  2.431861e+06 0.107927 0 5e-01  2.431852e+06 1.269518 0 5e+00
2.642147e+06 1.333333  2.642084e+06 0.079160 0 5e-01  2.642108e+06 1.257532 0 5e+00
2.870632e+06 1.333333  2.870581e+06 0.059402 0 1e+00  2.870645e+06 1.321806 0 2e+01
3.118877e+06 1.333333  3.118930e+06 0.042103 0 1e+00  3.118930e+06 1.313996 0 2e+01
3.388588e+06 1.333333  3.387529e+06 0.025272 0 2e-01  3.388664e+06 1.206444 0 1e+01
3.681624e+06 1.333333  3.681465e+06 0.019114 0 1e+00  3.681751e+06 1.284592 0 2e+01
4.000000e+06 1.333333  3.999616e+06 0.010571 0 1e-01  3.999770e+06 1.152466 0 1e+01
