# F_set      Vpp_set   F1           Vpp1   OVL1 RNG1  F2           Vpp2   OVL2 RNG2 
1.000000e+03 0.494438  9.999752e+02 8.019700 0 5e+00  9.999752e+02 0.495894 0 5e+00
1.086477e+03 0.494438  1.086462e+03 8.017060 0 1e+01  1.086462e+03 0.495684 0 5e-01
1.180433e+03 0.494438  1.180434e+03 8.016820 0 1e+01  1.180434e+03 0.495672 0 5e-01
1.282513e+03 0.494438  1.282486e+03 8.015720 0 1e+01  1.282486e+03 0.495610 0 5e-01
1.393421e+03 0.494438  1.393425e+03 8.015300 0 1e+01  1.393425e+03 0.495592 0 5e-01
1.513920e+03 0.494438  1.513889e+03 8.014580 0 1e+01  1.513889e+03 0.495540 0 5e-01
1.644840e+03 0.494438  1.644795e+03 8.014180 0 1e+01  1.644795e+03 0.495520 0 5e-01
1.787081e+03 0.494438  1.787051e+03 8.013360 0 1e+01  1.787051e+03 0.495470 0 5e-01
1.941623e+03 0.494438  1.941574e+03 8.012340 0 1e+01  1.941574e+03 0.495414 0 5e-01
2.109529e+03 0.494438  2.109467e+03 8.011880 0 1e+01  2.109467e+03 0.495388 0 5e-01
2.291955e+03 0.494438  2.291899e+03 8.010720 0 1e+01  2.291899e+03 0.495310 0 5e-01
2.490156e+03 0.494438  2.490143e+03 8.010580 0 1e+01  2.490144e+03 0.495302 0 5e-01
2.705498e+03 0.494438  2.705465e+03 8.009340 0 1e+01  2.705465e+03 0.495236 0 5e-01
2.939462e+03 0.494438  2.939419e+03 8.007960 0 1e+01  2.939418e+03 0.495158 0 5e-01
3.193658e+03 0.494438  3.193625e+03 8.008440 0 1e+01  3.193625e+03 0.495184 0 5e-01
3.469836e+03 0.494438  3.469801e+03 8.008540 0 1e+01  3.469802e+03 0.495196 0 5e-01
3.769898e+03 0.494438  3.769850e+03 8.007460 0 1e+01  3.769851e+03 0.495134 0 5e-01
4.095908e+03 0.494438  4.095918e+03 8.006920 0 1e+01  4.095918e+03 0.495100 0 5e-01
4.450111e+03 0.494438  4.450005e+03 8.006600 0 1e+01  4.450006e+03 0.495106 0 5e-01
4.834943e+03 0.494438  4.834832e+03 8.006420 0 1e+01  4.834831e+03 0.495090 0 5e-01
5.253056e+03 0.494438  5.252927e+03 8.006580 0 1e+01  5.252927e+03 0.495104 0 5e-01
5.707325e+03 0.494438  5.707231e+03 8.006360 0 1e+01  5.707234e+03 0.495106 0 5e-01
6.200878e+03 0.494438  6.200732e+03 8.007120 0 1e+01  6.200730e+03 0.495158 0 5e-01
6.737112e+03 0.494438  6.737131e+03 8.006980 0 1e+01  6.737132e+03 0.495172 0 5e-01
7.319719e+03 0.494438  7.319533e+03 8.006180 0 1e+01  7.319531e+03 0.495110 0 5e-01
7.952707e+03 0.494438  7.952588e+03 8.007080 0 1e+01  7.952594e+03 0.495194 0 5e-01
8.640435e+03 0.494438  8.640394e+03 8.007720 0 1e+01  8.640388e+03 0.495274 0 5e-01
9.387635e+03 0.494438  9.387541e+03 8.007880 0 1e+01  9.387549e+03 0.495274 0 5e-01
1.019945e+04 0.494438  1.019921e+04 8.008580 0 1e+01  1.019922e+04 0.495362 0 5e-01
1.108147e+04 0.494438  1.108134e+04 8.009800 0 1e+01  1.108135e+04 0.495460 0 5e-01
1.203976e+04 0.494438  1.203946e+04 8.010540 0 1e+01  1.203946e+04 0.495522 0 5e-01
1.308093e+04 0.494438  1.308083e+04 8.009940 0 1e+01  1.308082e+04 0.495528 0 5e-01
1.421213e+04 0.494438  1.421219e+04 8.009480 0 1e+01  1.421219e+04 0.495550 0 5e-01
1.544116e+04 0.494438  1.544121e+04 8.008380 0 1e+01  1.544122e+04 0.495520 0 5e-01
1.677646e+04 0.494438  1.677621e+04 8.006640 0 1e+01  1.677623e+04 0.495478 0 5e-01
1.822724e+04 0.494438  1.822695e+04 8.004220 0 1e+01  1.822699e+04 0.495392 0 5e-01
1.980348e+04 0.494438  1.980335e+04 8.001120 0 1e+01  1.980339e+04 0.495258 0 5e-01
2.151603e+04 0.494438  2.151585e+04 8.000740 0 1e+01  2.151579e+04 0.495294 0 5e-01
2.337668e+04 0.494438  2.337675e+04 7.997700 0 1e+01  2.337676e+04 0.495230 0 5e-01
2.539823e+04 0.494438  2.539824e+04 7.995860 0 1e+01  2.539827e+04 0.495240 0 5e-01
2.759459e+04 0.494438  2.759418e+04 7.994380 0 1e+01  2.759425e+04 0.495262 0 5e-01
2.998090e+04 0.494438  2.998066e+04 7.991820 0 1e+01  2.998059e+04 0.495230 0 5e-01
3.257356e+04 0.494438  3.257360e+04 7.990800 0 1e+01  3.257350e+04 0.495268 0 5e-01
3.539043e+04 0.494438  3.538957e+04 7.987540 0 1e+01  3.538961e+04 0.495302 0 5e-01
3.845089e+04 0.494438  3.845078e+04 7.984520 0 1e+01  3.845065e+04 0.495312 0 5e-01
4.177601e+04 0.494438  4.177494e+04 7.980920 0 1e+01  4.177499e+04 0.495318 0 5e-01
4.538868e+04 0.494438  4.538763e+04 7.979120 0 1e+01  4.538774e+04 0.495394 0 5e-01
4.931377e+04 0.494438  4.931328e+04 7.974720 0 1e+01  4.931308e+04 0.495384 0 5e-01
5.357828e+04 0.494438  5.357760e+04 7.971540 0 1e+01  5.357739e+04 0.495416 0 5e-01
5.821158e+04 0.494438  5.821040e+04 7.968480 0 1e+01  5.821019e+04 0.495472 0 5e-01
6.324555e+04 0.494438  6.324371e+04 7.964640 0 1e+01  6.324423e+04 0.495478 0 5e-01
6.871485e+04 0.494438  6.871495e+04 7.962040 0 1e+01  6.871514e+04 0.495482 0 5e-01
7.465711e+04 0.494438  7.465747e+04 7.958180 0 1e+01  7.465704e+04 0.495514 0 5e-01
8.111325e+04 0.494438  8.111328e+04 7.955020 0 1e+01  8.111360e+04 0.495494 0 5e-01
8.812769e+04 0.494438  8.812672e+04 7.954280 0 1e+01  8.812744e+04 0.495614 0 5e-01
9.574872e+04 0.494438  9.574872e+04 7.950760 0 1e+01  9.574911e+04 0.495568 0 5e-01
1.040288e+05 0.494438  1.040295e+05 7.948820 0 1e+01  1.040289e+05 0.495590 0 5e-01
1.130249e+05 0.494438  1.130229e+05 7.954320 0 1e+01  1.130223e+05 0.495662 0 5e-01
1.227990e+05 0.494438  1.227993e+05 7.955900 0 1e+01  1.227994e+05 0.495646 0 5e-01
1.334183e+05 0.494438  1.334157e+05 7.959360 0 1e+01  1.334150e+05 0.495642 0 5e-01
1.449559e+05 0.494438  1.449522e+05 7.963640 0 1e+01  1.449533e+05 0.495658 0 5e-01
1.574913e+05 0.494438  1.574891e+05 7.965680 0 1e+01  1.574907e+05 0.495536 0 5e-01
1.711107e+05 0.494438  1.711114e+05 7.952260 0 1e+01  1.711096e+05 0.495660 0 5e-01
1.859079e+05 0.494438  1.859033e+05 7.905320 0 1e+01  1.859054e+05 0.495662 0 5e-01
2.019847e+05 0.494438  2.019820e+05 7.791360 0 1e+01  2.019798e+05 0.495670 0 5e-01
2.194517e+05 0.494438  2.194481e+05 7.595800 0 1e+01  2.194520e+05 0.495632 0 5e-01
2.384293e+05 0.494438  2.384278e+05 7.287080 0 1e+01  2.384246e+05 0.495690 0 5e-01
2.590480e+05 0.494438  2.590454e+05 6.855160 0 1e+01  2.590422e+05 0.495662 0 5e-01
2.814497e+05 0.494438  2.814504e+05 6.381740 0 1e+01  2.814489e+05 0.495710 0 5e-01
3.057887e+05 0.494438  3.057845e+05 5.898680 0 1e+01  3.057841e+05 0.495610 0 5e-01
3.322324e+05 0.494438  3.322238e+05 5.440340 0 1e+01  3.322263e+05 0.495570 0 5e-01
3.609629e+05 0.494438  3.609635e+05 5.004320 0 1e+01  3.609624e+05 0.495406 0 5e-01
3.921780e+05 0.494438  3.921830e+05 4.600580 0 1e+01  3.921681e+05 0.495414 0 5e-01
4.260924e+05 0.494438  4.260987e+05 4.233860 0 5e+00  4.260917e+05 0.495156 0 5e-01
4.629397e+05 0.494438  4.629469e+05 3.891660 0 5e+00  4.629358e+05 0.494974 0 5e-01
5.029734e+05 0.494438  5.029649e+05 3.561600 0 5e+00  5.029667e+05 0.494728 0 5e-01
5.464691e+05 0.494438  5.464414e+05 3.264560 0 5e+00  5.464576e+05 0.494406 0 5e-01
5.937262e+05 0.494438  5.937268e+05 2.984540 0 5e+00  5.937285e+05 0.493868 0 5e-01
6.450699e+05 0.494438  6.450687e+05 2.738580 0 5e+00  6.450606e+05 0.493574 0 5e-01
7.008537e+05 0.494438  7.008500e+05 2.487840 0 5e+00  7.008444e+05 0.493130 0 5e-01
7.614616e+05 0.494438  7.614681e+05 2.253260 0 5e+00  7.614649e+05 0.492580 0 5e-01
8.273106e+05 0.494438  8.272867e+05 2.012620 0 5e+00  8.273145e+05 0.491558 0 5e-01
8.988541e+05 0.494438  8.988148e+05 1.791212 0 5e+00  8.988591e+05 0.491014 0 5e-01
9.765844e+05 0.494438  9.765660e+05 1.592720 0 5e+00  9.765756e+05 0.494536 0 1e+00
1.061037e+06 0.494438  1.061025e+06 1.395248 0 5e+00  1.061028e+06 0.493896 0 1e+00
1.152792e+06 0.494438  1.152774e+06 1.227380 0 2e+00  1.152785e+06 0.488180 0 5e-01
1.252482e+06 0.494438  1.252432e+06 1.033950 0 2e+00  1.252467e+06 0.486910 0 5e-01
1.360793e+06 0.494438  1.360796e+06 0.841776 0 2e+00  1.360768e+06 0.485354 0 5e-01
1.478471e+06 0.494438  1.478448e+06 0.640090 0 2e+00  1.478475e+06 0.491350 0 1e+00
1.606325e+06 0.494438  1.606286e+06 0.480546 0 2e+00  1.606338e+06 0.490524 0 1e+00
1.745235e+06 0.494438  1.745221e+06 0.357414 0 2e+00  1.745246e+06 0.477306 0 2e+00
1.896158e+06 0.494438  1.896081e+06 0.273490 0 1e+00  1.896123e+06 0.488676 0 1e+00
2.060133e+06 0.494438  2.060012e+06 0.193351 0 2e+00  2.060110e+06 0.470984 0 2e+00
2.238287e+06 0.494438  2.238238e+06 0.139930 0 2e+00  2.238295e+06 0.467270 0 5e+00
2.431848e+06 0.494438  2.431967e+06 0.106359 0 1e+00  2.431828e+06 0.461758 0 2e+00
2.642147e+06 0.494438  2.641377e+06 0.071129 0 2e+00  2.642069e+06 0.458154 0 5e+00
2.870632e+06 0.494438  2.870024e+06 0.055165 0 5e-01  2.870590e+06 0.448238 0 2e+00
3.118877e+06 0.494438  3.118737e+06 0.039902 0 1e+00  3.118778e+06 0.443544 0 5e+00
3.388588e+06 0.494438  3.388636e+06 0.029414 0 1e+00  3.388610e+06 0.439784 0 1e+01
3.681624e+06 0.494438  3.681466e+06 0.018761 0 2e-01  3.681659e+06 0.421844 0 2e+00
4.000000e+06 0.494438  3.999826e+06 0.014075 0 1e+00  3.999892e+06 0.464998 0 2e+01
