# F_set      Vpp_set   F0           Vpp0   OVL0 RNG0  F1           Vpp1   OVL1 RNG1
1.000000e+03 0.100000  9.999943e+02 0.111571 0 2e-01  9.999943e+02 0.101549 0 2e-01
1.086477e+03 0.100000  1.086448e+03 0.111581 0 2e-01  1.086448e+03 0.101569 0 2e-01
1.180433e+03 0.100000  1.180419e+03 0.111581 0 2e-01  1.180418e+03 0.101571 0 2e-01
1.282513e+03 0.100000  1.282512e+03 0.111567 0 2e-01  1.282512e+03 0.101560 0 2e-01
1.393421e+03 0.100000  1.393426e+03 0.111553 0 2e-01  1.393426e+03 0.101554 0 2e-01
1.513920e+03 0.100000  1.513882e+03 0.111533 0 2e-01  1.513882e+03 0.101543 0 2e-01
1.644840e+03 0.100000  1.644789e+03 0.111523 0 2e-01  1.644788e+03 0.101537 0 2e-01
1.787081e+03 0.100000  1.787087e+03 0.111499 0 2e-01  1.787087e+03 0.101526 0 2e-01
1.941623e+03 0.100000  1.941575e+03 0.111494 0 2e-01  1.941575e+03 0.101528 0 2e-01
2.109529e+03 0.100000  2.109519e+03 0.111459 0 2e-01  2.109519e+03 0.101508 0 2e-01
2.291955e+03 0.100000  2.291927e+03 0.111452 0 2e-01  2.291928e+03 0.101514 0 2e-01
2.490156e+03 0.100000  2.490115e+03 0.111423 0 2e-01  2.490115e+03 0.101502 0 2e-01
2.705498e+03 0.100000  2.705449e+03 0.111397 0 2e-01  2.705450e+03 0.101497 0 2e-01
2.939462e+03 0.100000  2.939434e+03 0.111370 0 2e-01  2.939436e+03 0.101482 0 2e-01
3.193658e+03 0.100000  3.193661e+03 0.111354 0 2e-01  3.193662e+03 0.101488 0 2e-01
3.469836e+03 0.100000  3.469821e+03 0.111326 0 2e-01  3.469822e+03 0.101482 0 2e-01
3.769898e+03 0.100000  3.769818e+03 0.111289 0 2e-01  3.769817e+03 0.101473 0 2e-01
4.095908e+03 0.100000  4.095914e+03 0.111252 0 2e-01  4.095913e+03 0.101470 0 2e-01
4.450111e+03 0.100000  4.450001e+03 0.111236 0 2e-01  4.449999e+03 0.101482 0 2e-01
4.834943e+03 0.100000  4.834907e+03 0.111180 0 2e-01  4.834906e+03 0.101469 0 2e-01
5.253056e+03 0.100000  5.253061e+03 0.111149 0 2e-01  5.253060e+03 0.101476 0 2e-01
5.707325e+03 0.100000  5.707184e+03 0.111096 0 2e-01  5.707181e+03 0.101469 0 2e-01
6.200878e+03 0.100000  6.200719e+03 0.111042 0 2e-01  6.200717e+03 0.101474 0 2e-01
6.737112e+03 0.100000  6.737092e+03 0.110987 0 2e-01  6.737095e+03 0.101483 0 2e-01
7.319719e+03 0.100000  7.319729e+03 0.110931 0 2e-01  7.319727e+03 0.101493 0 2e-01
7.952707e+03 0.100000  7.952649e+03 0.110853 0 2e-01  7.952657e+03 0.101501 0 2e-01
8.640435e+03 0.100000  8.640387e+03 0.110764 0 2e-01  8.640393e+03 0.101502 0 2e-01
9.387635e+03 0.100000  9.387430e+03 0.110651 0 2e-01  9.387422e+03 0.101500 0 2e-01
1.019945e+04 0.100000  1.019921e+04 0.110580 0 2e-01  1.019920e+04 0.101528 0 2e-01
1.108147e+04 0.100000  1.108127e+04 0.110463 0 2e-01  1.108127e+04 0.101541 0 2e-01
1.203976e+04 0.100000  1.203961e+04 0.110324 0 2e-01  1.203962e+04 0.101553 0 2e-01
1.308093e+04 0.100000  1.308097e+04 0.110180 0 2e-01  1.308097e+04 0.101579 0 2e-01
1.421213e+04 0.100000  1.421182e+04 0.109991 0 2e-01  1.421183e+04 0.101574 0 2e-01
1.544116e+04 0.100000  1.544121e+04 0.109763 0 2e-01  1.544121e+04 0.101559 0 2e-01
1.677646e+04 0.100000  1.677609e+04 0.109531 0 2e-01  1.677608e+04 0.101557 0 2e-01
1.822724e+04 0.100000  1.822703e+04 0.109277 0 2e-01  1.822702e+04 0.101556 0 2e-01
1.980348e+04 0.100000  1.980301e+04 0.109004 0 2e-01  1.980301e+04 0.101554 0 2e-01
2.151603e+04 0.100000  2.151613e+04 0.108667 0 2e-01  2.151613e+04 0.101534 0 2e-01
2.337668e+04 0.100000  2.337630e+04 0.108356 0 2e-01  2.337628e+04 0.101536 0 2e-01
2.539823e+04 0.100000  2.539785e+04 0.108002 0 2e-01  2.539782e+04 0.101516 0 2e-01
2.759459e+04 0.100000  2.759399e+04 0.107647 0 2e-01  2.759398e+04 0.101536 0 2e-01
2.998090e+04 0.100000  2.998019e+04 0.107277 0 2e-01  2.998023e+04 0.101540 0 2e-01
3.257356e+04 0.100000  3.257317e+04 0.106875 0 2e-01  3.257320e+04 0.101517 0 2e-01
3.539043e+04 0.100000  3.538987e+04 0.106520 0 2e-01  3.538983e+04 0.101549 0 2e-01
3.845089e+04 0.100000  3.845003e+04 0.106160 0 2e-01  3.845005e+04 0.101560 0 2e-01
4.177601e+04 0.100000  4.177615e+04 0.105842 0 2e-01  4.177608e+04 0.101557 0 2e-01
4.538868e+04 0.100000  4.538861e+04 0.105547 0 2e-01  4.538866e+04 0.101552 0 2e-01
4.931377e+04 0.100000  4.931301e+04 0.105383 0 2e-01  4.931297e+04 0.101596 0 2e-01
5.357828e+04 0.100000  5.357777e+04 0.105307 0 2e-01  5.357765e+04 0.101597 0 2e-01
5.821158e+04 0.100000  5.821146e+04 0.105392 0 2e-01  5.821136e+04 0.101636 0 2e-01
6.324555e+04 0.100000  6.324502e+04 0.105578 0 2e-01  6.324486e+04 0.101618 0 2e-01
6.871485e+04 0.100000  6.871321e+04 0.105998 0 2e-01  6.871328e+04 0.101641 0 2e-01
7.465711e+04 0.100000  7.465535e+04 0.106641 0 2e-01  7.465530e+04 0.101665 0 2e-01
8.111325e+04 0.100000  8.111353e+04 0.107480 0 2e-01  8.111345e+04 0.101660 0 2e-01
8.812769e+04 0.100000  8.812561e+04 0.108269 0 2e-01  8.812556e+04 0.101694 0 2e-01
9.574872e+04 0.100000  9.574637e+04 0.109321 0 2e-01  9.574634e+04 0.101777 0 2e-01
1.040288e+05 0.100000  1.040267e+05 0.110223 0 2e-01  1.040265e+05 0.101753 0 2e-01
1.130249e+05 0.100000  1.130247e+05 0.111243 0 2e-01  1.130245e+05 0.101754 0 2e-01
1.227990e+05 0.100000  1.227983e+05 0.112293 0 2e-01  1.227987e+05 0.101696 0 2e-01
1.334183e+05 0.100000  1.334157e+05 0.113452 0 2e-01  1.334154e+05 0.101653 0 2e-01
1.449559e+05 0.100000  1.449560e+05 0.114684 0 2e-01  1.449562e+05 0.101512 0 2e-01
1.574913e+05 0.100000  1.574889e+05 0.116009 0 2e-01  1.574896e+05 0.101433 0 2e-01
1.711107e+05 0.100000  1.711067e+05 0.117591 0 2e-01  1.711073e+05 0.101398 0 2e-01
1.859079e+05 0.100000  1.859063e+05 0.119411 0 2e-01  1.859071e+05 0.101422 0 2e-01
2.019847e+05 0.100000  2.019788e+05 0.121506 0 2e-01  2.019799e+05 0.101399 0 2e-01
2.194517e+05 0.100000  2.194484e+05 0.123761 0 2e-01  2.194510e+05 0.101455 0 2e-01
2.384293e+05 0.100000  2.384293e+05 0.126426 0 2e-01  2.384271e+05 0.101405 0 2e-01
2.590480e+05 0.100000  2.590496e+05 0.129548 0 2e-01  2.590487e+05 0.101435 0 2e-01
2.814497e+05 0.100000  2.814505e+05 0.132979 0 2e-01  2.814489e+05 0.101362 0 2e-01
3.057887e+05 0.100000  3.057794e+05 0.136985 0 2e-01  3.057869e+05 0.101402 0 2e-01
3.322324e+05 0.100000  3.322235e+05 0.141751 0 2e-01  3.322254e+05 0.101343 0 2e-01
3.609629e+05 0.100000  3.609556e+05 0.147349 0 2e-01  3.609560e+05 0.101374 0 2e-01
3.921780e+05 0.100000  3.921761e+05 0.153787 0 2e-01  3.921771e+05 0.101302 0 2e-01
4.260924e+05 0.100000  4.260858e+05 0.161329 0 2e-01  4.260937e+05 0.101197 0 2e-01
4.629397e+05 0.100000  4.629366e+05 0.169994 0 2e-01  4.629293e+05 0.101168 0 2e-01
5.029734e+05 0.100000  5.029616e+05 0.179713 0 2e-01  5.029735e+05 0.101104 0 2e-01
5.464691e+05 0.100000  5.464695e+05 0.190756 0 2e-01  5.464642e+05 0.101013 0 2e-01
5.937262e+05 0.100000  5.937170e+05 0.202934 0 2e-01  5.937245e+05 0.100969 0 2e-01
6.450699e+05 0.100000  6.450581e+05 0.215558 0 5e-01  6.450654e+05 0.100854 0 2e-01
7.008537e+05 0.100000  7.008413e+05 0.227604 0 5e-01  7.008531e+05 0.100706 0 2e-01
7.614616e+05 0.100000  7.614545e+05 0.237628 0 5e-01  7.614658e+05 0.100708 0 2e-01
8.273106e+05 0.100000  8.272918e+05 0.244444 0 5e-01  8.273011e+05 0.100531 0 2e-01
8.988541e+05 0.100000  8.988361e+05 0.244368 0 5e-01  8.988578e+05 0.100261 0 2e-01
9.765844e+05 0.100000  9.765721e+05 0.238354 0 5e-01  9.765856e+05 0.100099 0 2e-01
1.061037e+06 0.100000  1.061045e+06 0.225982 0 5e-01  1.061042e+06 0.099845 0 2e-01
1.152792e+06 0.100000  1.152763e+06 0.209802 0 5e-01  1.152770e+06 0.099670 0 1e-01
1.252482e+06 0.100000  1.252478e+06 0.190687 0 5e-01  1.252464e+06 0.099228 0 1e-01
1.360793e+06 0.100000  1.360775e+06 0.169620 0 2e-01  1.360802e+06 0.098706 0 1e-01
1.478471e+06 0.100000  1.478435e+06 0.145481 0 2e-01  1.478484e+06 0.098283 0 1e-01
1.606325e+06 0.100000  1.606293e+06 0.118600 0 2e-01  1.606340e+06 0.097534 0 1e-01
1.745235e+06 0.100000  1.745191e+06 0.091932 0 2e-01  1.745203e+06 0.097025 0 1e-01
1.896158e+06 0.100000  1.896170e+06 0.068048 0 1e-01  1.896144e+06 0.096306 0 1e-01
2.060133e+06 0.100000  2.060135e+06 0.049273 0 1e-01  2.060112e+06 0.095309 0 1e-01
2.238287e+06 0.100000  2.238260e+06 0.034752 0 5e-02  2.238235e+06 0.093935 0 1e-01
2.431848e+06 0.100000  2.431876e+06 0.024498 0 5e-02  2.431785e+06 0.092925 0 1e-01
2.642147e+06 0.100000  2.642154e+06 0.017264 0 5e-02  2.642146e+06 0.091233 0 1e-01
2.870632e+06 0.100000  2.870617e+06 0.011448 0 2e-02  2.870571e+06 0.089717 0 1e-01
3.118877e+06 0.100000  3.118830e+06 0.007932 0 2e-02  3.118795e+06 0.087886 0 1e-01
3.388588e+06 0.100000  3.388523e+06 0.004783 0 1e-02  3.388582e+06 0.085772 0 1e-01
3.681624e+06 0.100000  3.681597e+06 0.003266 0 1e-02  3.681719e+06 0.083273 0 1e-01
4.000000e+06 0.100000  4.000063e+06 0.002322 0 1e-02  4.000162e+06 0.080953 0 1e-01
