# F_set      Vpp_set   F0           Vpp0   OVL0 RNG0  F1           Vpp1   OVL1 RNG1
1.000000e+03 4.545455  9.999887e+02 0.997530 0 5e+00  9.999889e+02 4.534200 0 5e+00
1.086477e+03 4.545455  1.086449e+03 0.997714 0 1e+00  1.086448e+03 4.535660 0 5e+00
1.180433e+03 4.545455  1.180419e+03 0.997466 0 1e+00  1.180420e+03 4.534540 0 5e+00
1.282513e+03 4.545455  1.282506e+03 0.997468 0 1e+00  1.282506e+03 4.534500 0 5e+00
1.393421e+03 4.545455  1.393409e+03 0.997216 0 1e+00  1.393410e+03 4.533300 0 5e+00
1.513920e+03 4.545455  1.513921e+03 0.997178 0 1e+00  1.513921e+03 4.533080 0 5e+00
1.644840e+03 4.545455  1.644806e+03 0.997200 0 1e+00  1.644806e+03 4.533260 0 5e+00
1.787081e+03 4.545455  1.787037e+03 0.997176 0 1e+00  1.787038e+03 4.533000 0 5e+00
1.941623e+03 4.545455  1.941570e+03 0.997024 0 1e+00  1.941570e+03 4.532300 0 5e+00
2.109529e+03 4.545455  2.109466e+03 0.997032 0 1e+00  2.109466e+03 4.532260 0 5e+00
2.291955e+03 4.545455  2.291958e+03 0.996900 0 1e+00  2.291958e+03 4.531560 0 5e+00
2.490156e+03 4.545455  2.490158e+03 0.996844 0 1e+00  2.490158e+03 4.531420 0 5e+00
2.705498e+03 4.545455  2.705458e+03 0.996766 0 1e+00  2.705459e+03 4.530940 0 5e+00
2.939462e+03 4.545455  2.939418e+03 0.996542 0 1e+00  2.939417e+03 4.530000 0 5e+00
3.193658e+03 4.545455  3.193619e+03 0.996766 0 1e+00  3.193620e+03 4.530980 0 5e+00
3.469836e+03 4.545455  3.469793e+03 0.996710 0 1e+00  3.469794e+03 4.530700 0 5e+00
3.769898e+03 4.545455  3.769802e+03 0.996734 0 1e+00  3.769802e+03 4.530820 0 5e+00
4.095908e+03 4.545455  4.095898e+03 0.996554 0 1e+00  4.095899e+03 4.529920 0 5e+00
4.450111e+03 4.545455  4.450122e+03 0.996538 0 1e+00  4.450121e+03 4.529860 0 5e+00
4.834943e+03 4.545455  4.834957e+03 0.996542 0 1e+00  4.834957e+03 4.529880 0 5e+00
5.253056e+03 4.545455  5.252948e+03 0.996538 0 1e+00  5.252947e+03 4.529940 0 5e+00
5.707325e+03 4.545455  5.707319e+03 0.996628 0 1e+00  5.707321e+03 4.530240 0 5e+00
6.200878e+03 4.545455  6.200724e+03 0.996612 0 1e+00  6.200726e+03 4.530280 0 5e+00
6.737112e+03 4.545455  6.736974e+03 0.996530 0 1e+00  6.736978e+03 4.530040 0 5e+00
7.319719e+03 4.545455  7.319727e+03 0.996424 0 1e+00  7.319729e+03 4.529680 0 5e+00
7.952707e+03 4.545455  7.952658e+03 0.996532 0 1e+00  7.952663e+03 4.530540 0 5e+00
8.640435e+03 4.545455  8.640435e+03 0.996534 0 1e+00  8.640439e+03 4.530760 0 5e+00
9.387635e+03 4.545455  9.387657e+03 0.996466 0 1e+00  9.387655e+03 4.530820 0 5e+00
1.019945e+04 4.545455  1.019936e+04 0.996374 0 1e+00  1.019936e+04 4.530840 0 5e+00
1.108147e+04 4.545455  1.108143e+04 0.996432 0 1e+00  1.108142e+04 4.531700 0 5e+00
1.203976e+04 4.545455  1.203977e+04 0.996306 0 1e+00  1.203976e+04 4.531700 0 5e+00
1.308093e+04 4.545455  1.308061e+04 0.996188 0 1e+00  1.308062e+04 4.532140 0 5e+00
1.421213e+04 4.545455  1.421176e+04 0.995996 0 1e+00  1.421176e+04 4.532360 0 5e+00
1.544116e+04 4.545455  1.544079e+04 0.995488 0 1e+00  1.544078e+04 4.531560 0 5e+00
1.677646e+04 4.545455  1.677649e+04 0.994848 0 1e+00  1.677647e+04 4.530340 0 5e+00
1.822724e+04 4.545455  1.822720e+04 0.994296 0 1e+00  1.822722e+04 4.529780 0 5e+00
1.980348e+04 4.545455  1.980318e+04 0.993424 0 1e+00  1.980315e+04 4.528380 0 5e+00
2.151603e+04 4.545455  2.151611e+04 0.992574 0 1e+00  2.151610e+04 4.527620 0 5e+00
2.337668e+04 4.545455  2.337667e+04 0.991654 0 1e+00  2.337664e+04 4.527040 0 5e+00
2.539823e+04 4.545455  2.539778e+04 0.990478 0 1e+00  2.539784e+04 4.526240 0 5e+00
2.759459e+04 4.545455  2.759460e+04 0.989044 0 1e+00  2.759464e+04 4.525120 0 5e+00
2.998090e+04 4.545455  2.998022e+04 0.987608 0 1e+00  2.998028e+04 4.525260 0 5e+00
3.257356e+04 4.545455  3.257272e+04 0.985710 0 1e+00  3.257270e+04 4.524560 0 5e+00
3.539043e+04 4.545455  3.538950e+04 0.983350 0 1e+00  3.538953e+04 4.523040 0 5e+00
3.845089e+04 4.545455  3.845036e+04 0.980830 0 1e+00  3.845023e+04 4.522880 0 5e+00
4.177601e+04 4.545455  4.177511e+04 0.977664 0 1e+00  4.177502e+04 4.521760 0 5e+00
4.538868e+04 4.545455  4.538781e+04 0.974006 0 1e+00  4.538798e+04 4.520620 0 5e+00
4.931377e+04 4.545455  4.931392e+04 0.969688 0 1e+00  4.931386e+04 4.519520 0 5e+00
5.357828e+04 4.545455  5.357698e+04 0.964798 0 1e+00  5.357712e+04 4.518780 0 5e+00
5.821158e+04 4.545455  5.821010e+04 0.959054 0 1e+00  5.821023e+04 4.517740 0 5e+00
6.324555e+04 4.545455  6.324433e+04 0.952258 0 1e+00  6.324465e+04 4.515920 0 5e+00
6.871485e+04 4.545455  6.871320e+04 0.944542 0 1e+00  6.871307e+04 4.514520 0 5e+00
7.465711e+04 4.545455  7.465653e+04 0.935786 0 1e+00  7.465694e+04 4.513100 0 5e+00
8.111325e+04 4.545455  8.111173e+04 0.925966 0 1e+00  8.111134e+04 4.512280 0 5e+00
8.812769e+04 4.545455  8.812628e+04 0.914856 0 1e+00  8.812573e+04 4.511240 0 5e+00
9.574872e+04 4.545455  9.574873e+04 0.902556 0 1e+00  9.574903e+04 4.509560 0 5e+00
1.040288e+05 4.545455  1.040275e+05 0.889022 0 1e+00  1.040267e+05 4.509040 0 5e+00
1.130249e+05 4.545455  1.130226e+05 0.874266 0 1e+00  1.130235e+05 4.508120 0 5e+00
1.227990e+05 4.545455  1.227991e+05 0.858018 0 1e+00  1.227981e+05 4.506280 0 5e+00
1.334183e+05 4.545455  1.334180e+05 0.840872 0 1e+00  1.334187e+05 4.505360 0 5e+00
1.449559e+05 4.545455  1.449539e+05 0.822820 0 1e+00  1.449552e+05 4.504760 0 5e+00
1.574913e+05 4.545455  1.574918e+05 0.803888 0 1e+00  1.574911e+05 4.504580 0 5e+00
1.711107e+05 4.545455  1.711076e+05 0.784380 0 1e+00  1.711064e+05 4.504320 0 5e+00
1.859079e+05 4.545455  1.859061e+05 0.764416 0 1e+00  1.859042e+05 4.504040 0 5e+00
2.019847e+05 4.545455  2.019844e+05 0.744144 0 1e+00  2.019854e+05 4.502660 0 5e+00
2.194517e+05 4.545455  2.194461e+05 0.724488 0 1e+00  2.194478e+05 4.504520 0 5e+00
2.384293e+05 4.545455  2.384283e+05 0.704488 0 1e+00  2.384300e+05 4.502740 0 5e+00
2.590480e+05 4.545455  2.590413e+05 0.685530 0 1e+00  2.590417e+05 4.503940 0 5e+00
2.814497e+05 4.545455  2.814488e+05 0.666880 0 1e+00  2.814506e+05 4.502380 0 5e+00
3.057887e+05 4.545455  3.057807e+05 0.649636 0 1e+00  3.057818e+05 4.503500 0 5e+00
3.322324e+05 4.545455  3.322328e+05 0.632870 0 1e+00  3.322296e+05 4.502140 0 5e+00
3.609629e+05 4.545455  3.609537e+05 0.617942 0 1e+00  3.609562e+05 4.502860 0 5e+00
3.921780e+05 4.545455  3.921782e+05 0.603758 0 1e+00  3.921794e+05 4.500900 0 5e+00
4.260924e+05 4.545455  4.260851e+05 0.591292 0 1e+00  4.260900e+05 4.501060 0 5e+00
4.629397e+05 4.545455  4.629278e+05 0.579922 0 1e+00  4.629286e+05 4.501280 0 5e+00
5.029734e+05 4.545455  5.029648e+05 0.569830 0 1e+00  5.029608e+05 4.499760 0 5e+00
5.464691e+05 4.545455  5.464585e+05 0.561240 0 1e+00  5.464550e+05 4.500540 0 5e+00
5.937262e+05 4.545455  5.937223e+05 0.553778 0 1e+00  5.937159e+05 4.497640 0 5e+00
6.450699e+05 4.545455  6.450712e+05 0.547370 0 1e+00  6.450722e+05 4.493960 0 5e+00
7.008537e+05 4.545455  7.008530e+05 0.542088 0 1e+00  7.008463e+05 4.492000 0 5e+00
7.614616e+05 4.545455  7.614644e+05 0.538060 0 1e+00  7.614614e+05 4.489240 0 5e+00
8.273106e+05 4.545455  8.272890e+05 0.535336 0 1e+00  8.272892e+05 4.488220 0 5e+00
8.988541e+05 4.545455  8.988423e+05 0.532586 0 1e+00  8.988333e+05 4.482940 0 5e+00
9.765844e+05 4.545455  9.765603e+05 0.531120 0 1e+00  9.765696e+05 4.478900 0 5e+00
1.061037e+06 4.545455  1.061035e+06 0.528722 0 1e+00  1.061041e+06 4.465680 0 5e+00
1.152792e+06 4.545455  1.152772e+06 0.527386 0 1e+00  1.152787e+06 4.458720 0 5e+00
1.252482e+06 4.545455  1.252469e+06 0.525240 0 1e+00  1.252484e+06 4.446000 0 5e+00
1.360793e+06 4.545455  1.360773e+06 0.522682 0 1e+00  1.360759e+06 4.437320 0 5e+00
1.478471e+06 4.545455  1.478453e+06 0.519704 0 1e+00  1.478476e+06 4.416400 0 5e+00
1.606325e+06 4.545455  1.606283e+06 0.515548 0 1e+00  1.606300e+06 4.401460 0 5e+00
1.745235e+06 4.545455  1.745214e+06 0.509498 0 1e+00  1.745246e+06 4.376980 0 5e+00
1.896158e+06 4.545455  1.896156e+06 0.499766 0 1e+00  1.896175e+06 4.345640 0 5e+00
2.060133e+06 4.545455  2.060078e+06 0.473358 0 5e-01  2.060137e+06 4.316140 0 5e+00
2.238287e+06 4.545455  2.238223e+06 0.455116 0 5e-01  2.238275e+06 4.287140 0 5e+00
2.431848e+06 4.545455  2.431793e+06 0.434282 0 5e-01  2.431810e+06 4.238040 0 5e+00
2.642147e+06 4.545455  2.642152e+06 0.410042 0 5e-01  2.642137e+06 4.177040 0 5e+00
2.870632e+06 4.545455  2.870641e+06 0.382040 0 5e-01  2.870535e+06 4.132040 0 5e+00
3.118877e+06 4.545455  3.118843e+06 0.353386 0 5e-01  3.118805e+06 4.074000 0 5e+00
3.388588e+06 4.545455  3.388447e+06 0.325390 0 5e-01  3.388609e+06 3.982140 0 5e+00
3.681624e+06 4.545455  3.681757e+06 0.296114 0 5e-01  3.681453e+06 3.894720 0 5e+00
4.000000e+06 4.545455  4.000000e+06 0.269862 0 5e-01  3.999892e+06 3.787280 0 5e+00
