# F_set      Vpp_set   F0           Vpp0   OVL0 RNG0  F1           Vpp1   OVL1 RNG1
1.000000e+03 0.019608  9.999945e+02 0.950146 0 1e+00  9.999948e+02 0.018631 0 1e+00
1.086477e+03 0.019608  1.086479e+03 0.951344 0 2e+00  1.086479e+03 0.018636 0 5e-02
1.180433e+03 0.019608  1.180406e+03 0.951954 0 2e+00  1.180406e+03 0.018649 0 5e-02
1.282513e+03 0.019608  1.282515e+03 0.951524 0 2e+00  1.282515e+03 0.018641 0 5e-02
1.393421e+03 0.019608  1.393393e+03 0.951666 0 2e+00  1.393392e+03 0.018646 0 5e-02
1.513920e+03 0.019608  1.513909e+03 0.952058 0 2e+00  1.513908e+03 0.018655 0 5e-02
1.644840e+03 0.019608  1.644826e+03 0.951146 0 2e+00  1.644826e+03 0.018634 0 5e-02
1.787081e+03 0.019608  1.787047e+03 0.951078 0 2e+00  1.787048e+03 0.018635 0 5e-02
1.941623e+03 0.019608  1.941623e+03 0.951142 0 2e+00  1.941622e+03 0.018636 0 5e-02
2.109529e+03 0.019608  2.109517e+03 0.950948 0 2e+00  2.109516e+03 0.018634 0 5e-02
2.291955e+03 0.019608  2.291895e+03 0.950720 0 2e+00  2.291895e+03 0.018630 0 5e-02
2.490156e+03 0.019608  2.490132e+03 0.950502 0 2e+00  2.490134e+03 0.018627 0 5e-02
2.705498e+03 0.019608  2.705456e+03 0.951094 0 2e+00  2.705452e+03 0.018640 0 5e-02
2.939462e+03 0.019608  2.939483e+03 0.951036 0 2e+00  2.939486e+03 0.018641 0 5e-02
3.193658e+03 0.019608  3.193629e+03 0.950210 0 2e+00  3.193625e+03 0.018622 0 5e-02
3.469836e+03 0.019608  3.469758e+03 0.949798 0 2e+00  3.469762e+03 0.018614 0 5e-02
3.769898e+03 0.019608  3.769887e+03 0.950072 0 2e+00  3.769883e+03 0.018623 0 5e-02
4.095908e+03 0.019608  4.095866e+03 0.949572 0 2e+00  4.095874e+03 0.018616 0 5e-02
4.450111e+03 0.019608  4.449987e+03 0.949842 0 2e+00  4.449990e+03 0.018628 0 5e-02
4.834943e+03 0.019608  4.834803e+03 0.949958 0 2e+00  4.834803e+03 0.018628 0 5e-02
5.253056e+03 0.019608  5.252964e+03 0.949288 0 2e+00  5.252958e+03 0.018621 0 5e-02
5.707325e+03 0.019608  5.707282e+03 0.948868 0 2e+00  5.707291e+03 0.018617 0 5e-02
6.200878e+03 0.019608  6.200883e+03 0.947788 0 2e+00  6.200888e+03 0.018597 0 5e-02
6.737112e+03 0.019608  6.737033e+03 0.947724 0 2e+00  6.737041e+03 0.018602 0 5e-02
7.319719e+03 0.019608  7.319486e+03 0.948082 0 2e+00  7.319485e+03 0.018615 0 5e-02
7.952707e+03 0.019608  7.952750e+03 0.950616 0 2e+00  7.952797e+03 0.018690 0 5e-02
8.640435e+03 0.019608  8.640309e+03 0.947246 0 2e+00  8.640279e+03 0.018616 0 5e-02
9.387635e+03 0.019608  9.387348e+03 0.947774 0 2e+00  9.387355e+03 0.018643 0 5e-02
1.019945e+04 0.019608  1.019920e+04 0.945552 0 2e+00  1.019922e+04 0.018603 0 5e-02
1.108147e+04 0.019608  1.108121e+04 0.946048 0 2e+00  1.108119e+04 0.018626 0 5e-02
1.203976e+04 0.019608  1.203977e+04 0.948010 0 1e+00  1.203980e+04 0.018680 0 2e-02
1.308093e+04 0.019608  1.308069e+04 0.943716 0 2e+00  1.308063e+04 0.018624 0 5e-02
1.421213e+04 0.019608  1.421183e+04 0.943124 0 2e+00  1.421181e+04 0.018636 0 5e-02
1.544116e+04 0.019608  1.544097e+04 0.943930 0 1e+00  1.544105e+04 0.018681 0 2e-02
1.677646e+04 0.019608  1.677641e+04 0.939966 0 2e+00  1.677640e+04 0.018639 0 5e-02
1.822724e+04 0.019608  1.822718e+04 0.936964 0 2e+00  1.822731e+04 0.018614 0 5e-02
1.980348e+04 0.019608  1.980312e+04 0.935812 0 1e+00  1.980312e+04 0.018623 0 2e-02
2.151603e+04 0.019608  2.151565e+04 0.932720 0 2e+00  2.151561e+04 0.018620 0 5e-02
2.337668e+04 0.019608  2.337590e+04 0.930792 0 1e+00  2.337590e+04 0.018630 0 2e-02
2.539823e+04 0.019608  2.539800e+04 0.926412 0 2e+00  2.539802e+04 0.018645 0 5e-02
2.759459e+04 0.019608  2.759423e+04 0.923658 0 2e+00  2.759450e+04 0.018674 0 5e-02
2.998090e+04 0.019608  2.998122e+04 0.918908 0 2e+00  2.998123e+04 0.018682 0 5e-02
3.257356e+04 0.019608  3.257343e+04 0.912294 0 2e+00  3.257316e+04 0.018665 0 5e-02
3.539043e+04 0.019608  3.538982e+04 0.905396 0 2e+00  3.539015e+04 0.018649 0 5e-02
3.845089e+04 0.019608  3.845046e+04 0.897320 0 2e+00  3.844992e+04 0.018647 0 5e-02
4.177601e+04 0.019608  4.177496e+04 0.889700 0 2e+00  4.177534e+04 0.018661 0 5e-02
4.538868e+04 0.019608  4.538777e+04 0.882660 0 1e+00  4.538741e+04 0.018649 0 2e-02
4.931377e+04 0.019608  4.931342e+04 0.869026 0 2e+00  4.931361e+04 0.018676 0 5e-02
5.357828e+04 0.019608  5.357805e+04 0.860078 0 1e+00  5.357750e+04 0.018664 0 2e-02
5.821158e+04 0.019608  5.821076e+04 0.842078 0 2e+00  5.821060e+04 0.018657 0 5e-02
6.324555e+04 0.019608  6.324565e+04 0.834794 0 1e+00  6.324620e+04 0.018822 0 2e-02
6.871485e+04 0.019608  6.871362e+04 0.813654 0 1e+00  6.871500e+04 0.018672 0 2e-02
7.465711e+04 0.019608  7.465598e+04 0.795164 0 1e+00  7.465733e+04 0.018677 0 2e-02
8.111325e+04 0.019608  8.111094e+04 0.768784 0 2e+00  8.111220e+04 0.018676 0 5e-02
8.812769e+04 0.019608  8.812628e+04 0.751606 0 1e+00  8.812960e+04 0.018671 0 2e-02
9.574872e+04 0.019608  9.574626e+04 0.728372 0 1e+00  9.574789e+04 0.018709 0 2e-02
1.040288e+05 0.019608  1.040267e+05 0.702056 0 1e+00  1.040272e+05 0.018708 0 2e-02
1.130249e+05 0.019608  1.130212e+05 0.676120 0 1e+00  1.130233e+05 0.018785 0 2e-02
1.227990e+05 0.019608  1.228007e+05 0.646238 0 1e+00  1.227974e+05 0.018717 0 2e-02
1.334183e+05 0.019608  1.334197e+05 0.616628 0 1e+00  1.334157e+05 0.018758 0 2e-02
1.449559e+05 0.019608  1.449537e+05 0.585980 0 1e+00  1.449573e+05 0.018758 0 2e-02
1.574913e+05 0.019608  1.574878e+05 0.547018 0 2e+00  1.574899e+05 0.018716 0 5e-02
1.711107e+05 0.019608  1.711059e+05 0.522100 0 1e+00  1.711101e+05 0.018769 0 2e-02
1.859079e+05 0.019608  1.859088e+05 0.483024 0 2e+00  1.859058e+05 0.018719 0 5e-02
2.019847e+05 0.019608  2.019822e+05 0.456542 0 5e-01  2.019865e+05 0.018700 0 2e-02
2.194517e+05 0.019608  2.194499e+05 0.424016 0 5e-01  2.194481e+05 0.018720 0 2e-02
2.384293e+05 0.019608  2.384260e+05 0.393058 0 1e+00  2.384288e+05 0.018722 0 5e-02
2.590480e+05 0.019608  2.590463e+05 0.361950 0 1e+00  2.590482e+05 0.018694 0 5e-02
2.814497e+05 0.019608  2.814476e+05 0.331276 0 5e-01  2.814431e+05 0.018769 0 2e-02
3.057887e+05 0.019608  3.057698e+05 0.301728 0 5e-01  3.057784e+05 0.018763 0 2e-02
3.322324e+05 0.019608  3.322190e+05 0.272586 0 5e-01  3.322086e+05 0.018680 0 2e-02
3.609629e+05 0.019608  3.609704e+05 0.245048 0 5e-01  3.609583e+05 0.018707 0 2e-02
3.921780e+05 0.019608  3.921736e+05 0.218878 0 5e-01  3.921712e+05 0.018702 0 2e-02
4.260924e+05 0.019608  4.260945e+05 0.193962 0 5e-01  4.260967e+05 0.018671 0 2e-02
4.629397e+05 0.019608  4.629395e+05 0.170356 0 2e-01  4.629337e+05 0.018646 0 2e-02
5.029734e+05 0.019608  5.029706e+05 0.148740 0 2e-01  5.029746e+05 0.018630 0 2e-02
5.464691e+05 0.019608  5.464560e+05 0.128932 0 2e-01  5.464608e+05 0.018612 0 2e-02
5.937262e+05 0.019608  5.937194e+05 0.110573 0 2e-01  5.937244e+05 0.018575 0 2e-02
6.450699e+05 0.019608  6.450556e+05 0.095120 0 2e-01  6.450693e+05 0.018561 0 2e-02
7.008537e+05 0.019608  7.008689e+05 0.080742 0 1e-01  7.008540e+05 0.018488 0 2e-02
7.614616e+05 0.019608  7.614770e+05 0.066174 0 1e-01  7.614405e+05 0.018223 0 2e-02
8.273106e+05 0.019608  8.273214e+05 0.056710 0 1e-01  8.272916e+05 0.018448 0 2e-02
8.988541e+05 0.019608  8.988643e+05 0.047929 0 1e-01  8.988578e+05 0.018360 0 2e-02
9.765844e+05 0.019608  9.765433e+05 0.040252 0 1e-01  9.765448e+05 0.018472 0 5e-02
1.061037e+06 0.019608  1.061042e+06 0.034292 0 1e-01  1.061004e+06 0.018449 0 5e-02
1.152792e+06 0.019608  1.152804e+06 0.028151 0 5e-02  1.152763e+06 0.018102 0 2e-02
1.252482e+06 0.019608  1.252534e+06 0.023719 0 5e-02  1.252449e+06 0.018089 0 2e-02
1.360793e+06 0.019608  1.360734e+06 0.019838 0 1e-01  1.360759e+06 0.018203 0 5e-02
1.478471e+06 0.019608  1.478490e+06 0.016671 0 5e-02  1.478487e+06 0.018146 0 5e-02
1.606325e+06 0.019608  1.606309e+06 0.014119 0 1e-01  1.606336e+06 0.018049 0 1e-01
1.745235e+06 0.019608  1.745162e+06 0.011964 0 1e-01  1.745314e+06 0.018000 0 1e-01
1.896158e+06 0.019608  1.896237e+06 0.010072 0 1e-01  1.896099e+06 0.017657 0 1e-01
2.060133e+06 0.019608  2.060033e+06 0.008539 0 1e-01  2.060088e+06 0.017649 0 1e-01
2.238287e+06 0.019608  2.238314e+06 0.007220 0 5e-02  2.238406e+06 0.017537 0 1e-01
2.431848e+06 0.019608  2.431821e+06 0.006155 0 1e-01  2.431797e+06 0.017399 0 2e-01
2.642147e+06 0.019608  0.000000e+00 0.000000 0 1e-02  2.642215e+06 0.016044 0 2e-02
2.870632e+06 0.019608  2.870485e+06 0.004356 0 5e-02  2.870436e+06 0.016778 0 1e-01
3.118877e+06 0.019608  0.000000e+00 0.000000 0 1e-02  3.118756e+06 0.015259 0 2e-02
3.388588e+06 0.019608  3.388970e+06 0.003297 0 5e-02  3.388478e+06 0.016215 0 1e-01
3.681624e+06 0.019608  0.000000e+00 0.000000 0 1e-02  3.681855e+06 0.014060 0 2e-02
4.000000e+06 0.019608  0.000000e+00 0.000000 0 1e-02  4.000140e+06 0.013687 0 2e-02
