# F_set      Vpp_set   F0           Vpp0   OVL0 RNG0  F1           Vpp1   OVL1 RNG1
1.000000e+03 0.010000  9.999796e+02 0.992986 0 1e+00  9.999796e+02 0.009948 0 1e+00
1.086477e+03 0.010000  1.086446e+03 0.996618 0 5e+00  1.086444e+03 0.009973 0 5e-02
1.180433e+03 0.010000  1.180404e+03 0.994086 0 5e+00  1.180405e+03 0.009946 0 5e-02
1.282513e+03 0.010000  1.282505e+03 0.994518 0 5e+00  1.282507e+03 0.009951 0 5e-02
1.393421e+03 0.010000  1.393407e+03 0.995114 0 5e+00  1.393406e+03 0.009957 0 5e-02
1.513920e+03 0.010000  1.513922e+03 0.994896 0 5e+00  1.513921e+03 0.009956 0 5e-02
1.644840e+03 0.010000  1.644825e+03 0.994312 0 5e+00  1.644823e+03 0.009950 0 5e-02
1.787081e+03 0.010000  1.787024e+03 0.995208 0 5e+00  1.787022e+03 0.009959 0 5e-02
1.941623e+03 0.010000  1.941616e+03 0.994330 0 5e+00  1.941617e+03 0.009952 0 5e-02
2.109529e+03 0.010000  2.109543e+03 0.994642 0 5e+00  2.109543e+03 0.009955 0 5e-02
2.291955e+03 0.010000  2.291873e+03 0.996082 0 5e+00  2.291869e+03 0.009970 0 5e-02
2.490156e+03 0.010000  2.490097e+03 0.995384 0 5e+00  2.490095e+03 0.009966 0 5e-02
2.705498e+03 0.010000  2.705427e+03 0.996952 0 5e+00  2.705425e+03 0.009985 0 5e-02
2.939462e+03 0.010000  2.939433e+03 0.995040 0 5e+00  2.939440e+03 0.009963 0 5e-02
3.193658e+03 0.010000  3.193564e+03 0.993772 0 5e+00  3.193556e+03 0.009950 0 5e-02
3.469836e+03 0.010000  3.469813e+03 0.993872 0 5e+00  3.469809e+03 0.009956 0 5e-02
3.769898e+03 0.010000  3.769864e+03 0.995220 0 5e+00  3.769872e+03 0.009972 0 5e-02
4.095908e+03 0.010000  4.095895e+03 0.990954 0 5e+00  4.095902e+03 0.009930 0 5e-02
4.450111e+03 0.010000  4.450014e+03 0.992810 0 5e+00  4.450012e+03 0.009952 0 5e-02
4.834943e+03 0.010000  4.834944e+03 0.993434 0 5e+00  4.834943e+03 0.009963 0 5e-02
5.253056e+03 0.010000  5.252969e+03 0.991106 0 5e+00  5.252978e+03 0.009942 0 5e-02
5.707325e+03 0.010000  5.707308e+03 0.991288 0 5e+00  5.707312e+03 0.009948 0 5e-02
6.200878e+03 0.010000  6.200867e+03 0.991686 0 5e+00  6.200842e+03 0.009962 0 5e-02
6.737112e+03 0.010000  6.736911e+03 0.990460 0 5e+00  6.736881e+03 0.009957 0 5e-02
7.319719e+03 0.010000  7.319538e+03 0.990094 0 5e+00  7.319542e+03 0.009963 0 5e-02
7.952707e+03 0.010000  7.951994e+03 0.977584 0 5e+00  7.951939e+03 0.009831 0 5e-02
8.640435e+03 0.010000  8.640210e+03 0.987074 0 5e+00  8.640219e+03 0.009944 0 5e-02
9.387635e+03 0.010000  9.387540e+03 0.990478 0 5e+00  9.387487e+03 0.009995 0 5e-02
1.019945e+04 0.010000  1.019932e+04 0.983880 0 5e+00  1.019927e+04 0.009944 0 5e-02
1.108147e+04 0.010000  1.108131e+04 0.985344 0 5e+00  1.108138e+04 0.009978 0 5e-02
1.203976e+04 0.010000  1.203949e+04 0.982024 0 2e+00  1.203944e+04 0.009957 0 2e-02
1.308093e+04 0.010000  1.308062e+04 0.979818 0 5e+00  1.308053e+04 0.009962 0 5e-02
1.421213e+04 0.010000  1.421222e+04 0.976574 0 5e+00  1.421222e+04 0.009956 0 5e-02
1.544116e+04 0.010000  1.544118e+04 0.980282 0 5e+00  1.544120e+04 0.010032 0 5e-02
1.677646e+04 0.010000  1.677646e+04 0.968952 0 5e+00  1.677631e+04 0.009956 0 5e-02
1.822724e+04 0.010000  1.822683e+04 0.971776 0 5e+00  1.822696e+04 0.010033 0 5e-02
1.980348e+04 0.010000  1.980307e+04 0.961066 0 5e+00  1.980277e+04 0.009975 0 5e-02
2.151603e+04 0.010000  2.151574e+04 0.957136 0 5e+00  2.151566e+04 0.010001 0 5e-02
2.337668e+04 0.010000  2.337538e+04 0.949274 0 5e+00  2.337527e+04 0.009977 0 5e-02
2.539823e+04 0.010000  2.539737e+04 0.947756 0 5e+00  2.539759e+04 0.010064 0 5e-02
2.759459e+04 0.010000  2.759415e+04 0.939844 0 2e+00  2.759427e+04 0.010074 0 2e-02
2.998090e+04 0.010000  2.998061e+04 0.925502 0 2e+00  2.998070e+04 0.010024 0 2e-02
3.257356e+04 0.010000  3.257333e+04 0.917014 0 2e+00  3.257291e+04 0.010071 0 2e-02
3.539043e+04 0.010000  3.538989e+04 0.903048 0 2e+00  3.538986e+04 0.010069 0 2e-02
3.845089e+04 0.010000  3.845116e+04 0.888176 0 5e+00  3.845108e+04 0.010087 0 5e-02
4.177601e+04 0.010000  4.177462e+04 0.868428 0 5e+00  4.177499e+04 0.010063 0 5e-02
4.538868e+04 0.010000  4.538713e+04 0.848674 0 2e+00  4.538779e+04 0.010039 0 2e-02
4.931377e+04 0.010000  4.931383e+04 0.827030 0 2e+00  4.931333e+04 0.010040 0 2e-02
5.357828e+04 0.010000  5.357918e+04 0.807492 0 1e+00  5.357796e+04 0.010038 0 2e-02
5.821158e+04 0.010000  5.821233e+04 0.781544 0 2e+00  5.821085e+04 0.010074 0 5e-02
6.324555e+04 0.010000  6.324227e+04 0.750138 0 1e+00  6.324321e+04 0.009977 0 2e-02
6.871485e+04 0.010000  6.871138e+04 0.729248 0 1e+00  6.870952e+04 0.010091 0 2e-02
7.465711e+04 0.010000  7.465675e+04 0.695188 0 1e+00  7.465553e+04 0.010007 0 2e-02
8.111325e+04 0.010000  8.111234e+04 0.667546 0 1e+00  8.111114e+04 0.010089 0 2e-02
8.812769e+04 0.010000  8.812271e+04 0.630750 0 2e+00  8.812519e+04 0.010082 0 5e-02
9.574872e+04 0.010000  9.574813e+04 0.601346 0 1e+00  9.574434e+04 0.010074 0 2e-02
1.040288e+05 0.010000  1.040298e+05 0.566762 0 1e+00  1.040254e+05 0.010037 0 2e-02
1.130249e+05 0.010000  1.130238e+05 0.527710 0 2e+00  1.130240e+05 0.010043 0 5e-02
1.227990e+05 0.010000  1.227959e+05 0.497910 0 1e+00  1.227998e+05 0.009988 0 2e-02
1.334183e+05 0.010000  1.334169e+05 0.462700 0 1e+00  1.334149e+05 0.009945 0 2e-02
1.449559e+05 0.010000  1.449540e+05 0.430778 0 1e+00  1.449598e+05 0.009934 0 2e-02
1.574913e+05 0.010000  1.574862e+05 0.398010 0 1e+00  1.574907e+05 0.009898 0 2e-02
1.711107e+05 0.010000  1.711090e+05 0.368434 0 5e-01  1.711121e+05 0.009881 0 2e-02
1.859079e+05 0.010000  1.859052e+05 0.337918 0 5e-01  1.859092e+05 0.009908 0 2e-02
2.019847e+05 0.010000  2.019812e+05 0.309806 0 5e-01  2.019790e+05 0.009886 0 2e-02
2.194517e+05 0.010000  2.194488e+05 0.283070 0 5e-01  2.194547e+05 0.009913 0 2e-02
2.384293e+05 0.010000  2.384182e+05 0.257436 0 5e-01  2.384306e+05 0.009897 0 2e-02
2.590480e+05 0.010000  2.590681e+05 0.234278 0 5e-01  2.590593e+05 0.010002 0 2e-02
2.814497e+05 0.010000  2.814581e+05 0.207434 0 5e-01  2.814456e+05 0.009846 0 2e-02
3.057887e+05 0.010000  3.058059e+05 0.185512 0 5e-01  3.057899e+05 0.009910 0 2e-02
3.322324e+05 0.010000  3.322475e+05 0.166099 0 5e-01  3.322670e+05 0.009979 0 2e-02
3.609629e+05 0.010000  3.609409e+05 0.146622 0 2e-01  3.609660e+05 0.009914 0 2e-02
3.921780e+05 0.010000  3.921498e+05 0.128711 0 2e-01  3.921648e+05 0.009934 0 2e-02
4.260924e+05 0.010000  4.260776e+05 0.111384 0 2e-01  4.260994e+05 0.009842 0 2e-02
4.629397e+05 0.010000  4.629317e+05 0.097033 0 2e-01  4.629397e+05 0.009924 0 2e-02
5.029734e+05 0.010000  5.029731e+05 0.082769 0 5e-01  5.029745e+05 0.009883 0 5e-02
5.464691e+05 0.010000  5.464667e+05 0.070993 0 2e-01  5.464571e+05 0.009841 0 5e-02
5.937262e+05 0.010000  5.937201e+05 0.060735 0 2e-01  5.937316e+05 0.009918 0 5e-02
6.450699e+05 0.010000  6.450127e+05 0.051019 0 2e-01  6.450345e+05 0.009853 0 5e-02
7.008537e+05 0.010000  7.009131e+05 0.043102 0 2e-01  7.008233e+05 0.009729 0 5e-02
7.614616e+05 0.010000  7.614112e+05 0.037708 0 2e-01  7.614654e+05 0.009674 0 5e-02
8.273106e+05 0.010000  8.272714e+05 0.029972 0 1e-01  8.272885e+05 0.009860 0 5e-02
8.988541e+05 0.010000  8.989001e+05 0.025334 0 2e-01  8.988971e+05 0.009800 0 1e-01
9.765844e+05 0.010000  9.765497e+05 0.021261 0 1e-01  9.765884e+05 0.009757 0 5e-02
1.061037e+06 0.010000  1.060999e+06 0.017648 0 2e-01  1.061015e+06 0.009764 0 1e-01
1.152792e+06 0.010000  1.152743e+06 0.014535 0 2e-01  1.152752e+06 0.009675 0 1e-01
1.252482e+06 0.010000  1.252452e+06 0.012505 0 5e-02  1.252437e+06 0.009682 0 5e-02
1.360793e+06 0.010000  0.000000e+00 0.000000 0 2e-02  1.360794e+06 0.009491 0 2e-02
1.478471e+06 0.010000  0.000000e+00 0.000000 0 2e-02  1.478425e+06 0.009719 0 5e-02
1.606325e+06 0.010000  1.606556e+06 0.007466 0 2e-01  1.606379e+06 0.009694 0 5e-01
1.745235e+06 0.010000  1.744746e+06 0.006190 0 1e-01  1.745198e+06 0.009396 0 2e-01
1.896158e+06 0.010000  1.894792e+06 0.005098 0 1e-01  1.895536e+06 0.009671 0 2e-01
2.060133e+06 0.010000  0.000000e+00 0.000000 0 1e-02  2.060123e+06 0.009271 0 2e-02
2.238287e+06 0.010000  0.000000e+00 0.000000 0 2e-02  2.238600e+06 0.009299 0 5e-02
2.431848e+06 0.010000  2.432477e+06 0.003474 0 2e-01  2.431865e+06 0.009398 0 5e-01
2.642147e+06 0.010000  2.640270e+06 0.003102 0 1e-01  2.642470e+06 0.009210 0 2e-01
2.870632e+06 0.010000  2.845947e+06 0.000505 0 1e-01  2.870532e+06 0.008820 0 2e-01
3.118877e+06 0.010000  0.000000e+00 0.000000 0 1e-02  3.119537e+06 0.008341 0 2e-02
3.388588e+06 0.010000  3.384447e+06 0.001616 0 1e-01  3.388346e+06 0.008600 0 2e-01
3.681624e+06 0.010000  0.000000e+00 0.000000 0 1e-02  3.681433e+06 0.007391 0 2e-02
4.000000e+06 0.010000  0.000000e+00 0.000000 0 2e-02  3.998450e+06 0.007601 0 2e-02
